1	A.A.CTTTT	0.36048251641472

Enrichment score matrix

A:	-0.0742857142857143	-0.0185714285714286	-0.0513784461152882	-0.0570175438596491	0.139947865754317	0.0812379110251451	0.108394033992369	-0.0239284228048273	-0.0612403100775194	-0.0655241935483871	-0.0426747311827957	0.0205902539464653	-0.0400624349635796	0.0112160566706021	-0.0023084025854109	0.0196969696969697	0.096969696969697
C:	-0.0645161290322581	-0.169387755102041	-0.0277777777777778	0.0646997929606625	0.0307716338644174	0.0172675521821632	-0.0495923913043478	0.117441860465116	0.0855787476280835	-0.0361057382333978	-0.0577956989247312	-0.0531914893617021	0.0349864130434783	0.109189189189189	0.0133887349953832	0.0390070921985816	-0.10952380952381
G:	0.0921658986175115	0.102002503128911	0.0182872435325602	-0.0798941798941799	-0.102105263157895	-0.0334063526834611	-0.00141843971631206	-0.03125	-0.078125	-0.0253289473684211	-0.0382081686429512	-0.084005376344086	-0.0950715950715951	-0.0135814889336016	-0.0696969696969697	-0.0394736842105263	-0.0357142857142857
T:	0.0526315789473684	0.0676328502415459	0.115927419354839	0.0727777777777778	-0.0614206581948517	-0.052827380952381	-0.0465353260869565	-0.0569767441860465	0.0844961240310078	0.129032258064516	0.14824982841455	0.118393960192176	0.109434616718696	-0.0761316872427984	0.0325670498084291	-0.00317460317460317	0.0653409090909091

Energy matrix for enoLOGOS

A:	0.684196713346802	0.171049178336701	0.473212976505042	0.525150986121449	-1.28896747792889	-0.748228811649903	-0.998345947361276	0.220388918597016	0.564044100299317	0.603500125179891	0.393048799476134	-0.189643247192372	0.368988662144727	-0.10330369956762	0.0212611735271842	-0.181415795205591	-0.893123914858297
C:	0.594215507869431	1.56011887933474	0.25584278811045	-0.595907115164091	-0.283417221693113	-0.159040032988583	0.456762803773275	-1.08167950880185	-0.788209394262098	0.332546138511068	0.532318059133032	0.489911721913627	-0.322236772524982	-1.00566959737253	-0.123314806457668	-0.359268596069993	1.00875156454977
G:	-0.84887929695633	-0.939477772610837	-0.1684317374001	0.735852590565293	0.94042422745441	0.307683878800957	0.0130643125843634	0.287823136624256	0.719557841560639	0.233288226527028	0.351910238191448	0.773718109204989	0.875641750316084	0.125090135836699	0.641932813804401	0.363566067314849	0.328940727570578
T:	-0.484754756419799	-0.622921571051529	-1.06773099070288	-0.670308104849378	0.565705167845393	0.48655815953148	0.428606192581772	0.524775207240504	-0.778238062438298	-1.18843101573886	-1.36543137978508	-1.09044867135614	-1.00793006845594	0.70119875259901	-0.299953613646734	0.0292391757840514	-0.601812012941626

Probability matrix

A:	0.100551282216389	0.153907057109208	0.113489314074283	0.122201743012066	0.613519027685565	0.455882297297174	0.544330227644508	0.157498686469716	0.104713440202235	0.102456011216036	0.114736787743736	0.22988318443129	0.132251661361407	0.21237959020818	0.24558352160092	0.278974635700671	0.456372566375101
C:	0.110018559429021	0.0383701262258876	0.141044983548701	0.374927026683096	0.224451808441042	0.252913081311634	0.127033057474274	0.579106006180244	0.404835565233819	0.134341831661222	0.0998202873946807	0.116514568538316	0.263995502656266	0.523606836805708	0.283783913202478	0.333276897035428	0.0681311162004101
G:	0.465794187326444	0.467255326477539	0.215584597705482	0.0989853347965046	0.0660108797579942	0.158589954052041	0.197976005468711	0.147228072838393	0.0896321199270384	0.148360547987509	0.11955532848661	0.0877252638998145	0.0796827833898064	0.169013967265222	0.132021588609574	0.161764084237425	0.134457056431265
T:	0.323635971028146	0.340467490187366	0.529881104671533	0.403885895508334	0.0960182841153985	0.132614667339151	0.130660709412508	0.116167234511647	0.400818874636907	0.614841609135234	0.665887596374973	0.56587698313058	0.524070052592521	0.0949996057208895	0.338610976587028	0.225984383026476	0.341039260993224



2	AT.CCTAT	0.356824478004506

Enrichment score matrix

A:	0	-0.106995884773663	-0.0256081946222791	-0.0972590627763042	-0.00485142510612492	0.0995762711864407	0.16576354679803	-0.0289351851851852	0.0273410799726589	-0.0103253182461103	-0.0329851566794942	-0.0479145978152929	0.141798941798942	0.00821018062397373	-0.00883838383838384	-0.014519056261343	-0.0808966861598441	-0.121417797888386	0.0104895104895105
C:	0.0166666666666667	-0.0566502463054187	-0.114906832298137	0.00511408339889851	-0.033459595959596	-0.0381818181818182	-0.0986249407302039	-0.112856099342586	-0.0813131313131313	0.113012729844413	0.117520215633423	-0.0440767870674413	-0.0760928224500809	0.0423728813559322	0.0108225108225108	0.0158823529411765	0.0850439882697947	0.04296875	0.0885885885885886
G:	-0.074025974025974	-0.147119341563786	0.0788819875776398	0.10228166797797	0.00473484848484848	0.0695454545454545	0.0336391437308868	0.0183531746031746	-0.0112874779541446	-0.0185185185185185	-0.0876855415063222	-0.0583224115334207	-0.0906022845275182	-0.14394413174901	-0.0265924551638837	0.00725952813067151	-0.0302897278314311	0.0797101449275362	-0.0220588235294118
T:	0.0483870967741935	0.266363636363636	0.0576470588235294	-0.0240909090909091	0.0330859616573902	-0.120770676691729	-0.0974395448079659	0.130088495575221	0.0642217059409227	-0.0824382384532761	0.000766479305058763	0.1435124508519	0.0238095238095238	0.104645760743322	0.0244279529993816	-0.00522317188983856	0.0361952861952862	-0.023153942428035	-0.0612745098039216

Energy matrix for enoLOGOS

A:	0	0.985468517166176	0.235860188783001	0.89578907242916	0.0446832765165612	-0.917131350599323	-1.52673868727586	0.266502904281718	-0.25182065268561	0.0950996954956522	0.303804520241106	0.441309754665194	-1.30601651835429	-0.0756185580622018	0.0814045234896885	0.133725450046841	0.745086014497099	1.11829924576785	-0.0966119619438061
C:	-0.15350567286627	0.521768050629193	1.05833103653142	-0.0471024487945281	0.308174267496678	0.351667541475454	0.908369273291155	1.03944308799877	0.748921616105134	-1.04088570823324	-1.08240118657186	0.405962211394252	0.700840794629596	-0.390268659829499	-0.0996790083547206	-0.146281876496092	-0.783284078555159	-0.395756812858352	-0.815931053973866
G:	0.681804417146289	1.35501921110349	-0.726529954808059	-0.942048975890562	-0.0436095661551903	-0.640537307687435	-0.309827963583297	-0.169038985001547	0.103961513898849	0.1705618587403	0.807613682974272	0.537169261537274	0.834477878977074	1.32577444795696	0.244925563385885	-0.0668627250234206	0.278978703102	-0.73415756588216	0.203169272911239
T:	-0.445661630902073	-2.45329975362638	-0.530949033208039	0.221885472597608	-0.304732968398717	1.11233903928472	0.89745137337179	-1.19815932272611	-0.591503770984863	0.759284235820808	-0.00705953528766698	-1.32179851996251	-0.219293818380385	-0.963823074930376	-0.224989761714941	0.0481071909267512	-0.333370905719677	0.213255690715343	0.564359091420109

Probability matrix

A:	0.236231200941484	0.0290448097287171	0.161026008022563	0.0846581249428678	0.233704274394458	0.460630694455636	0.67921783101237	0.136359868452346	0.287957544161084	0.179977544907419	0.143503445944625	0.113958769762846	0.629197021665031	0.198145556709122	0.22695386912707	0.215765964732927	0.0985748739181786	0.0694799951990506	0.231998925099897
C:	0.275425359185682	0.0461796981278757	0.0707459325706046	0.217350793448136	0.17957007837073	0.129515133232064	0.0594915286656711	0.0629510410979494	0.105855058352598	0.560493416299482	0.573962897240023	0.118058971428927	0.0845706368879257	0.271415809476879	0.272007682115634	0.285488472061769	0.454494809709174	0.315795524854941	0.476301868380303
G:	0.119462984867581	0.0200712633211014	0.421557436913017	0.531901932572233	0.255277036770645	0.349324951598703	0.201146030449931	0.210785150754296	0.201750318649701	0.166895844021678	0.0867083237680079	0.103541987560883	0.0739914865759504	0.0487940748993485	0.192717567681222	0.263692196014601	0.157106467445539	0.442967181064338	0.171906633959003
T:	0.368880455005253	0.904704228822306	0.346670622493815	0.166089149036764	0.331448610464166	0.0605292207135967	0.0601446098720283	0.589903939695409	0.404437078836617	0.0926331947714203	0.195825333047344	0.664440271247344	0.212240854871093	0.481644558914651	0.308320881076074	0.235053367190703	0.289823848927109	0.171757298881671	0.119792572560797



3	AA.C.GGCG	0.355988593155894

Enrichment score matrix

A:	0.0230769230769231	-0.0565843621399177	0.033125	0.0453658536585366	0.153994845360825	0.157216494845361	-0.0455729166666667	-0.14014175257732	0.0205078125	-0.0523989898989899	-0.0462239583333333	-0.0885989010989011	-0.128947368421053	-0.0253658536585366	0.156981436642454	-0.0171875	0.157258064516129
C:	-0.0479115479115479	0.103448275862069	-0.0704874835309618	-0.123417721518987	-0.0956228956228956	-0.0199742268041237	0.111979166666667	0.218105670103093	-0.041015625	-0.0679768041237113	-0.00558213716108453	0.192651098901099	-0.0705645161290323	-0.081918505942275	-0.161998132586368	-0.156529516994633	-0.00324675324675325
G:	0.0413105413105413	0.011671335200747	-0.15187969924812	0.102314814814815	0.00157828282828283	-0.0621778350515464	-0.0413411458333333	0.0391414141414141	-0.0534290271132376	0.178801546391753	0.149739583333333	-0.0719002201027146	0.191447368421053	0.11231884057971	0.0125107851596204	0.0885509838998211	-0.0194805194805195
T:	-0.0111111111111111	-0.0412115193644489	0.173677069199457	-0.0189814814814815	-0.061609907120743	-0.0735479797979798	-0.0250651041666667	-0.117912371134021	0.0766544728965747	-0.0573453608247423	-0.0999334885267709	-0.0383512544802867	0.00657894736842105	0.0126582278481013	-0.0270785659801678	0.0833333333333333	-0.118518518518519

Energy matrix for enoLOGOS

A:	-0.212546316276373	0.521161235039805	-0.305092524821711	-0.417834953460383	-1.41834494130303	-1.44801742961481	0.419742074243706	1.29075324156238	-0.188883933409668	0.482612532117439	0.425738389590045	0.816026035703934	1.18764915322851	0.233628146020859	-1.44585246355881	0.158302725143341	-1.44840030043174
C:	0.441281664013601	-0.952793831583743	0.649213715284224	1.13671922312364	0.88071941604082	0.183969427533029	-1.03136623957025	-2.00882745870743	0.377767866819336	0.626089503378536	0.0514133832566454	-1.77438219391437	0.64992321173219	0.754497322492107	1.49205794074497	1.4416901297816	0.0299037025064162
G:	-0.380484146420669	-0.107496969794307	1.39886372566856	-0.942354269540156	-0.0145365220517301	0.572679024417334	0.380766024492505	-0.360505746882906	0.492099525456463	-1.64682310130373	-1.37915252965789	0.662225499966006	-1.76329542647702	-1.03449475192486	-0.115228589640772	-0.815584701990735	0.179422215038497
T:	0.10233711524418	0.379572120592862	-1.59962492213426	0.174825905208807	0.567448214867883	0.677401927610622	0.230858140834038	1.08601307221111	-0.706013786411876	0.528170291949665	0.920421443890536	0.353228107455717	-0.0605943445524749	-0.11658658698704	0.24940280946236	-0.767528364331349	1.09159589593792

Probability matrix

A:	0.291308385905623	0.119137443206038	0.191705641765612	0.289537480659218	0.674179728943428	0.690852644444085	0.13305855266545	0.0289502478397371	0.266613485515535	0.0890319395062022	0.10937230950702	0.0585138025177234	0.039493946855509	0.152263756753125	0.666293102061898	0.155056036221132	0.66522646858994
C:	0.151495280269563	0.520210157089086	0.0738218560125119	0.0611745087417261	0.0676557520882004	0.135089793471615	0.56787287994564	0.784588569587031	0.151282384980555	0.0771319973074102	0.159028391936183	0.780294097347564	0.0676179416931493	0.0904452850130519	0.0352977514146983	0.0429655731650452	0.15168765935175
G:	0.344577931650266	0.223393773873644	0.034883182256906	0.489215981334566	0.1656187261654	0.091581574277989	0.138347042172985	0.150933260155572	0.134938150758342	0.74876921332209	0.664907986442311	0.0682422041491527	0.755282608953804	0.541171999306745	0.176109470471273	0.410622377546757	0.130621655881052
T:	0.212618402174549	0.137258625831232	0.699589319964971	0.16007202926449	0.0925457928029711	0.0824759878063109	0.160721525215924	0.03552792241766	0.447165978745568	0.0850668498642977	0.0666913121144861	0.0929498959855599	0.137605502497538	0.216118958927077	0.12229967605213	0.391356013067066	0.0524642161772581



4	ATAGG..TC	0.355593220338983

Enrichment score matrix

A:	0.0987394957983193	-0.0205627705627706	0.0103225806451613	0.0480769230769231	0.101711652402897	0.0151315789473684	0.143463497453311	-0.0133541449878599	-0.106770833333333	-0.0512907608695652	0.0258411377037808	-0.091796875	-0.0738539898132428	-0.00549450549450549	-0.116161616161616	-0.11595547309833	-0.0925925925925926
C:	-0.0842105263157895	0.0158371040723982	0.0895522388059701	-0.0660569105691057	-0.0526315789473684	-0.0743421052631579	0.0372340425531915	-0.00141843971631206	-0.0550130208333333	-0.0237588652482269	-0.00641692681234825	-0.0451355661881978	0.105432937181664	0.0149295774647887	-0.0677083333333333	-0.0481481481481481	0
G:	-0.0949074074074074	-0.01953125	-0.12910447761194	-0.00412087912087912	-0.0280283505154639	-0.0476973684210526	-0.14613880742913	0.0903572667360388	0.112903225806452	0.0660770031217482	-0.0105792577176552	-0.00423177083333333	-0.0734707446808511	-0.0366289458010721	0.135057471264368	0.147515527950311	0.196296296296296
T:	0.0601851851851852	0.0354449472096531	0.0258741258741259	0.0178571428571429	-0.0167525773195876	0.109206989247312	-0.0298611111111111	-0.0740489130434783	0.0502392344497608	0.00953867499132848	-0.00884495317377731	0.145161290322581	0.0425531914893617	0.0276412776412776	0.0553571428571429	0	-0.120689655172414

Energy matrix for enoLOGOS

A:	-0.909424364459833	0.189390115873969	-0.095074481259109	-0.442804825575778	-0.936798938426807	-0.139366992470692	-1.32134764249913	0.122996220714909	0.98339571679954	0.472405365546333	-0.238005673850928	0.845480463833751	0.680220384008428	0.0506062657800889	1.06988802300733	1.06798937522915	0.852809293701498
C:	0.775607610271679	-0.145865119013197	-0.824806600475479	0.608406630262654	0.484754756419799	0.684716093442966	-0.342938205339539	0.0130643125843634	0.506688646765617	0.218827235788087	0.0591020800837875	0.415713927475161	-0.971073237860307	-0.13750649006049	0.623616796019221	0.443460832724779	0
G:	0.874129526044036	0.17988946039016	1.18909618235215	0.0379546993350667	0.258150648312477	0.439308998005443	1.34598815797697	-0.832221181720359	-1.0398771387715	-0.608591689511433	0.0974385644624605	0.0389760497512013	0.676690565893197	0.337365058294542	-1.24392528012322	-1.35866822257413	-1.80795570264718
T:	-0.554326040905974	-0.326460028267632	-0.238309506128055	-0.164470363785289	0.15429693922125	-1.00583354196649	0.275030997218733	0.682015693305302	-0.462720449309808	-0.0878544433677923	0.0814650293046801	-1.33698489270622	-0.391929377530901	-0.254585575392462	-0.509858127734396	0	1.11159280351437

Probability matrix

A:	0.486716793760244	0.196737885011406	0.22195558392985	0.366989818171497	0.531941429314173	0.228426860520182	0.606805510843532	0.189135773007448	0.0693462610582757	0.143115313102466	0.314019282764918	0.0732863538846574	0.0986299343793905	0.23177400684786	0.0570479503275058	0.0584868224030909	0.054272761921576
C:	0.0902560333837264	0.275098040418157	0.460452365114893	0.128268105609445	0.128378084235034	0.100196472950011	0.228103367418446	0.211113740128842	0.111700289882229	0.184422407671398	0.233305006937686	0.112633699939074	0.514228866291918	0.279744180462831	0.089136007284305	0.109216266550345	0.127336319688759
G:	0.081787836221541	0.19861593108548	0.061455087646499	0.226914791542003	0.161028891833584	0.128065273526972	0.0421347379019328	0.491608434746307	0.524468352078385	0.421849133134575	0.224530185741304	0.164166119284503	0.0989786952776163	0.173991073467135	0.576921062933868	0.662128117778611	0.776492881682384
T:	0.341239336634489	0.329548143484958	0.256136963308758	0.277827284677055	0.178651594617209	0.543311393002835	0.122956383836089	0.108142052117403	0.29448509698111	0.25061314609156	0.228145524556092	0.649913826891765	0.288162504051076	0.314490739222174	0.276894979454321	0.170168793267953	0.0418980367072814



5	ATAA.C.CC	0.346559780119102

Enrichment score matrix

A:	0.0171717171717172	0.00810185185185185	-0.0494791666666667	-0.181025641025641	0.134061741241762	-0.0913461538461538	0.070476858345021	0.101928832723645	-0.00583791208791209	-0.0212765957446809	-0.0549450549450549	-0.0745331069609508	-0.12130376344086	0.0634057971014493	-0.112727272727273	-0.00915750915750916	-0.0208333333333333
C:	0.003125	-0.150145772594752	0.164393939393939	0.0984615384615385	0.0034965034965035	0.0377842993396919	-0.0438288920056101	0.0569661458333333	-0.0676691729323308	0.120109814687714	0.0590225563909774	0.145840407470289	0.133736559139785	-0.0115830115830116	0.146321070234114	0.0366300366300366	-0.0555555555555556
G:	-0.0257985257985258	0.0418181818181818	-0.193181818181818	-0.0265151515151515	0.0351063829787234	-0.0848527349228611	0.0752688172043011	-0.159011164274322	0.0154532967032967	-0.0360329444063143	-0.00420757363253857	-0.123670212765957	-0.0486842105263158	-0.0588571428571429	0.0851926977687627	-0.0175438596491228	0.0641025641025641
T:	0.00210084033613445	0.120726495726496	0.0766129032258065	0.110526315789474	-0.175886524822695	0.142005610098177	-0.100280504908836	0.0062200956937799	0.0532959326788219	-0.061491935483871	0.0051510989010989	0.0538563829787234	0.0357833655705996	0.00891861761426979	-0.15	-0.0116279069767442	-0.0113636363636364

Energy matrix for enoLOGOS

A:	-0.158157359922823	-0.0746208131988811	0.455719966321738	1.66730776990133	-1.23475426769643	0.841329168593978	-0.649115853705194	-0.938799243102993	0.0537691573913445	0.195964688765451	0.506062657800889	0.686475284091264	1.117248949692	-0.583988972860809	1.03825655102277	0.0843437763001482	0.191882091082837
C:	-0.0287823136624256	1.382893671011	-1.51412413690821	-0.906864282779194	-0.032203987314602	-0.348006257635197	0.403679013498255	-0.524677592804633	0.623256115396885	-1.10625227528883	-0.54361783398506	-1.34323979278906	-1.23175922985434	0.106683479212079	-1.34766686044802	-0.337375105200593	0.511685576220899
G:	0.237613203699631	-0.38515968828264	1.77927029913176	0.244213570469065	-0.323341736462994	0.781522570132621	-0.69325142584767	1.46454694591073	-0.1423301225065	0.33187568258665	0.0387531852958325	1.13904475344918	0.448398149688314	0.542094319036313	-0.7846537436572	0.1615849188066	-0.590406434101037
T:	-0.0193494545629752	-1.11193211755695	-0.70563091559495	-1.01798498848158	1.61997476046106	-1.30792000373435	0.923617582884007	-0.0572891984859763	-0.490873680413878	0.566361655938052	-0.0474433741688334	-0.496035618437547	-0.329576976560076	-0.0821435038749269	1.38155105579643	0.107096981069491	0.104662958772457

Probability matrix

A:	0.292209629221102	0.184549699381467	0.0859845770104723	0.0303647865003439	0.568196498481862	0.0718135758173101	0.384384399073903	0.461788717627433	0.221903870700005	0.160235330559023	0.139047752968415	0.0799330799361275	0.0565714134349838	0.411361437723492	0.0532811307011393	0.225848333492681	0.199844207713362
C:	0.256748346000716	0.0429657942399555	0.616471471326521	0.398399651473804	0.170701604031764	0.235900230293289	0.134135196970152	0.305205651018662	0.125556683156697	0.589255876546109	0.397223030435812	0.608443989097966	0.592595460134031	0.206190353139088	0.579117654198744	0.344323824458241	0.145145199382198
G:	0.196704162996828	0.25175532306645	0.0228881111106453	0.126012082806948	0.228390018660997	0.0762395330719948	0.401729374146888	0.0417525812741775	0.269978831244691	0.139872676721285	0.221877825139676	0.0508367904772594	0.110426991771004	0.133404910968893	0.329802022481502	0.209060261040578	0.436953432114622
T:	0.254337861781355	0.520729183312127	0.274655840552361	0.445223479218904	0.0327118788253771	0.616046660817406	0.0797510298090567	0.191253050079727	0.382560614898607	0.110636116173582	0.241851391456097	0.260786140488647	0.240406134659981	0.249043298168527	0.0377991926186149	0.2207675810085	0.218057160789817



