1	A..ATTAAT	0.477149139166454

Enrichment score matrix

A:	0.00666666666666667	0.0791666666666667	0.111642743221691	0.0857988165680473	0.132369299221357	-0.0942796610169492	-0.0825825825825826	0.298185117967332	-0.0537190082644628	-0.284252514741589	0.341954022988506	0.283251231527094	-0.247832119320153	-0.0795918367346939	0.0732714138286894	-0.0166852057842047	-0.0435374149659864	-0.165085388994307	0.071969696969697	-0.027972027972028
C:	0.0119047619047619	-0.0878787878787879	-0.00508474576271186	-0.0751515151515151	-0.119614512471655	-0.0585161964472309	0.083416087388282	0.078125	-0.160931899641577	0.116716616716617	-0.133064516129032	-0.0762957593330917	-0.131114130434783	0.0343434343434343	0.0815677966101695	-0.0578420467185762	-0.0527210884353742	0.0338983050847458	-0.092128801431127	0.01875
G:	0.01875	-0.092128801431127	0.0338983050847458	-0.0527210884353742	-0.0578420467185762	0.0815677966101695	0.0343434343434343	-0.158288043478261	-0.0122893258426966	-0.139264654873396	0.145497311827957	-0.14081188836535	0.0828804347826087	0.083416087388282	-0.0585161964472309	-0.119614512471655	-0.0751515151515151	-0.00508474576271186	-0.0878787878787879	0.0119047619047619
T:	-0.027972027972028	0.071969696969697	-0.165085388994307	-0.0435374149659864	-0.0166852057842047	0.0732714138286894	-0.0795918367346939	-0.203087062088103	0.278485757121439	0.315970961887477	-0.332325268817204	-0.050561797752809	0.310889292196007	-0.0825825825825826	-0.0942796610169492	0.132369299221357	0.0857988165680473	0.111642743221691	0.0791666666666667	0.00666666666666667

Energy matrix for enoLOGOS

A:	-0.0614022691465079	-0.729151946114781	-1.02826766513291	-0.790236304104465	-1.21916630062866	0.868347768120636	0.760613694382418	-2.746386430337	0.494770350560704	2.61806241236021	-3.14951294329071	-2.60884025314596	2.28261817404682	0.733067907157288	-0.674854660898152	0.153676424448991	0.400994410752705	1.52049262307766	-0.662865405558892	0.257631898516816
C:	-0.109646909190193	0.809393547840331	0.0468322391795399	0.69217103401518	1.10169037329194	0.53895408655242	-0.768290557344587	-0.719557841560639	1.48223757240764	-1.07499976702553	1.2255694849807	0.702709912396153	1.20760576888003	-0.316314719845647	-0.751267170171786	0.532744938089835	0.485579169270853	-0.312214927863599	0.848537619242886	-0.172693881974553
G:	-0.172693881974553	0.848537619242886	-0.312214927863599	0.485579169270853	0.532744938089835	-0.751267170171786	-0.316314719845647	1.45788675724895	0.113188873953359	1.28267487316977	-1.34007976514304	1.29692542026558	-0.7633570145252	-0.768290557344587	0.53895408655242	1.10169037329194	0.69217103401518	0.0468322391795399	0.809393547840331	-0.109646909190193
T:	0.257631898516816	-0.662865405558892	1.52049262307766	0.400994410752705	0.153676424448991	-0.674854660898152	0.733067907157288	1.87050096697609	-2.56494861183595	-2.91020010664438	3.06082884001493	0.465691367122391	-2.86339619912799	0.760613694382418	0.868347768120636	-1.21916630062866	-0.790236304104465	-1.02826766513291	-0.729151946114781	-0.0614022691465079

Probability matrix

A:	0.256805416005696	0.424266814339757	0.524076170183133	0.552443266998166	0.655730309370359	0.0825026540629994	0.104420141049617	0.864627183004914	0.0413929863276206	0.00337068814855088	0.848649633660557	0.906785679997381	0.00508372463194911	0.107336457757852	0.386075479194077	0.166152636949478	0.167858276160755	0.0409715018620485	0.397055470801033	0.186659200006324
C:	0.269498628693946	0.0910871775025969	0.178848151896037	0.125454532969409	0.0643857874335336	0.114689003173394	0.481702561139969	0.113916966951956	0.0154196740881891	0.135392653504879	0.0106820417639807	0.0330610535985056	0.0148954618594219	0.306540840052563	0.416732863569529	0.11373126624663	0.15424392387167	0.256104176058781	0.0875905373566129	0.287036755294034
G:	0.287036755294034	0.0875905373566129	0.256104176058781	0.15424392387167	0.11373126624663	0.416732863569529	0.306540840052563	0.0129102971822314	0.0606241258818751	0.0128135660980803	0.13896376862598	0.0182495505677192	0.106913423072049	0.481702561139969	0.114689003173394	0.0643857874335336	0.125454532969409	0.178848151896037	0.091087177502597	0.269498628693946
T:	0.186659200006324	0.397055470801033	0.0409715018620485	0.167858276160755	0.166152636949478	0.386075479194077	0.107336457757852	0.00854555286089793	0.882563213702315	0.84842309224849	0.00170455594948216	0.0419037158363944	0.873107390436579	0.104420141049617	0.0825026540629994	0.655730309370359	0.552443266998166	0.524076170183133	0.424266814339757	0.256805416005696



2	ATTAATG	0.46687437001741

Enrichment score matrix

A:	0.00666666666666667	0.0791666666666667	0.111642743221691	0.0857988165680473	0.132369299221357	-0.0942796610169492	-0.0825825825825826	0.238304093567251	-0.057088285229202	-0.277777777777778	0.366194331983806	0.27999226006192	-0.184837209302326	-0.0795918367346939	0.0732714138286894	-0.0166852057842047	-0.0435374149659864	-0.165085388994307	0.071969696969697	-0.027972027972028
C:	0.0119047619047619	-0.0878787878787879	-0.00508474576271186	-0.0751515151515151	-0.119614512471655	-0.0585161964472309	0.083416087388282	0.190085870413739	-0.1134437596302	0.169090909090909	-0.205645161290323	-0.171834625322997	-0.206699490065061	0.0343434343434343	0.0815677966101695	-0.0578420467185762	-0.0527210884353742	0.0338983050847458	-0.092128801431127	0.01875
G:	0.01875	-0.092128801431127	0.0338983050847458	-0.0527210884353742	-0.0578420467185762	0.0815677966101695	0.0343434343434343	-0.175644028103044	-0.0521825396825397	-0.155272727272727	0.200271002710027	-0.0783213268554197	0.1369140625	0.083416087388282	-0.0585161964472309	-0.119614512471655	-0.0751515151515151	-0.00508474576271186	-0.0878787878787879	0.0119047619047619
T:	-0.027972027972028	0.071969696969697	-0.165085388994307	-0.0435374149659864	-0.0166852057842047	0.0732714138286894	-0.0795918367346939	-0.23711943793911	0.237903225806452	0.287063077541181	-0.344824275014404	0.00314685314685315	0.297165991902834	-0.0825825825825826	-0.0942796610169492	0.132369299221357	0.0857988165680473	0.111642743221691	0.0791666666666667	0.00666666666666667

Energy matrix for enoLOGOS

A:	-0.0614022691465079	-0.729151946114781	-1.02826766513291	-0.790236304104465	-1.21916630062866	0.868347768120636	0.760613694382418	-2.19486181378965	0.525802538213411	2.5584278811045	-3.37277443985929	-2.57882401668915	1.70241361108062	0.733067907157288	-0.674854660898152	0.153676424448991	0.400994410752705	1.52049262307766	-0.662865405558892	0.257631898516816
C:	-0.109646909190193	0.809393547840331	0.0468322391795399	0.69217103401518	1.10169037329194	0.53895408655242	-0.768290557344587	-1.7507555664139	1.0448556392708	-1.55738482653415	1.89406193133381	1.5826553869158	1.90377265821312	-0.316314719845647	-0.751267170171786	0.532744938089835	0.485579169270853	-0.312214927863599	0.848537619242886	-0.172693881974553
G:	-0.172693881974553	0.848537619242886	-0.312214927863599	0.485579169270853	0.532744938089835	-0.751267170171786	-0.316314719845647	1.61774128313399	0.480618951950345	1.43011466866685	-1.84456410159631	0.721366078723214	-1.26102511733502	-0.768290557344587	0.53895408655242	1.10169037329194	0.69217103401518	0.0468322391795399	0.809393547840331	-0.109646909190193
T:	0.257631898516816	-0.662865405558892	1.52049262307766	0.400994410752705	0.153676424448991	-0.674854660898152	0.733067907157288	2.18395073223089	-2.19116968526853	-2.64394865238127	3.17594894140258	-0.0289835885831418	-2.73699993240102	0.760613694382418	0.868347768120636	-1.21916630062866	-0.790236304104465	-1.02826766513291	-0.729151946114781	-0.0614022691465079

Probability matrix

A:	0.256805416005696	0.424266814339757	0.524076170183133	0.552443266998166	0.655730309370359	0.0825026540629994	0.104420141049617	0.596648703735589	0.0562564711401968	0.0040470099450711	0.817317058049733	0.884521500299491	0.00944221933214877	0.107336457757852	0.386075479194077	0.166152636949478	0.167858276160755	0.0409715018620485	0.397055470801033	0.186659200006324
C:	0.269498628693946	0.0910871775025969	0.178848151896037	0.125454532969409	0.0643857874335336	0.114689003173394	0.481702561139969	0.382688849981716	0.0334773126776773	0.248089862896925	0.00421728149232604	0.0137848121541968	0.00772013618278411	0.306540840052563	0.416732863569529	0.11373126624663	0.15424392387167	0.256104176058781	0.0875905373566129	0.287036755294034
G:	0.287036755294034	0.0875905373566129	0.256104176058781	0.15424392387167	0.11373126624663	0.416732863569529	0.306540840052563	0.0131803278993404	0.0588566403916738	0.0125070381233326	0.177295309445716	0.0326177534908625	0.182843350797262	0.481702561139969	0.114689003173394	0.0643857874335336	0.125454532969409	0.178848151896037	0.091087177502597	0.269498628693946
T:	0.186659200006324	0.397055470801033	0.0409715018620485	0.167858276160755	0.166152636949478	0.386075479194077	0.107336457757852	0.0074821183833548	0.851409575790452	0.735356089034671	0.00117035101222518	0.06907593405545	0.799994293687805	0.104420141049617	0.0825026540629994	0.655730309370359	0.552443266998166	0.524076170183133	0.424266814339757	0.256805416005696



3	ATTAAT.C	0.465650625314948

Enrichment score matrix

A:	0.00666666666666667	0.0791666666666667	0.111642743221691	0.0857988165680473	0.132369299221357	-0.0942796610169492	-0.0825825825825826	0.289564220183486	-0.0587601078167116	-0.31956956956957	0.277973790322581	0.271590909090909	-0.2	-0.0795918367346939	0.0732714138286894	-0.0166852057842047	-0.0435374149659864	-0.165085388994307	0.071969696969697	-0.027972027972028
C:	0.0119047619047619	-0.0878787878787879	-0.00508474576271186	-0.0751515151515151	-0.119614512471655	-0.0585161964472309	0.083416087388282	0.113438937148697	-0.179512195121951	0.218968968968969	-0.118645811895452	0.0288259958071279	-0.207909744606992	0.0343434343434343	0.0815677966101695	-0.0578420467185762	-0.0527210884353742	0.0338983050847458	-0.092128801431127	0.01875
G:	0.01875	-0.092128801431127	0.0338983050847458	-0.0527210884353742	-0.0578420467185762	0.0815677966101695	0.0343434343434343	-0.180093555093555	-0.0274971941638608	-0.180454765360426	0.18356309650053	-0.17022696929239	0.16699727250186	0.083416087388282	-0.0585161964472309	-0.119614512471655	-0.0751515151515151	-0.00508474576271186	-0.0878787878787879	0.0119047619047619
T:	-0.027972027972028	0.071969696969697	-0.165085388994307	-0.0435374149659864	-0.0166852057842047	0.0732714138286894	-0.0795918367346939	-0.209180868609126	0.301605504587156	0.317477876106195	-0.3	-0.110539215686275	0.277686403508772	-0.0825825825825826	-0.0942796610169492	0.132369299221357	0.0857988165680473	0.111642743221691	0.0791666666666667	0.00666666666666667

Energy matrix for enoLOGOS

A:	-0.0614022691465079	-0.729151946114781	-1.02826766513291	-0.790236304104465	-1.21916630062866	0.868347768120636	0.760613694382418	-2.66698502743576	0.541200593285932	2.94334450826166	-2.56023322335931	-2.50144471466171	1.84206807439524	0.733067907157288	-0.674854660898152	0.153676424448991	0.400994410752705	1.52049262307766	-0.662865405558892	0.257631898516816
C:	-0.109646909190193	0.809393547840331	0.0468322391795399	0.69217103401518	1.10169037329194	0.53895408655242	-0.768290557344587	-1.04481122257471	1.65336841799377	-2.0167787351049	1.09276831126657	-0.265497232944806	1.91491951448104	-0.316314719845647	-0.751267170171786	0.532744938089835	0.485579169270853	-0.312214927863599	0.848537619242886	-0.172693881974553
G:	-0.172693881974553	0.848537619242886	-0.312214927863599	0.485579169270853	0.532744938089835	-0.751267170171786	-0.316314719845647	1.65872294121089	0.253258517523475	1.66204981071462	-1.69067859850379	1.56784832767285	-1.53810172093379	-0.768290557344587	0.53895408655242	1.10169037329194	0.69217103401518	0.0468322391795399	0.809393547840331	-0.109646909190193
T:	0.257631898516816	-0.662865405558892	1.52049262307766	0.400994410752705	0.153676424448991	-0.674854660898152	0.733067907157288	1.92662699919568	-2.77788935530933	-2.92407929951014	2.76310211159285	1.01810380092188	-2.55758629298571	0.760613694382418	0.868347768120636	-1.21916630062866	-0.790236304104465	-1.02826766513291	-0.729151946114781	-0.0614022691465079

Probability matrix

A:	0.256805416005696	0.424266814339757	0.524076170183133	0.552443266998166	0.655730309370359	0.0825026540629994	0.104420141049617	0.819128679706469	0.0330057893515715	0.00199780157382073	0.689689478130846	0.866856800647948	0.00887089328039437	0.107336457757852	0.386075479194077	0.166152636949478	0.167858276160755	0.0409715018620485	0.397055470801033	0.186659200006324
C:	0.269498628693946	0.0910871775025969	0.178848151896037	0.125454532969409	0.0643857874335336	0.114689003173394	0.481702561139969	0.161752499274843	0.0108537989925827	0.284909220867974	0.0178720837778682	0.0926590210464913	0.00824761493048312	0.306540840052563	0.416732863569529	0.11373126624663	0.15424392387167	0.256104176058781	0.0875905373566129	0.287036755294034
G:	0.287036755294034	0.0875905373566129	0.256104176058781	0.15424392387167	0.11373126624663	0.416732863569529	0.306540840052563	0.0108323087681068	0.0440191627757269	0.00719468141317469	0.289075193602752	0.0148141196193461	0.260589219184851	0.481702561139969	0.114689003173394	0.0643857874335336	0.125454532969409	0.178848151896037	0.091087177502597	0.269498628693946
T:	0.186659200006324	0.397055470801033	0.0409715018620485	0.167858276160755	0.166152636949478	0.386075479194077	0.107336457757852	0.00828651225058114	0.912121248880119	0.70589829614503	0.00336324448853423	0.025670058686215	0.722292272604271	0.104420141049617	0.0825026540629994	0.655730309370359	0.552443266998166	0.524076170183133	0.424266814339757	0.256805416005696



4	ATTAAT..A	0.462962235876898

Enrichment score matrix

A:	0.00666666666666667	0.0791666666666667	0.111642743221691	0.0857988165680473	0.132369299221357	-0.0942796610169492	-0.0825825825825826	0.181318681318681	0.0324209840338873	-0.249242424242424	0.281992337164751	0.221234119782214	-0.202956989247312	-0.0795918367346939	0.0732714138286894	-0.0166852057842047	-0.0435374149659864	-0.165085388994307	0.071969696969697	-0.027972027972028
C:	0.0119047619047619	-0.0878787878787879	-0.00508474576271186	-0.0751515151515151	-0.119614512471655	-0.0585161964472309	0.083416087388282	0.189275568181818	-0.218417553191489	0.161700581395349	-0.141198501872659	-0.00917119565217391	-0.131878557874763	0.0343434343434343	0.0815677966101695	-0.0578420467185762	-0.0527210884353742	0.0338983050847458	-0.092128801431127	0.01875
G:	0.01875	-0.092128801431127	0.0338983050847458	-0.0527210884353742	-0.0578420467185762	0.0815677966101695	0.0343434343434343	-0.139498432601881	0.00930851063829787	-0.140711902113459	0.172653958944282	-0.176630434782609	0.143455834945197	0.083416087388282	-0.0585161964472309	-0.119614512471655	-0.0751515151515151	-0.00508474576271186	-0.0878787878787879	0.0119047619047619
T:	-0.027972027972028	0.071969696969697	-0.165085388994307	-0.0435374149659864	-0.0166852057842047	0.0732714138286894	-0.0795918367346939	-0.176771504357711	0.188233202986136	0.245834947694692	-0.276939655172414	-0.0216788067984738	0.202674173117523	-0.0825825825825826	-0.0942796610169492	0.132369299221357	0.0857988165680473	0.111642743221691	0.0791666666666667	0.00666666666666667

Energy matrix for enoLOGOS

A:	-0.0614022691465079	-0.729151946114781	-1.02826766513291	-0.790236304104465	-1.21916630062866	0.868347768120636	0.760613694382418	-1.67000677074293	-0.298608298146507	2.29560756240922	-2.59724540757643	-2.03764154508874	1.86930295183925	0.733067907157288	-0.674854660898152	0.153676424448991	0.400994410752705	1.52049262307766	-0.662865405558892	0.257631898516816
C:	-0.109646909190193	0.809393547840331	0.0468322391795399	0.69217103401518	1.10169037329194	0.53895408655242	-0.768290557344587	-1.74329240705373	2.01170000810783	-1.4893173929976	1.30048626226031	0.0844698335745099	1.21464640579193	-0.316314719845647	-0.751267170171786	0.532744938089835	0.485579169270853	-0.312214927863599	0.848537619242886	-0.172693881974553
G:	-0.172693881974553	0.848537619242886	-0.312214927863599	0.485579169270853	0.532744938089835	-0.751267170171786	-0.316314719845647	1.2848280456205	-0.0857345513348847	1.29600451285316	-1.59020172844603	1.62682642439797	-1.3212770681913	-0.768290557344587	0.53895408655242	1.10169037329194	0.69217103401518	0.0468322391795399	0.809393547840331	-0.109646909190193
T:	0.257631898516816	-0.662865405558892	1.52049262307766	0.400994410752705	0.153676424448991	-0.674854660898152	0.733067907157288	1.62812572320079	-1.73369186880959	-2.26422354359508	2.55070848663565	0.199669189472255	-1.86669811902121	0.760613694382418	0.868347768120636	-1.21916630062866	-0.790236304104465	-1.02826766513291	-0.729151946114781	-0.0614022691465079

Probability matrix

A:	0.256805416005696	0.424266814339757	0.524076170183133	0.552443266998166	0.655730309370359	0.0825026540629994	0.104420141049617	0.461877289680956	0.163733521978919	0.00697754383947794	0.718702406035035	0.798631818711221	0.0144598563648814	0.107336457757852	0.386075479194077	0.166152636949478	0.167858276160755	0.0409715018620485	0.397055470801033	0.186659200006324
C:	0.269498628693946	0.0910871775025969	0.178848151896037	0.125454532969409	0.0643857874335336	0.114689003173394	0.481702561139969	0.496997445061277	0.0162473843714193	0.307237764426288	0.0145809473781088	0.095658892266912	0.0278277250995333	0.306540840052563	0.416732863569529	0.11373126624663	0.15424392387167	0.256104176058781	0.0875905373566129	0.287036755294034
G:	0.287036755294034	0.0875905373566129	0.256104176058781	0.15424392387167	0.11373126624663	0.416732863569529	0.306540840052563	0.0240579242442566	0.132338957816016	0.0189594031887057	0.262540063461973	0.0204591878961036	0.351410938439263	0.481702561139969	0.114689003173394	0.0643857874335336	0.125454532969409	0.178848151896037	0.091087177502597	0.269498628693946
T:	0.186659200006324	0.397055470801033	0.0409715018620485	0.167858276160755	0.166152636949478	0.386075479194077	0.107336457757852	0.0170673410135102	0.687680135833646	0.666825288545528	0.00417658312488306	0.0852501011257633	0.606301480096322	0.104420141049617	0.0825026540629994	0.655730309370359	0.552443266998166	0.524076170183133	0.424266814339757	0.256805416005696



5	AAT.AT.AT	0.461813803438099

Enrichment score matrix

A:	-0.0361305361305361	0.0219858156028369	-0.0546875	0.00952380952380952	0.111201298701299	0.0710445468509985	-0.171717171717172	0.0756272401433692	0.127604166666667	-0.101063829787234	0.0908424908424908	0.12694099378882	0.0579178885630499	-0.135555555555556	0.0662431941923775	0.0464285714285714	-0.0858823529411765
C:	0.112987012987013	0	-0.0848484848484849	-0.0432489451476793	-0.0374485596707819	-0.0691713483146067	-0.126577840112202	-0.0586080586080586	0.0363451086956522	-0.0634973404255319	-0.108848314606742	0.0365767045454545	-0.0786637931034483	0.220606060606061	-0.0731132075471698	0.0616666666666667	0.0394736842105263
G:	0.017156862745098	-0.0366847826086957	0.0284933645589383	0.0804093567251462	0.0958299919807538	-0.0333567415730337	0.126717032967033	0.118679775280899	-0.0601065601065601	0.0434782608695652	0.00609318996415771	-0.0690467560710402	-0.0204741379310345	-0.103448275862069	-0.0245098039215686	0.0306122448979592	0.0277777777777778
T:	-0.0972222222222222	0.0163120567375887	0.108118657298985	-0.0331384015594542	-0.0846030473135525	0.0401049475262369	0.198872180451128	-0.124372759856631	-0.0934790149150191	0.130830903790087	0.0311827956989247	-0.0600142045454545	0.0898744113029827	0.0526315789473684	0.0535087719298246	-0.12483660130719	0.1

Energy matrix for enoLOGOS

A:	0.332774535584221	-0.202496845057632	0.503690489092448	-0.0877175273521541	-1.02420181084475	-0.654344458070505	1.58157359922823	-0.696552623113611	-1.17527780788238	0.930832271635891	-0.83669026089747	-1.16916975995195	-0.533443467291876	1.24851280597899	-0.610122365838713	-0.427622945841751	0.791005702534425
C:	-1.04064884722328	0	0.78148342550101	0.398337505539054	0.344913981008162	0.637091661966049	1.16582499098296	0.539800168320948	-0.334750821943428	0.584832118034392	1.00253002644404	-0.336883898548845	0.724520309433471	-2.03185690630262	0.673397527196372	-0.567970989605198	-0.363566067314849
G:	-0.158020545597631	0.337879334298039	-0.262433585930625	-0.740597544530249	-0.882626843986491	0.307226943587689	-1.1671070045533	-1.09308112560672	0.553601877170064	-0.400449581390269	-0.0561203535210018	0.635944124995093	0.188573779167616	0.952793831583743	0.225743636568044	-0.281949195060495	-0.25584278811045
T:	0.895449758386573	-0.150239594720179	-0.9958096342847	0.305215957745799	0.779222862264224	-0.369380217316886	-1.83168047247196	1.14551545128163	0.860973545004364	-1.20499715507997	-0.287204162136892	0.552751251017037	-0.827773918831455	-0.484754756419799	-0.492834002360129	1.1497875889199	-0.921034037197618

Probability matrix

A:	0.139818222778112	0.298658769636295	0.119213462733218	0.237462729066556	0.437243413329866	0.415074067051151	0.020617960928228	0.340647521661756	0.574883367185583	0.0681971936090321	0.455719444816357	0.562356351804709	0.32131291895329	0.0289110863159598	0.38463195733108	0.310402547052076	0.0796078548555522
C:	0.552120628904069	0.243911349596382	0.0902986720412593	0.146050966735726	0.111204879147364	0.114093793382508	0.0312466194860827	0.0989382076822847	0.248052444757959	0.0963901066440942	0.07243264388988	0.244655198319049	0.0913274771593123	0.768618573642264	0.106566268284385	0.357172206901217	0.252569014701933
G:	0.228409084475139	0.173977417037679	0.256477198435102	0.456181473292014	0.37952295522131	0.158679362397064	0.3220939230239	0.506425276844913	0.102032102636081	0.258187294081157	0.208785510657248	0.0924827223760879	0.156084609254302	0.0388591707968274	0.166737533383066	0.268324278430922	0.226775662459634
T:	0.0796520638426794	0.283452463729644	0.534010666790421	0.160304830905703	0.0720287523014605	0.312152777169276	0.626041496561789	0.0539889938110467	0.0750320854203772	0.577225405665717	0.263062400636515	0.100505727500155	0.431274994633096	0.163611169244948	0.34206424100147	0.0641009676157849	0.44104746798288



