1	CTCG..CTC	0.477289385679601

Enrichment score matrix

A:	-0.0255255255255255	0.0228070175438597	-0.289663461538462	-0.057384545038866	0.0674641148325359	-0.103289473684211	-0.104126370083817	0.00309597523219814	0.0377708978328173	0.0126262626262626	0.0423177083333333	-0.070218312153796	-0.149865591397849	0.0352564102564103	-0.217567567567568	0.008	0.0299145299145299
C:	-0.168292682926829	-0.00911458333333333	0.156288916562889	0.024390243902439	0.114583333333333	-0.00470430107526882	0.206578947368421	-0.0628221649484536	-0.0447809278350515	0.0193298969072165	0.135091145833333	0.0448297407060294	0.185526315789474	-0.0619918699186992	0.344163312248419	-0.0126050420168067	0.0857142857142857
G:	-0.046875	-0.0444305381727159	0.229763387297634	0.0598290598290598	-0.13451945460592	-0.153700189753321	-0.0876288659793814	0.0853737113402062	0.043778801843318	0.00505050505050505	-0.126205520452278	-0.168270676691729	-0.0694078947368421	0.0315934065934066	-0.161270236612702	0.109929078014184	0.0102880658436214
T:	0.126984126984127	0.0490196078431373	0.23225404732254	-0.0320481927710843	-0.0517578125	0.232565789473684	-0.0164473684210526	-0.016430412371134	-0.0373711340206186	-0.0280283505154639	-0.0527910685805423	0.201849489795918	0.0305921052631579	-0.0115384615384615	-0.283088235294118	-0.106382978723404	-0.112299465240642

Energy matrix for enoLOGOS

A:	0.235098778263656	-0.21006039444858	2.66789907409406	0.528531191898953	-0.621367460501743	0.951331209473856	0.959039310170312	-0.0285149856717529	-0.347882825195385	-0.116292176413841	-0.389760497512013	0.646734555282133	1.3803131068217	-0.324723538755571	2.00387135120022	-0.0736827229758095	-0.275523002580484
C:	1.55003289186916	0.0839484148487413	-1.4394741179116	-0.22464244809698	-1.0553515009556	0.0433282141154794	-1.90266241894771	0.578613522079689	0.412447587533727	-0.178034929870674	-1.24423543436527	-0.412897170689966	-1.70876051637979	0.570966222246491	-3.16986124935466	0.116096727377851	-0.789457746169387
G:	0.431734704936384	0.409220379480794	-2.1161990020294	-0.551046005160968	1.23896996357312	1.41563106286541	0.807091682080387	-0.786320940262142	-0.403217666054257	-0.0465168705655363	1.16239580018788	1.54983020695359	0.63927033502861	-0.290986028235511	1.48535377107212	-1.01248422528816	-0.0947565881890554
T:	-1.16956703136205	-0.451487273136087	-2.13913882860966	0.295174763728393	0.476707070033924	-2.14201007992999	0.151485861381187	0.151329690390073	0.344200864416636	0.258150648312477	0.486223710227132	-1.85910250493014	-0.281763702169008	0.106273158138187	2.6073390023609	0.979823443827254	1.03431629845722

Probability matrix

A:	0.162228457277333	0.28116220772243	0.00329219304663364	0.136425730139191	0.329757989290877	0.0382283837040508	0.0456667268119708	0.221537759832442	0.330585243789814	0.271446709137082	0.251358414748144	0.0604432920600838	0.0329759886334302	0.330577183055078	0.00556176210663813	0.211292769351102	0.264805941682615
C:	0.0435570449997882	0.209541737774222	0.200121986725453	0.289731318327707	0.508946579962452	0.0947821655035853	0.798768912735564	0.12071888045146	0.154552545219746	0.288734791540738	0.590727486104516	0.174397526790579	0.724044824424188	0.134983210661063	0.982055264495608	0.17476902654782	0.442717560504352
G:	0.133269000430027	0.151358467523537	0.393724725297591	0.401560241032552	0.051316975073258	0.0240294080394187	0.0531606032872635	0.472670724247057	0.349393708381191	0.253152109441679	0.0532353990149609	0.0244984525047428	0.0691876550341457	0.319610368574076	0.00934117982479779	0.540257677621559	0.221015060841131
T:	0.660945497292853	0.357937586979811	0.402861094930322	0.172282710500549	0.109978455673413	0.842960042752945	0.102403757165201	0.185072635469041	0.165468502609248	0.186666389880501	0.104678700132379	0.740660728644595	0.173791531908236	0.214829237709782	0.00304179357295621	0.0736805264795192	0.0714614369719027



2	GA.CGATC	0.474964116659032

Enrichment score matrix

A:	-0.0977443609022556	-0.0166217430368374	-0.0199004975124378	-0.0529556650246305	-0.114992025518341	0.07380174291939	0.185483870967742	0.102557915057915	-0.156410256410256	-0.0104112441436752	0.321044546850998	-0.0765815760266371	-0.159184726522188	0.121525533290239	0.0164835164835165	-0.0369458128078818	0	-0.145833333333333
C:	0.0504201680672269	0.0456989247311828	-0.0370843989769821	0.0911764705882353	0.0834130781499203	-0.0700416088765603	0.0075187969924812	-0.239611562782294	0.139147074904319	-0.0317460317460317	-0.0368663594470046	-0.200587606837607	0.241935483870968	-0.018188057652711	0.110752688172043	0.0944055944055944	-0.0238095238095238	-0.0486111111111111
G:	-0.08	-0.0445804195804196	0.063030303030303	0.0634453781512605	0.0162760416666667	0.19942719324691	-0.0786967418546366	0.152027027027027	-0.12283044058745	0.261679644048943	-0.240853658536585	0.0823813150545824	-0.0721153846153846	0.00583390528483185	-0.0516049382716049	0.0270935960591133	0.102825745682889	0.146551724137931
T:	0.0802139037433155	0.0339712918660287	-0.010233918128655	-0.0405192761605035	0.0553385416666667	-0.161486661486661	-0.093984962406015	0.0328185328185328	0.190909090909091	-0.177803738317757	-0.0752688172043011	0.207901746078722	0.0408029388611913	-0.0658602150537634	0.0105311355311355	-0.0522727272727273	-0.0647058823529412	0.0151515151515152

Energy matrix for enoLOGOS

A:	0.900258833351055	0.153091910944797	0.183290355661218	0.487739699501202	1.05911569508689	-0.679739172332665	-1.70836958512461	-0.944593305523619	1.44059169920653	0.095891102258992	-2.95692955106455	0.705342381427699	1.46614551328929	-1.11929152548903	-0.151818797340267	0.340283511279908	0	1.34317463757986
C:	-0.464386909511404	-0.420902651407514	0.341559937068171	-0.839766328033123	-0.768262841235015	0.645107057953949	-0.0692506794885427	2.20690405028607	-1.28159192163365	0.292391757840514	0.339551718782532	1.8474801333745	-2.22830815451037	0.167518201686595	-1.02006995517586	-0.869507657494255	0.219293818380385	0.447724879193287
G:	0.736827229758095	0.410600838261176	-0.580530544657893	-0.58435352780185	-0.149907883658467	-1.83679232923191	0.724823778646747	-1.40022066465854	1.13131016585021	-2.41015859010834	2.21834417495768	-0.758759951943709	0.664207238363667	-0.053732253371172	0.475299046356302	-0.249541241605266	-0.947060116741664	-1.3497912614103
T:	-0.73879735604087	-0.31288716096187	0.0942578693038498	0.373196325064338	-0.509686804438786	1.48734711782625	0.865633493606784	-0.302269857767558	-1.75833770737727	1.63763294931633	0.69325142584767	-1.91484584531319	-0.375808955088506	0.606594997616711	-0.0969953427451704	0.4814496103533	0.595963200539635	-0.139550611696609

Probability matrix

A:	0.0889506622273508	0.194480904016359	0.196340303624437	0.113449751166952	0.06506742363281	0.219254899625665	0.736302765972392	0.317862010292591	0.0237629979488618	0.0699690838892902	0.935756330195268	0.0515966436668266	0.0200955314868623	0.555956878110959	0.205612334257312	0.142352771104645	0.202747783276848	0.0441914648669723
C:	0.348182790484235	0.345270628764128	0.167599937523751	0.427889953884778	0.404561010792143	0.058287563288075	0.142953942121701	0.0136006828752671	0.361518524484775	0.0574866547857492	0.0346353155358461	0.0164663494835663	0.808314442286203	0.153527699990752	0.489920768524267	0.477278152157782	0.162823849945	0.108200006476198
G:	0.104743390883039	0.150328823434524	0.421436998704266	0.331442136942913	0.217989652853866	0.697350486964246	0.0646150940279809	0.501320049179215	0.0323757989008735	0.857570317104517	0.005291392192203	0.223086359433431	0.0448101981677661	0.191546665263046	0.109823516246495	0.256757749974725	0.522707940226353	0.652948047815301
T:	0.458123156405375	0.30991964378499	0.214622760147545	0.127218158005358	0.312381912721181	0.0251070501220141	0.0561281978779259	0.167217257652926	0.58234267866549	0.014973944220444	0.0243169620766831	0.708850647416176	0.126779828059168	0.0989687566352428	0.194643380971927	0.123611326762848	0.111720426551799	0.194660480841528



3	GAG.GATC	0.474496418808509

Enrichment score matrix

A:	-0.0977443609022556	-0.0166217430368374	-0.0199004975124378	-0.0529556650246305	-0.114992025518341	0.0483957219251337	0.198600386100386	0.102557915057915	-0.156410256410256	-0.066951566951567	0.217936117936118	-0.132480694980695	-0.142201834862385	0.121525533290239	0.0164835164835165	-0.0369458128078818	0	-0.145833333333333
C:	0.0504201680672269	0.0456989247311828	-0.0370843989769821	0.0911764705882353	0.0834130781499203	-0.102941176470588	-0.134898055950688	-0.239611562782294	0.139147074904319	0.0229591836734694	0.0359438924605494	-0.0984555984555985	0.198076454833212	-0.018188057652711	0.110752688172043	0.0944055944055944	-0.0238095238095238	-0.0486111111111111
G:	-0.08	-0.0445804195804196	0.063030303030303	0.0634453781512605	0.0162760416666667	0.23629704470826	0.0852999016715831	0.152027027027027	-0.12283044058745	0.22972972972973	-0.141509433962264	-0.00142247510668563	-0.0570436507936508	0.00583390528483185	-0.0516049382716049	0.0270935960591133	0.102825745682889	0.146551724137931
T:	0.0802139037433155	0.0339712918660287	-0.010233918128655	-0.0405192761605035	0.0553385416666667	-0.178632478632479	-0.128904428904429	0.0328185328185328	0.190909090909091	-0.185935935935936	-0.0922897196261682	0.23238416988417	0.00520833333333333	-0.0658602150537634	0.0105311355311355	-0.0522727272727273	-0.0647058823529412	0.0151515151515152

Energy matrix for enoLOGOS

A:	0.900258833351055	0.153091910944797	0.183290355661218	0.487739699501202	1.05911569508689	-0.445741071477992	-1.82917715399044	-0.944593305523619	1.44059169920653	0.616646720061084	-2.00726582553879	1.22019229348816	1.30972730060212	-1.11929152548903	-0.151818797340267	0.340283511279908	0	1.34317463757986
C:	-0.464386909511404	-0.420902651407514	0.341559937068171	-0.839766328033123	-0.768262841235015	0.948123273585784	1.24245701082372	2.20690405028607	-1.28159192163365	-0.211461896295372	-0.331055483855368	0.906809573302674	-1.82435156868825	0.167518201686595	-1.02006995517586	-0.869507657494255	0.219293818380385	0.447724879193287
G:	0.736827229758095	0.410600838261176	-0.580530544657893	-0.58435352780185	-0.149907883658467	-2.17637621065515	-0.785641128091381	-1.40022066465854	1.13131016585021	-2.11588900437291	1.30335005263814	0.0131014799032378	0.525391439869673	-0.053732253371172	0.475299046356302	-0.249541241605266	-0.947060116741664	-1.3497912614103
T:	-0.73879735604087	-0.31288716096187	0.0942578693038498	0.373196325064338	-0.509686804438786	1.64526592969489	1.187253665665	-0.302269857767558	-1.75833770737727	1.71253325735193	0.85001973059126	-2.14033730169234	-0.0479705227707093	0.606594997616711	-0.0969953427451704	0.4814496103533	0.595963200539635	-0.139550611696609

Probability matrix

A:	0.0889506622273508	0.194480904016359	0.196340303624437	0.113449751166952	0.06506742363281	0.142533084905976	0.690832860888256	0.317862010292591	0.0237629979488618	0.0526453088911516	0.780640292386819	0.0289718783197831	0.0332826822967524	0.555956878110959	0.205612334257312	0.142352771104645	0.202747783276848	0.0441914648669723
C:	0.348182790484235	0.345270628764128	0.167599937523751	0.427889953884778	0.404561010792143	0.0353645463402428	0.0320168955579458	0.0136006828752671	0.361518524484775	0.120504337855506	0.146043442516509	0.0396348335450805	0.764419008944613	0.153527699990752	0.489920768524267	0.477278152157782	0.162823849945	0.108200006476198
G:	0.104743390883039	0.150328823434524	0.421436998704266	0.331442136942913	0.217989652853866	0.804490603723193	0.243316213754304	0.501320049179215	0.0323757989008735	0.809254019032626	0.0284884457399144	0.0968745129438545	0.0729207380625165	0.191546665263046	0.109823516246495	0.256757749974725	0.522707940226353	0.652948047815301
T:	0.458123156405375	0.30991964378499	0.214622760147545	0.127218158005358	0.312381912721181	0.0176117650305886	0.0338340297994945	0.167217257652926	0.58234267866549	0.0175963342207161	0.0448278193567572	0.834518775191282	0.129377570696118	0.0989687566352428	0.194643380971927	0.123611326762848	0.111720426551799	0.194660480841528



4	GAT..GATC	0.469384638876164

Enrichment score matrix

A:	-0.0692307692307692	-0.0929919137466307	-0.0333333333333333	-0.075098814229249	-0.0759868421052632	0.288064516129032	-0.0850079744816587	-0.213369963369963	-0.0329768270944742	0.0540540540540541	0.308779514466245	-0.112689393939394	-0.199728260869565	0.102564102564103	0.116883116883117	-0.00793650793650794	0.0541871921182266
C:	-0.0785714285714286	0.115384615384615	-0.0564102564102564	0.0612648221343874	-0.071244358478401	-0.0582171012734991	-0.1494140625	0.232078853046595	0.0329768270944742	0.00725952813067151	-0.00239234449760766	-0.178661616161616	0.319632327436698	-0.134285714285714	-0.0575980392156863	-0.0148936170212766	0.0964285714285714
G:	0.0964285714285714	-0.0148936170212766	-0.0575980392156863	-0.134285714285714	0.30510752688172	-0.0837971552257267	0.0460925039872408	0.00725952813067151	0.0329768270944742	0.232078853046595	-0.162434895833333	-0.00579896907216495	-0.0920915712799168	0.0612648221343874	-0.0564102564102564	0.115384615384615	-0.0785714285714286
T:	0.0541871921182266	-0.00793650793650794	0.116883116883117	0.102564102564103	-0.169078947368421	-0.132962275819419	0.207016960425673	0.0540540540540541	-0.0329768270944742	-0.213369963369963	-0.137369791666667	0.309743252139565	-0.024113475177305	-0.075098814229249	-0.0333333333333333	-0.0929919137466307	-0.0692307692307692

Energy matrix for enoLOGOS

A:	0.63763894882912	0.85648717744792	0.307011345732539	0.691685640583192	0.699864679581085	-2.65317224263701	0.782952379308342	1.96520998779345	0.303727801927913	-0.497856236323037	-2.84396442812766	1.03790767449353	1.83956526451155	-0.94465029456166	-1.07653329023098	0.0730979394601284	-0.499082483210532
C:	0.723669600655272	-1.06273158138187	0.519557662008913	-0.564269864686288	0.656184791169161	0.536199318198735	1.37615437198472	-2.13752522969698	-0.303727801927913	-0.0668627250234206	0.0220343071099909	1.64553429625585	-2.94392252957893	1.23681713566537	0.530497545934903	0.137175282135816	-0.888139964440561
G:	-0.888139964440561	0.137175282135816	0.530497545934903	1.23681713566537	-2.81014417263252	0.771800321832265	-0.424527650319157	-0.0668627250234206	-0.303727801927913	-2.13752522969698	1.4960806789115	0.0534104789612021	0.84819471687814	-0.564269864686288	0.519557662008913	-1.06273158138187	0.723669600655272
T:	-0.499082483210532	0.0730979394601284	-1.07653329023098	-0.94465029456166	1.5572746549986	1.22462781692942	-1.90669666829238	-0.497856236323037	0.303727801927913	1.96520998779345	1.26522253807746	-2.85284078012824	0.222093313934177	0.691685640583192	0.307011345732539	0.85648717744792	0.63763894882912

Probability matrix

A:	0.103811715846093	0.0829357249125292	0.15157796443529	0.0977777801816624	0.0278416036665785	0.913705760389987	0.0509577340724786	0.0123645772668393	0.176319913662504	0.145169487137091	0.920485423520423	0.0188080879837096	0.00779692173665839	0.502217498531055	0.604646956832305	0.181536211670098	0.32353272428953
C:	0.0952541118362163	0.565259358821428	0.12255425048317	0.343316533563757	0.0290846727322619	0.0376426243107687	0.0281569594891283	0.748125638663496	0.323680086337496	0.0943402969325738	0.0523997819425567	0.0102436742369768	0.931891881279309	0.0566881877235252	0.121220828249235	0.170268704595945	0.477401448028161
G:	0.477401448028161	0.170268704595944	0.121220828249235	0.0566881877235252	0.931261658664816	0.0297412814929451	0.170455893665145	0.0943402969325738	0.323680086337496	0.748125638663496	0.0119993929152838	0.050339204384898	0.0210121229456986	0.343316533563757	0.12255425048317	0.565259358821428	0.0952541118362163
T:	0.32353272428953	0.181536211670098	0.604646956832305	0.502217498531055	0.0118120649363439	0.0189103338062987	0.750429412773248	0.145169487137091	0.176319913662504	0.0123645772668393	0.0151154016217361	0.920609033394415	0.0392990740383336	0.0977777801816624	0.15157796443529	0.0829357249125293	0.103811715846093



5	GA.TGATC	0.469254438212272

Enrichment score matrix

A:	-0.236842105263158	-0.0749158249158249	0.00793650793650794	-0.0656639765223771	0.0191919191919192	-0.0811202317720908	0.155094168368505	-0.020544783010157	-0.156410256410256	-0.14544930875576	0.356974829451894	-0.155982905982906	-0.138605442176871	0.0641711229946524	-0.061576354679803	0.0520833333333333	-0.0705128205128205	0.139751552795031
C:	0.0982142857142857	-0.0776785714285714	0.0211187214611872	-0.0518836748182419	-0.0935294117647059	-0.0210827693909422	-0.0377808032675289	-0.0815747674154754	0.139147074904319	0.105026455026455	0.0131578947368421	-0.228797763280522	0.242028985507246	-0.0654545454545455	0.204776422764228	-0.107571560480148	0.0766666666666667	0.0714285714285714
G:	0.0612903225806452	0.025	-0.0711111111111111	0.137197358767425	0.134411764705882	0.214862298195632	0.0969447708578143	0.0430803571428571	-0.12283044058745	0.249013806706114	-0.169489531874853	0.0690331010452962	-0.105701754385965	0.116666666666667	-0.109210526315789	0.00969529085872576	0.106666666666667	-0.025
T:	-0.0015015015015015	0.145593869731801	0.0476190476190476	-0.0133239831697055	-0.0643595364860633	-0.111056511056511	-0.224376731301939	0.0623931623931624	0.190909090909091	-0.226065162907268	-0.21031746031746	0.297345928924876	0.0121462559479088	-0.116666666666667	-0.00864326872708224	0.0191256830601093	-0.0871080139372822	-0.201388888888889

Energy matrix for enoLOGOS

A:	2.1813964038891	0.690000246722122	-0.0730979394601284	0.604787573948546	-0.176764108149038	0.747144945674553	-1.42847008038251	0.189224444391939	1.44059169920653	1.33963764050921	-3.28785968348009	1.43665565631252	1.27660329985724	-0.591037884832696	0.567139185466514	-0.479705227707093	0.649447077511141	-1.28715936875444
C:	-0.904587000819089	0.715446082466007	-0.194510612878492	0.477866304824937	0.861437717143655	0.194179482074459	0.347974057620611	0.75133137366132	-1.28159192163365	-0.9673293988557	-0.12118868910495	2.10730527616044	-2.22916933640583	0.60285864252935	-1.88606055381423	0.990770686366782	-0.706126095184841	-0.657881455141156
G:	-0.56450473247596	-0.230258509299405	0.654957537562751	-1.26363437238411	-1.23797810293915	-1.97895489948681	-0.892894336883708	-0.39678475263201	1.13131016585021	-2.2935019170848	1.5610562780543	-0.635818357560203	0.973549135809763	-1.07453971006389	1.00586611957108	-0.0892969288141735	-0.982436306344126	0.230258509299405
T:	0.0138293398978621	-1.34096909630305	-0.438587636760771	0.122718420103469	0.592773237219263	1.0228682673546	2.0665860668423	-0.57466226252501	-1.75833770737727	2.08213709662218	1.9370953956934	-2.73865721361955	-0.111871151525381	1.07453971006389	0.0796074469028848	-0.176154050830146	0.802294457489215	1.85486021380076

Probability matrix

A:	0.0211843627798625	0.0826017192536674	0.246721238588153	0.097724819674679	0.212440728029399	0.0532747274310944	0.560249793629201	0.181375839826788	0.0237629979488618	0.0202629142601349	0.947542950412221	0.0134199327610734	0.0252080382131244	0.321144496223198	0.0671202436047747	0.378102040985436	0.0921596073167811	0.556963637741367
C:	0.463704135341903	0.0805263660021117	0.278570671274948	0.110949687808228	0.0752233130778171	0.0926128152132943	0.0948160412385075	0.103385468170241	0.361518524484775	0.203519000869125	0.0399329290020416	0.00686263515480429	0.839608369747968	0.0973190385382066	0.780305438477538	0.0868939313367621	0.357485609704422	0.296848539838474
G:	0.330023690459612	0.207325340055496	0.119128606156905	0.63306779200092	0.613927607024327	0.813675718876841	0.327932239721498	0.325896725603934	0.0323757989008735	0.766574500372648	0.00742576941803917	0.106614031969333	0.0341313762003787	0.520814009802142	0.043282948459597	0.25589208432371	0.4712578139298	0.122129514684188
T:	0.185087811418623	0.629546574688725	0.355579483979994	0.158257700516172	0.0984083518684571	0.0404367384787701	0.017001925410794	0.389341966399037	0.58234267866549	0.00964358449809197	0.0050983511676981	0.873103400114789	0.101052215838529	0.0607224554364532	0.109291369458091	0.279111943354092	0.0790969690489963	0.0240583077359717



