1	G.T.ATTAA	0.467054512139258

Enrichment score matrix

A:	0.184848484848485	-0.0463800904977376	0.0633333333333333	0.0235897435897436	0.0271739130434783	0.0517658442186744	-0.0661962365591398	-0.0727642276422764	0.340482098546615	-0.0638586956521739	-0.23010752688172	0.275537634408602	0.187825182101977	-0.226537216828479	-0.0141184573002755	-0.00245700245700246	-0.0497076023391813	0.0414201183431953	-0.175675675675676
C:	-0.0181818181818182	0.0497076023391813	-0.00461538461538462	-0.118908382066277	-0.0832201086956522	0.0227485928705441	-0.0568421052631579	0.0662790697674419	0.0923913043478261	-0.202046479361776	0.104739010989011	-0.1375	-0.0900135869565217	-0.096978021978022	0.0881720430107527	-0.0414084507042254	0.0770491803278689	0.0627705627705628	-0.147727272727273
G:	-0.161290322580645	0.0693877551020408	-0.0424107142857143	0.039047619047619	0.156607700312175	-0.102857142857143	-0.0581317204301075	-0.0191056910569106	-0.171038638780574	-0.00917119565217391	-0.155563186813187	0.0257898130238556	-0.0336277173913043	0.127980922098569	-0.0544241573033708	-0.0908278737343657	0.0450367647058824	-0.146666666666667	0.204545454545455
T:	0.0142045454545455	-0.0622448979591837	-0.00595238095238095	0.0724275724275724	-0.0720108695652174	0.0353982300884956	0.182566918325326	0.0358527131782946	-0.228819444444444	0.30298300381547	0.267882187938289	-0.161962365591398	-0.0664238640305238	0.224929971988796	0.0279569892473118	0.142857142857143	-0.0385208012326656	0.0774410774410774	0.0452380952380952

Energy matrix for enoLOGOS

A:	-1.70251746269863	0.427176419967221	-0.583321556891825	-0.217269567749182	-0.250280988368918	-0.476781044896687	0.609689870053531	0.670183303489324	-3.13595601817906	0.588160322666957	2.1193686447343	-2.53779539819236	-1.72993385758762	2.08648487391046	0.130035797262749	0.0226298289237744	0.457823936618699	-0.381493388188363	1.61803276804987
C:	0.167460734035931	-0.457823936618699	0.0425092632552747	1.0951866719114	0.766485526879812	-0.209522283321222	0.523535136933383	-0.610452792096096	-0.850955360454321	1.86091684588142	-0.964681941432945	1.26642180114673	0.829055773972041	0.89320059101857	-0.812094527421556	0.381385925262112	-0.709649176201444	-0.578138248457379	1.36061846404194
G:	1.48553876967358	-0.639084842137123	0.390617113990061	-0.359641862143832	-1.44241022474757	0.947349295403265	0.535412931569852	0.175969917675968	1.57532407992857	0.0844698335745099	1.43278989989877	-0.237532956079334	0.309722723106536	-1.17874785364719	0.501265013222018	0.836555632356384	-0.41480393219378	1.35084992122317	-1.88393325790422
T:	-0.130828698465571	0.573296696623007	0.0548234545950963	-0.667082594373899	0.663244619177633	-0.326029747680573	-1.68150345843903	-0.330215691630929	2.10750496705983	-2.79057659206424	-2.46728613050133	1.49172851454722	0.61178639654299	-2.07168160187588	-0.25749338674342	-1.31576291028231	0.35478969075409	-0.71325868200489	-0.416658254922732

Probability matrix

A:	0.712721220362235	0.139052293922121	0.409721670657829	0.250615076220461	0.197747340500086	0.348887401607196	0.0766059941880088	0.111638252135377	0.896017847768517	0.0309899051996931	0.00813013971613481	0.876968388055774	0.767095687161807	0.0105889294964683	0.174560813933013	0.167938238769846	0.129607846235465	0.264018952475565	0.0231888946266936
C:	0.109849599389441	0.336921657915058	0.219126076724036	0.06745508449403	0.0715376326860769	0.267064573392627	0.0834986162540945	0.40177806050782	0.0911913161083276	0.00867898849909326	0.177616848694871	0.0195358989887607	0.0593600782524009	0.0349211740357447	0.447825438163995	0.117312367995015	0.416541641768643	0.321393346193885	0.029996712376065
G:	0.0294011596163305	0.403877389172525	0.154707990253886	0.288960643027761	0.651397069550345	0.0839833780031761	0.0825127036626277	0.182998350309957	0.00805811964030473	0.0512826250500703	0.016153824834791	0.0879007646781188	0.0997787233788518	0.277283873581656	0.120427025128103	0.0744159635010298	0.310176407735362	0.0466968906383458	0.769421943462782
T:	0.148028020631993	0.120148658990297	0.216444262364248	0.392969196257748	0.0793179572634927	0.300064646997	0.757382685895269	0.303585337046847	0.00473271648285076	0.909048481251143	0.798099186754203	0.0155949482773461	0.0737655112069407	0.677206022886131	0.257186722774889	0.64033342973411	0.143674104260531	0.367890810692205	0.177392449534459



2	A..ATTAAT	0.466247210716085

Enrichment score matrix

A:	0.0166666666666667	0.0652777777777778	0.0534290271132376	0.0254437869822485	0.109010011123471	-0.0985169491525424	-0.0655655655655656	0.266969147005445	-0.0461432506887052	-0.286680541103018	0.335129310344828	0.288935202728306	-0.248178980228928	-0.0423469387755102	0.066047471620227	-0.0189098998887653	0.019047619047619	-0.163187855787476	0.071969696969697	-0.0384615384615385
C:	0	-0.114141414141414	0.0211864406779661	-0.0854545454545454	-0.0997732426303855	-0.0381400208986416	0.0292949354518371	0.0822010869565217	-0.179928315412186	0.1003996003996	-0.164986559139785	-0.0704965567234505	-0.120244565217391	0.0323232323232323	0.076271186440678	-0.0545050055617353	-0.0419501133786848	0.0677966101694915	-0.0509838998211091	0.0375
G:	0.0375	-0.0509838998211091	0.0677966101694915	-0.0419501133786848	-0.0545050055617353	0.076271186440678	0.0323232323232323	-0.146739130434783	0.00105337078651685	-0.113943808532778	0.140456989247312	-0.164371148967017	0.0849184782608696	0.0292949354518371	-0.0381400208986416	-0.0997732426303855	-0.0854545454545454	0.0211864406779661	-0.114141414141414	0
T:	-0.0384615384615385	0.071969696969697	-0.163187855787476	0.019047619047619	-0.0189098998887653	0.066047471620227	-0.0423469387755102	-0.189212625737079	0.275487256371814	0.309800362976407	-0.288978494623656	-0.0349764407393983	0.297459165154265	-0.0655655655655656	-0.0985169491525424	0.109010011123471	0.0254437869822485	0.0534290271132376	0.0652777777777778	0.0166666666666667

Energy matrix for enoLOGOS

A:	-0.15350567286627	-0.601230552059556	-0.492099525456463	-0.234345938458566	-1.00401930640007	0.907374634103586	0.60388117553998	-2.45887671273629	0.4249950447124	2.6404253615811	-3.0866550169015	-2.66119156257364	2.28581288107838	0.390029719833685	-0.608319694330728	0.174166614375523	-0.175435054704308	1.50301569637562	-0.662865405558892	0.354243860460622
C:	0	1.05128127478112	-0.19513432991475	0.787065449968874	0.918945524641615	0.351282574270774	-0.269816326686492	-0.757099989815977	1.65720102750252	-0.924714492890716	1.5195823664786	0.649297282475305	1.10749337353246	-0.297707971619432	-0.702483587693099	0.502009653200037	0.386374822860679	-0.624429855727199	0.469579070843151	-0.345387763949107
G:	-0.345387763949107	0.469579070843151	-0.624429855727199	0.386374822860679	0.502009653200037	-0.702483587693099	-0.297707971619432	1.35151733719216	-0.00970190348171649	1.04946125986617	-1.29365667859074	1.51391422931903	-0.782128088652869	-0.269816326686492	0.351282574270774	0.918945524641615	0.787065449968874	-0.19513432991475	1.05128127478112	0
T:	0.354243860460622	-0.662865405558892	1.50301569637562	-0.175435054704308	0.174166614375523	-0.608319694330728	0.390029719833685	1.74271268571384	-2.53733139932627	-2.85336679037447	2.66159029566516	0.322144924210113	-2.73970015783466	0.60388117553998	0.907374634103586	-1.00401930640007	-0.234345938458566	-0.492099525456463	-0.601230552059556	-0.15350567286627

Probability matrix

A:	0.272399992573493	0.384930294071801	0.331065185712656	0.352058876653666	0.596730426406285	0.0813105482451097	0.140890584706054	0.82002807091009	0.045087567306485	0.00351579733009804	0.847717674906171	0.907033148397058	0.00561814013448565	0.174484349484428	0.370172858354837	0.183695508839679	0.331917864119243	0.0450241976067848	0.409401819299305	0.163943525807022
C:	0.233636356406475	0.0737403719373743	0.246004565851936	0.126771599271157	0.087225841397504	0.141792938335156	0.337539012549713	0.1495396910503	0.0131497211915489	0.124263733549515	0.00846813475379858	0.0331051927814735	0.0182528307895402	0.347086053259806	0.406723655064897	0.132348223356531	0.189251659955934	0.377906050828624	0.131927514691519	0.330020125213009
G:	0.330020125213009	0.131927514691519	0.377906050828624	0.189251659955934	0.132348223356531	0.406723655064897	0.347086053259806	0.0181549730887691	0.06963751893254	0.0172572170846213	0.141111352326069	0.0139443332186243	0.120776489346144	0.337539012549713	0.141792938335156	0.087225841397504	0.126771599271157	0.246004565851936	0.0737403719373743	0.233636356406475
T:	0.163943525807022	0.409401819299305	0.0450241976067848	0.331917864119243	0.183695508839679	0.370172858354837	0.174484349484428	0.0122772649508404	0.872125192569426	0.854963252035766	0.00270283801396147	0.045917325602844	0.85535253972983	0.140890584706054	0.0813105482451097	0.596730426406286	0.352058876653666	0.331065185712656	0.384930294071801	0.272399992573493



3	CATTA..TC	0.462724080012216

Enrichment score matrix

A:	0.0272727272727273	0.025	0.0647540983606557	-0.115897435897436	-0.0201822916666667	0.251247090123046	0.0544991511035654	-0.146519524617997	0.211736444749485	0.167685076380729	0.0183035714285714	-0.0087719298245614	-0.00526315789473684	0.0374348958333333	-0.026196928635953	0.0345988977342315	0.112380952380952	-0.0213414634146341
C:	-0.0696969696969697	-0.155	-0.0178268251273345	-0.0184599156118143	0.0823079481210509	0.076171875	-0.152593085106383	0.0641622340425532	-0.0564516129032258	0.00231990231990232	0.0445402298850575	0	0.0903897849462366	0.078125	0.0599647266313933	0.0719534598897734	0.0728744939271255	-0.107954545454545
G:	-0.0909090909090909	0.0163690476190476	0.0704584040747029	-0.0004995004995005	-0.00553385416666667	-0.216427432216906	-0.15625	-0.152925531914894	-0.0524193548387097	-0.0651785714285714	-0.118566392479436	-0.0751953125	-0.0789473684210526	-0.0104166666666667	0.022583559168925	-0.00153092467850582	-0.104545454545455	0.00900900900900901
T:	0.112820512820513	0.0491071428571429	-0.105697151424288	0.124761904761905	-0.0537480063795853	-0.101236979166667	0.260950764006791	0.237181663837012	-0.10280701754386	-0.0962053571428571	0.0536646244610846	0.0859660791486531	-0.00427631578947368	-0.105143229166667	-0.0578139114724481	-0.0994202898550725	-0.116666666666667	0.128205128205128

Energy matrix for enoLOGOS

A:	-0.251191101053896	-0.230258509299405	-0.596407286382064	1.06745483285468	0.185885775736499	-2.31407121750183	-0.501955731647598	1.34949469287189	-1.95016472529489	-1.54443662876733	-0.168582122879921	0.0807924594032998	0.0484754756419799	-0.344788132414473	0.241282629437497	-0.318667624627468	-1.03506682275542	0.196562142084858
C:	0.641932813804401	1.42760275765631	0.164191127174448	0.170022106022767	-0.758084217513836	-0.701568895521623	1.40543425223972	-0.590956014558312	0.519938569385752	-0.0213670899960375	-0.410230677487445	0	-0.832520685504568	-0.719557841560639	-0.552295542587637	-0.662715856526149	-0.671198893504337	0.994298108338338
G:	0.837303670179653	-0.150764500136515	-0.648945883594247	0.00460056961637172	0.0509686804438786	1.99337031655051	1.43911568312128	1.40849620050168	0.482800100143913	0.600316827816305	1.09203683141292	0.692574422502115	0.727132134629699	0.0959410455414186	-0.208002266756463	0.0141003373728968	0.962899220706601	-0.0829760393871728
T:	-1.03911532401783	-0.452293500409545	0.973506740965998	-1.14909960831322	0.495037433071128	0.932427036355662	-2.40344535682978	-2.18452385393051	0.946887624206674	0.886084084893245	-0.494269457220868	-0.79177684940334	0.0393863239591087	0.968404928433694	0.532485802896545	0.915694709445748	1.07453971006389	-1.18081286820207

Probability matrix

A:	0.253490226530466	0.297376129173756	0.366381834228895	0.0644181344447004	0.183530822610417	0.798871199889171	0.125189681303141	0.0231663993773346	0.814638748003406	0.702676752937192	0.253690732150878	0.199219822552925	0.202850819155873	0.296984134815212	0.180967647745287	0.292517106985821	0.512326712883396	0.148426363925678
C:	0.103772536345383	0.0566638532600556	0.17124197914651	0.158036799013767	0.471704446726592	0.159285375694373	0.0185865844374178	0.16128187871558	0.0688989863707041	0.153212743566162	0.323036231837732	0.215983347630884	0.489540398660297	0.432009867056341	0.400172796699839	0.412638283482639	0.356058343401153	0.0668434289438318
G:	0.0853559787800429	0.274651701956906	0.386145657651123	0.186466098944749	0.210040363483162	0.0107591676638299	0.0179709869754177	0.021839088584725	0.0715058979816977	0.0822812715482149	0.0719158712445545	0.108053544633612	0.102905816695054	0.191129181295042	0.283610883383458	0.209716200050347	0.0694770504836572	0.196296672670551
T:	0.557381258344108	0.371308315609283	0.0762305289734714	0.591078967596784	0.134724367179828	0.0310842567526256	0.838252747284023	0.793712633322361	0.0449563676441925	0.0618292319484301	0.351357164766836	0.476743285182579	0.204702965488775	0.079876816833405	0.135248672171416	0.0851284094811937	0.0621378932317937	0.588433534459939



4	T..GATTAA	0.459835539878144

Enrichment score matrix

A:	-0.112903225806452	0.0697399527186761	0.0680555555555555	-0.00818965517241379	-0.0840058694057227	-0.0688854489164087	-0.000446030330062444	-0.0598684210526316	0.286626344086022	-0.0567876344086021	-0.261904761904762	0.2253125	0.130651595744681	-0.211178861788618	-0.0115886045388701	0.0579178885630499	0.00735667174023338	-0.00728597449908925	0.0220588235294118	0.0619834710743802
C:	-0.0933333333333333	-0.079656862745098	-0.106060606060606	-0.0829471733086191	-0.00137362637362637	0.00802721088435374	-0.000223015165031222	0.0430921052631579	0.116599462365591	-0.167434210526316	0.147495361781076	-0.10984393757503	-0.0174323884001303	-0.12481884057971	-0.0563997662185856	-0.0355805243445693	-0.0452182952182952	-0.0757575757575758	-0.0650510204081633	0.0650793650793651
G:	0.137037037037037	0.00266666666666667	-0.00944822373393802	0.00973123262279889	-0.0254480286738351	0.0352564102564103	0.0219180901420045	0.109539473684211	-0.190803019903912	-0.0539473684210526	-0.128014842300557	0.100540216086435	-0.0426146010186757	0.149503722084367	-0.0178062678062678	-0.0571120689655172	0.000282326369282891	-0.0182149362477231	-0.0354609929078014	-0.115384615384615
T:	0.0476190476190476	0.00533333333333333	0.0306122448979592	0.078042328042328	0.104395604395604	0.0446725860155383	-0.00969827586206897	-0.0842105263157895	-0.236444749485244	0.276973684210526	0.247474747474747	-0.215625	-0.0743055555555556	0.219816272965879	0.072710538426139	0.0547892720306513	0.0550481988838153	0.100985221674877	0.0882352941176471	0.00964187327823691

Energy matrix for enoLOGOS

A:	1.0398771387715	-0.642328702064533	-0.626814830870601	0.0754295116670463	0.773722650470486	0.634458431196502	0.00410809115609999	0.551408535427522	-2.63992618860742	0.523033441822572	2.41223200218424	-2.07520481506088	-1.20334566695035	1.94502919643969	0.106734992239222	-0.533443467291876	-0.0677574507324478	0.0671063050781507	-0.203169272911239	-0.570888866031582
C:	0.859631768051111	0.733666818846142	0.976854281876262	0.76397169906568	0.0126515664450222	-0.0739333444825299	0.00205404557805	-0.396892956818711	-1.07392073557652	1.54212606886049	-1.35848248529148	1.01170005286413	0.16055823066169	1.14962400657456	0.519461043773058	0.327708739826868	0.416475890001002	0.697753058483044	0.599142039503553	-0.599403103573053
G:	-1.26215775467822	-0.0245609076586032	0.0870213565001529	-0.0896279646948563	0.234385005881831	-0.324723538755571	-0.201873070511518	-1.00889583679871	1.75736075731598	0.496873625330294	1.17906027025298	-0.926009611228098	0.392494980197966	-1.37698016727435	0.164001787250288	0.526021594520192	-0.00260032195707967	0.167765762695377	0.326607814609085	1.06273158138187
T:	-0.438587636760771	-0.0491218153172063	-0.281949195060495	-0.718796404691263	-0.96151904982169	-0.411449722499491	0.0893244217109759	0.775607610271679	2.17773662192573	-2.55102190565919	-2.27932665771128	1.98597964270736	0.684379458195453	-2.02458269331497	-0.669688807534393	-0.504627844135094	-0.507012648584178	-0.930108264165083	-0.812677091644957	-0.0888049347160238

Probability matrix

A:	0.0603201162877339	0.426568919803373	0.416799628397507	0.204311119420675	0.0950052283393505	0.117837461791753	0.241016134623619	0.109400243438434	0.813488122688118	0.0416374038586542	0.00637486180458292	0.724761989593423	0.621189527147207	0.0119196194864393	0.209210689919735	0.364842124034363	0.243626675506827	0.194280040179664	0.257961091287733	0.351909287799005
C:	0.0722340125025753	0.107746196265228	0.0838422021333431	0.102627070182207	0.203365125107009	0.239295217216533	0.241511701533454	0.28239720476971	0.169919683134767	0.0150278668488865	0.276739574742692	0.0330803166650811	0.15881378215763	0.0264059913297816	0.138464749694817	0.154209569158058	0.15011530435059	0.103405057294779	0.115641796484082	0.362088144330316
G:	0.602869373156036	0.229983174841118	0.204132524230404	0.240976978402956	0.1629216759741	0.307504032945062	0.29614376872604	0.520774687928728	0.0100146035265255	0.0427410027395957	0.0218791503608394	0.229671058982922	0.125938738321253	0.330364008487225	0.197566460168359	0.126469308895864	0.228258761990574	0.175675960873767	0.151871030490656	0.0687002604166517
T:	0.264576498053655	0.23570170909028	0.295225645238745	0.452084831994162	0.53870797057954	0.335363288046652	0.221328395116887	0.0874278638631271	0.00657759065058902	0.900593726552864	0.695006413091886	0.0124866347585741	0.0940579523739111	0.631310380696554	0.454758100217089	0.354478997911715	0.377999258152009	0.526638941651791	0.474526081737529	0.217302307454027



5	ATTAAT.A	0.459321001627699

Enrichment score matrix

A:	0.0166666666666667	0.0652777777777778	0.0534290271132376	0.0254437869822485	0.109010011123471	-0.0985169491525424	-0.0655655655655656	0.224929971988796	-0.00723450723450723	-0.239572989076465	0.241926182237601	0.225123694337548	-0.256341068537507	-0.0423469387755102	0.066047471620227	-0.0189098998887653	0.019047619047619	-0.163187855787476	0.071969696969697	-0.0384615384615385
C:	0	-0.114141414141414	0.0211864406779661	-0.0854545454545454	-0.0997732426303855	-0.0381400208986416	0.0292949354518371	0.127980922098569	-0.167222222222222	0.155570117955439	-0.1002828854314	-0.103703703703704	-0.128250892401836	0.0323232323232323	0.076271186440678	-0.0545050055617353	-0.0419501133786848	0.0677966101694915	-0.0509838998211091	0.0375
G:	0.0375	-0.0509838998211091	0.0677966101694915	-0.0419501133786848	-0.0545050055617353	0.076271186440678	0.0323232323232323	-0.096978021978022	-0.0141291810841984	-0.137288977159881	0.160034602076125	-0.132536382536383	0.124753451676529	0.0292949354518371	-0.0381400208986416	-0.0997732426303855	-0.0854545454545454	0.0211864406779661	-0.114141414141414	0
T:	-0.0384615384615385	0.071969696969697	-0.163187855787476	0.019047619047619	-0.0189098998887653	0.066047471620227	-0.0423469387755102	-0.226537216828479	0.20876585928489	0.264973262032086	-0.271388888888889	0.0470107307102708	0.273880194279547	-0.0655655655655656	-0.0985169491525424	0.109010011123471	0.0254437869822485	0.0534290271132376	0.0652777777777778	0.0166666666666667

Energy matrix for enoLOGOS

A:	-0.15350567286627	-0.601230552059556	-0.492099525456463	-0.234345938458566	-1.00401930640007	0.907374634103586	0.60388117553998	-2.07168160187588	0.0666322740533358	2.20654877332597	-2.22822248330104	-2.07346585064555	2.36098849254651	0.390029719833685	-0.608319694330728	0.174166614375523	-0.175435054704308	1.50301569637562	-0.662865405558892	0.354243860460622
C:	0	1.05128127478112	-0.19513432991475	0.787065449968874	0.918945524641615	0.351282574270774	-0.269816326686492	-1.17874785364719	1.54017358442491	-1.43285373807808	0.923639508307088	0.955146408945678	1.1812343720306	-0.297707971619432	-0.702483587693099	0.502009653200037	0.386374822860679	-0.624429855727199	0.469579070843151	-0.345387763949107
G:	-0.345387763949107	0.469579070843151	-0.624429855727199	0.386374822860679	0.502009653200037	-0.702483587693099	-0.297707971619432	0.89320059101857	0.130134566962755	1.26447820896297	-1.47397315641487	1.22070519483052	-1.14902175251971	-0.269816326686492	0.351282574270774	0.918945524641615	0.787065449968874	-0.19513432991475	1.05128127478112	0
T:	0.354243860460622	-0.662865405558892	1.50301569637562	-0.175435054704308	0.174166614375523	-0.608319694330728	0.390029719833685	2.08648487391046	-1.92280462206193	-2.44049393278834	2.49958403983909	-0.432984830976908	-2.52252981045759	0.60388117553998	0.907374634103586	-1.00401930640007	-0.234345938458566	-0.492099525456463	-0.601230552059556	-0.15350567286627

Probability matrix

A:	0.272399992573493	0.384930294071801	0.331065185712656	0.352058876653666	0.596730426406285	0.0813105482451097	0.140890584706054	0.677206022886131	0.105496358465527	0.00685351516930843	0.657038064989854	0.781635763960596	0.00588939316759145	0.174484349484428	0.370172858354837	0.183695508839679	0.331917864119243	0.0450241976067848	0.409401819299305	0.163943525807022
C:	0.233636356406475	0.0737403719373743	0.246004565851936	0.126771599271157	0.087225841397504	0.141792938335156	0.337539012549713	0.277283873581656	0.0241705542321646	0.260907045259974	0.0281031020301198	0.0378176754360373	0.0191615771773031	0.347086053259806	0.406723655064897	0.132348223356531	0.189251659955934	0.377906050828624	0.131927514691519	0.330020125213009
G:	0.330020125213009	0.131927514691519	0.377906050828624	0.189251659955934	0.132348223356531	0.406723655064897	0.347086053259806	0.0349211740357447	0.0990053750897455	0.0175812369047952	0.309046770875349	0.0289977375543515	0.196992017940465	0.337539012549713	0.141792938335156	0.087225841397504	0.126771599271157	0.246004565851936	0.0737403719373743	0.233636356406475
T:	0.163943525807022	0.409401819299305	0.0450241976067848	0.331917864119243	0.183695508839679	0.370172858354837	0.174484349484428	0.0105889294964683	0.771327712212563	0.714658202665922	0.00581206210467755	0.151548823049016	0.77795701171464	0.140890584706054	0.0813105482451097	0.596730426406286	0.352058876653666	0.331065185712656	0.384930294071801	0.272399992573493



