1	GA..AGTGA	0.37687823537496

Enrichment score matrix

A:	0.0769230769230769	-0.18859649122807	-0.0364548494983278	0.0342401500938086	-0.0755208333333333	-0.0516447368421053	0.16540404040404	-0.00249546279491833	0.0227714224044895	0.142434210526316	-0.038659793814433	-0.105614035087719	-0.0111842105263158	0.111653645833333	-0.127949183303085	0.0221311475409836	-0.0498199279711885	-0.15
C:	0.0833333333333333	0.0282828282828283	0.0867768595041322	-0.0348214285714286	0.086734693877551	-0.0835526315789474	-0.0593692022263451	0.0447873947766026	-0.0117702448210923	-0.114764667956157	-0.0393041237113402	0.0199039121482498	-0.138440860215054	-0.0945773524720893	0.0694444444444444	0.0169779286926995	-0.08625	-0.0012987012987013
G:	-0.104700854700855	0.0808966861598441	-0.125418060200669	0.0891181988742964	0.0486443381180223	0.126973684210526	-0.0565862708719852	-0.00635593220338983	0.0384615384615385	0.00789473684210526	0.126288659793814	-0.0342741935483871	0.135855263157895	0.00325520833333333	0.0194741966893866	-0.0277777777777778	0.181318681318681	-0.00909090909090909
T:	-0.0346938775510204	0.0575471698113208	0.0852941176470588	-0.0825892857142857	-0.0559808612440191	0.0084005376344086	-0.0460729746444032	-0.0377926421404682	-0.0486842105263158	-0.0347079037800687	-0.0473484848484848	0.115927419354839	0.0108552631578947	-0.0187894911872298	0.0520934761441091	-0.00952380952380952	-0.0240761478163494	0.129464285714286

Energy matrix for enoLOGOS

A:	-0.708487720921245	1.73703787717095	0.335761572088764	-0.31536343675153	0.695572580175285	0.475665604736928	-1.52342751102131	0.0229840617268008	-0.209732551099393	-1.31186755956108	0.356069859741347	0.97274121121573	0.103010385739207	-1.02836808189708	1.17845552853779	-0.203835401674883	0.458858493921983	1.38155105579643
C:	-0.767528364331349	-0.260494475167003	-0.799244412444214	0.320717209381314	-0.798856052671404	0.769548175816431	0.546810560117324	-0.412507150266578	0.10840796106375	1.05702165455304	0.362004357403703	-0.183321805619293	1.27508744396982	0.871089607748306	-0.639606970276124	-0.156372502070903	0.794391857082946	0.0119614810025665
G:	0.964330509031694	-0.745086014497099	1.15514302324116	-0.820808944969735	-0.448030911236481	-1.16947084986277	0.521178815111825	0.0585402989744249	-0.354243860460622	-0.0727132134629699	-1.16316154182173	0.315676988555635	-1.25127321500861	-0.0299815767316933	-0.179363979980062	0.25584278811045	-1.67000677074293	0.0837303670179653
T:	0.319542421068561	-0.530029021406177	-0.785587855256792	0.760675432506962	0.515602786373786	-0.0773718109204988	0.424347778424382	0.348083097670003	0.448398149688314	0.319671607412232	0.436095661551903	-1.06773099070288	-0.0999806685115836	0.173057609250633	-0.479798646446666	0.0877175273521541	0.221749516234589	-1.19241013744335

Probability matrix

A:	0.383693553352899	0.0333460603487235	0.131218284895401	0.283444270753805	0.102123906256378	0.115398730789036	0.715216609444935	0.236225322834603	0.294049003136502	0.633375641061304	0.133584687252084	0.0724597703675963	0.156036203295993	0.549786356041971	0.0613581403363763	0.300098868713651	0.087812815185023	0.0460559354115406
C:	0.407029164145433	0.2457886418731	0.408245299462106	0.15004494490076	0.455144739027264	0.0860140611447846	0.0902286835486187	0.365138713838994	0.213920814024441	0.0592742193454149	0.132794276901786	0.230233620153168	0.0483279947645343	0.0822753928416784	0.377960747633508	0.286188041673315	0.0627823564439668	0.181171884683046
G:	0.0720259136370676	0.399040743845968	0.057828444975541	0.469872337862028	0.320470534046793	0.597963556778305	0.0925712965328559	0.227973608499719	0.339766202083489	0.183443979092159	0.610310009105583	0.139783631668709	0.604481855254598	0.202581698393005	0.238542468076808	0.189508483808045	0.738095126124915	0.168625003243229
T:	0.1372513688646	0.321824553932208	0.402707970666952	0.0966384464834079	0.122260820669565	0.200623651287875	0.101983410473591	0.170662354826684	0.152263980755569	0.123906160501123	0.123311026740547	0.557522977810526	0.191153946684875	0.165356552723345	0.322138643953307	0.22420460580499	0.111309702246095	0.604147176662184



2	CCCCCCC	0.363111599780099

Enrichment score matrix

A:	0.0960591133004926	0.203921568627451	0.0243128964059197	0.0978947368421053	0.0866935483870968	0.0401234567901235	-0.0176966292134831	-0.17259942869699	-0.00426829268292683	0.02465483234714	-0.131869078380706	-0.0848925848925849	-0.0572102258624969	-0.0572102258624969	-0.0102264426588751	0.0271428571428571	0.0933333333333333	0.121052631578947	0.113636363636364	0.26984126984127
C:	0.116071428571429	0.0128205128205128	-0.00865800865800866	0.0667447306791569	0.0231854838709677	0.0277777777777778	0.295440729483283	0.353235653235653	0.271205357142857	0.252302243211334	0.299794450154162	0.368074534161491	0.333984962406015	0.333984962406015	0.137566137566138	0.028158295281583	0.114912280701754	0.178347934918648	0.106837606837607	-0.0595238095238095
G:	0.00974025974025974	0.0298245614035088	0.120507399577167	0.111263736263736	0.135428571428571	0.106060606060606	0.0533661740558292	-0.0314732142857143	-0.0454710144927536	-0.175933441558442	-0.073539402173913	-0.153087478559177	-0.0266272189349112	-0.0266272189349112	0.0324367088607595	0.0399719495091164	-0.061576354679803	-0.00526315789473684	-0.0979591836734694	-0.0333333333333333
T:	-0.00836120401337793	-0.104081632653061	0.0857988165680473	-0.0557894736842105	-0.00692963752665245	0.0238095238095238	-0.0695128626163109	-0.0619047619047619	-0.190723710515794	-0.0708963401271094	-0.0337142857142857	-0.0503468069839751	0.0165816326530612	0.0165816326530612	0.087593984962406	0.095636732623034	0.0993103448275862	-0.0670454545454545	0.203921568627451	-0.0608974358974359

Energy matrix for enoLOGOS

A:	-0.884737129327761	-1.87818705624612	-0.223930051327117	-0.901643846940826	-0.798477088699548	-0.369550693937316	0.162991978492837	1.58969948630791	0.0393124284169715	-0.227079397731168	1.21455909642511	0.78188960191759	0.526925652951231	0.526925652951231	0.0941890176827367	-0.249994952953639	-0.859631768051111	-1.11493593976554	-1.04662958772457	-2.48532994164437
C:	-1.06905736460438	-0.118081286820207	0.0797432066837765	-0.614741687590916	-0.213546198140577	-0.25584278811045	-2.72110967828597	-3.25342059781772	-2.49789364998908	-2.3237895365895	-2.76120892754928	-3.3900917418839	-3.07611518288107	-3.07611518288107	-1.26703095064223	-0.25934748383799	-1.05838121818323	-1.64264518523981	-0.984010723501729	0.548234545950963
G:	-0.0897111075192485	-0.274694361971219	-1.10991416744745	-1.0247768820468	-1.24734323894763	-0.976854281876262	-0.491520627404312	0.289879016171572	0.418803520537323	1.62040687956643	0.677322924773384	1.40998778421762	0.245245749549662	0.245245749549662	-0.298753129154291	-0.368155260310408	0.567139185466514	0.0484754756419799	0.902237424193585	0.307011345732539
T:	0.077009534882744	0.958627263205684	-0.790236304104465	0.513840041804987	0.0638243202748883	-0.219293818380385	0.640237124926642	0.570163927789002	1.75663029085671	0.65297942369807	0.310520046826626	0.463711228964599	-0.152722480657768	-0.152722480657768	-0.806770416041523	-0.880846859521822	-0.914682078320393	0.617511456757494	-1.87818705624612	0.560886112395986

Probability matrix

A:	0.329359611690207	0.698406279602575	0.168770115358795	0.320058569777754	0.282018341847456	0.217937044804357	0.0466587960180089	0.00744573318684229	0.0689272459829621	0.102968161039229	0.0171022442080793	0.0147597053831312	0.0243853485330402	0.0243853485330402	0.113067861108405	0.199440301794951	0.284369383509397	0.314039327301101	0.228381933710976	0.864334289494824
C:	0.396022264735978	0.120144504980007	0.124569559006279	0.240231213761344	0.157124929822624	0.194512869887067	0.834608806396338	0.944599686757657	0.871536390871559	0.838093746182214	0.911396208839565	0.957075424935643	0.895178659422303	0.895178659422303	0.441072008883436	0.20131432313831	0.346895467909445	0.532310768294665	0.214519471632912	0.0416122716568211
G:	0.148728749939283	0.14051416491926	0.40932998535082	0.361997405512367	0.441791592668981	0.400018111054973	0.0897810625977883	0.0273156995464149	0.0471606779056601	0.0162311712882517	0.029266568764407	0.00787586229252369	0.032319229233304	0.032319229233304	0.167491118516842	0.224455004068591	0.0682722293431203	0.0981117179863492	0.0325296624350444	0.0529643113369255
T:	0.125889373634532	0.0409350504981583	0.297330340284106	0.0777128109485349	0.119065135660939	0.187531974253603	0.0289513349878654	0.0206388805090858	0.0123756852398187	0.0427069214903052	0.0422349781879489	0.0202890073887018	0.0481167628113529	0.0481167628113529	0.278369011491317	0.374790370998148	0.300462919238038	0.0555381864178848	0.524568932221068	0.0410891275114298



3	C.CCC.CCC	0.357286820183618

Enrichment score matrix

A:	-0.0681818181818182	0.129360465116279	0.00430622009569378	0.134202898550725	0.0181818181818182	0.0295767465578786	-0.056989247311828	-0.114767255216693	-0.043956043956044	0.02465483234714	0.0133541449878599	-0.0323401162790698	-0.140098314606742	-0.0140712945590994	-0.0415005436752447	0.0252999478351591	0.127586206896552	-0.117021276595745	-0.00857142857142857
C:	0.191964285714286	-0.0726950354609929	0.00224618149146451	-0.0216484089723526	0.0927934908950019	-0.0117287098419174	0.167278063096112	0.153213166144201	0.120314842578711	0.252302243211334	0.13956442831216	0.173769856644711	0.170164917541229	0.0483762972882491	0.0154041319318594	-0.0269565217391304	0.0518092105263158	0.168067226890756	-0.151785714285714
G:	0.135802469135802	0.0552325581395349	-0.0236013986013986	-0.0806122448979592	-0.0579545454545455	-0.0402855685874554	-0.0181758096497026	0.0329501915708812	0.0230716253443526	-0.175933441558442	-0.125041625041625	-0.0327392483533514	-0.0423553719008264	-0.0175761633746234	-0.0123152709359606	-0.0181623931623932	-0.0568356374807988	-0.00757575757575758	-0.181451612903226
T:	-0.186206896551724	-0.0672268907563025	0.0661016949152542	0.00675675675675676	-0.0226381461675579	0.0456399796022438	-0.0727272727272727	-0.073706591070163	-0.105860805860806	-0.0708963401271094	-0.0164758931668401	-0.0545058139534884	0.0186813186813187	0.0229018492176387	0.0585185185185185	0.0405405405405405	-0.0745007680491551	-0.00560224089635854	0.321428571428571

Energy matrix for enoLOGOS

A:	0.62797775263474	-1.19145391439808	-0.0396617527979836	-1.23605437455796	-0.167460734035931	-0.272411902893737	0.524890365284664	1.05704548410321	0.404850126240711	-0.227079397731168	-0.122996220714909	0.297863478599521	1.29035316306829	0.129601412363642	0.382234132871067	-0.233021130955057	-1.17511239228662	1.07780578820998	0.0789457746169387
C:	-1.76805641069186	0.669546019948623	-0.0206880960736213	0.199389215147111	-0.854659635446841	0.108025409768206	-1.5406878978801	-1.41114540965623	-1.10814065195066	-2.3237895365895	-1.28543588857526	-1.6004795260873	-1.56727680992398	-0.445562163960682	-0.141877298227252	0.248278740461967	-0.47718046335074	-1.54795636503801	1.39799809217496
G:	-1.25078696409553	-0.50871066008008	0.217376914373564	0.742466213659305	0.533781089739529	0.371043798769056	0.16740539341001	-0.303482479689637	-0.2124975223562	1.62040687956643	1.15167592729839	0.301539620857027	0.390107391788247	0.161882447113743	0.113427837093303	0.167281822995294	0.523475566456404	0.0697753058483044	1.67123111588278
T:	1.71502889685074	0.619182546015206	-0.608819109334019	-0.0622320295403796	0.208505031593757	-0.420359746706715	0.669842936143722	0.678862791414262	0.975014054029713	0.65297942369807	0.151748583998914	0.502017098763237	-0.172061303652302	-0.210933826442129	-0.538975473619347	-0.373392177242278	0.686177431706367	0.0515985455012671	-2.9604665481352

Probability matrix

A:	0.0530161675162906	0.548156606519554	0.221174289551783	0.593307624870056	0.239765972627504	0.296869078658641	0.0894082403354208	0.0550692372844613	0.125632460615467	0.102968161039229	0.190948515735891	0.105413034860167	0.0396876297483523	0.194123664769701	0.153617226830424	0.290799347755781	0.54465430787619	0.0491502887813559	0.0447150999878935
C:	0.582093494231032	0.0852476960587676	0.217017365239894	0.141213006537275	0.476688021993777	0.202928543854278	0.705418409112555	0.649876371436534	0.570407742733474	0.838093746182214	0.610600872028879	0.703613573056314	0.691366116285743	0.345039526340232	0.259452956074237	0.179708057482929	0.271027249368687	0.679016124931377	0.0119563071527626
G:	0.347012787635051	0.276944678635343	0.17104255138196	0.0820388107065029	0.118916493297309	0.15599680516937	0.127829561211589	0.214673703470969	0.232923090091352	0.0162311712882517	0.0533744246754767	0.105026232953247	0.0976398117163487	0.187957217134069	0.200993036674086	0.194869586720113	0.0996399648071196	0.134681563664822	0.00909773890476851
T:	0.0178775506176273	0.0896510187863353	0.390765793826363	0.183440557886166	0.16462951208141	0.34420557231771	0.0773437893404357	0.0803806878080357	0.0710367065597071	0.0427069214903052	0.145076187559754	0.085947159130272	0.171306442249556	0.272879591755998	0.385936780421253	0.334623008041177	0.0846784779480043	0.137152022622445	0.934230853954575



4	AAGG..ATC	0.352378143753722

Enrichment score matrix

A:	-0.0962962962962963	-0.0133689839572193	0.0200534759358289	0.0122655122655123	-0.0235906862745098	0.201116427432217	0.23008434864105	-0.0305989583333333	-0.0638020833333333	0.143457382953181	0.0255255255255255	0.235479797979798	-0.0915275200989487	-0.0210459183673469	0.0399610136452242	0.0446950710108605	-0.0546875	-0.0710955710955711
C:	0.104878048780488	-0.022343594836147	-0.103409933283914	0.109620253164557	-0.0191326530612245	-0.0816428333887596	-0.0413933145891909	-0.142578125	-0.129531094113735	-0.108521657250471	-0.0479325479325479	-0.0795747422680412	0.0333951762523191	0.149172133708216	-0.0784215784215784	0.042741935483871	-0.0580693815987934	-0.0275
G:	-0.113247863247863	-0.0379679144385027	-0.0208333333333333	-0.0636781609195402	-0.0165816326530612	-0.0211588541666667	-0.0848214285714286	0.233333333333333	0.237480063795853	0.00282840980515399	0.0271929824561404	-0.0786701777485188	-0.15530303030303	-0.148859731333958	0.0467836257309941	-0.0362903225806452	0.12890625	0.0376984126984127
T:	0.11969111969112	0.0700099304865938	0.0876923076923077	-0.0555555555555556	0.0602678571428571	-0.104166666666667	-0.0898156825991877	-0.0663451945460592	-0.0517578125	-0.0328947368421053	-0.00592105263157895	-0.0696594427244582	0.210265924551639	0.0207270408163265	-0.0114130434782609	-0.0453205600589536	-0.0216374269005848	0.0428571428571429

Energy matrix for enoLOGOS

A:	0.886921665449558	0.123132892673478	-0.184699339010218	-0.112969542802017	0.217278250196742	-1.85235075104657	-2.1191551652485	0.281826821277917	0.587638903941189	-1.32129132587173	-0.235098778263656	-2.16884909011813	0.842999613514208	0.193840071604091	-0.368054537281699	-0.411656816959671	0.503690489092448	0.654814408730241
C:	-0.965962526817014	0.205792113574443	0.952440683388197	-1.00963984330777	0.17621824691281	0.751958284443017	0.381246516490735	1.31319306084817	1.19302546554198	0.999521401007773	0.44147508135483	0.73291046130094	-0.307580940065995	-1.37392612546661	0.72228942977036	-0.393667773963498	0.534838769715057	0.253284360229345
G:	1.04305136691183	0.349697415192679	0.191882091082837	0.586497536330437	0.152722480657768	0.194880248756007	0.781234227980123	-2.14907942012778	-2.18727221911843	-0.0260506170169031	-0.25045662415023	0.724579114187725	1.43039376989024	1.37104879326668	-0.430893116817599	0.334246223176555	-1.18727043857505	-0.34721521243561
T:	-1.10239595185815	-0.644815289199921	-0.807676001850219	0.511685576220899	-0.55508747777535	0.959410455414186	0.827233007479898	0.611061823814183	0.476707070033924	0.302971722762374	0.0545349100972274	0.64158717761444	-1.93662073374886	-0.19090310082221	0.105118015114946	0.417417783991551	0.19928806652814	-0.394728873084694

Probability matrix

A:	0.0643327572468813	0.205200937372956	0.258303960121764	0.223028939290683	0.189628050707729	0.791674663031124	0.840630763888606	0.0743761288089817	0.0534748385596786	0.637315105013576	0.305588933492931	0.854342152333333	0.0480106704752326	0.13204287580821	0.330690197130105	0.345670237754127	0.114287839086095	0.123850362154549
C:	0.410326480920403	0.188921287579509	0.0828471222713965	0.546739161659767	0.197576238767817	0.0585476816349464	0.0689754633476417	0.0265165429754107	0.0291899559088377	0.0625803591159761	0.15534787929852	0.0469260148307221	0.15171501221559	0.63326747462453	0.111145261698519	0.33950755753336	0.110782840127145	0.185045941849569
G:	0.0550333433364541	0.163600120195764	0.177249013776802	0.110811931830028	0.202273409617784	0.102198758364242	0.0462362039371125	0.845595643364942	0.857586766236506	0.174517233269785	0.310318345067636	0.0473186048800562	0.0266830659841966	0.0406873797662682	0.352137088693981	0.163953394963539	0.619976204900951	0.337344175419826
T:	0.470307418496262	0.442277654851771	0.481599903830037	0.119419967219522	0.41052230090667	0.0475788969696877	0.0441575688266398	0.0535116848506659	0.0597484392949783	0.125587302600663	0.228744842140913	0.0514132279558885	0.77359125132498	0.194002269800992	0.206027452477395	0.150868809748973	0.154953115885809	0.353759520576056



5	CCCT.C.AC	0.347598106581157

Enrichment score matrix

A:	-0.0909090909090909	-0.158373205741627	-0.0982587064676617	0.0357142857142857	-0.0846358496840705	-0.0580808080808081	-0.0850594227504245	-0.0289228723404255	0.0443123938879457	-0.00168010752688172	-0.0280135823429542	0.0841935483870968	0.0208828522920204	-0.0545808966861598	0.0819672131147541	0.154761904761905	0.0306122448979592
C:	-0.121428571428571	0.100925925925926	-0.0177865612648221	0.0209756097560976	0.0733288992351181	0.0924950625411455	0.0405772495755518	0.0307300509337861	0.00381944444444444	0.0769489247311828	0.0190615835777126	0.00151607034566404	0.098641765704584	0.134358974358974	0.000757575757575758	0.0166666666666667	-0.0255102040816327
G:	0.177489177489178	0.0456349206349206	0.0540184453227932	0.0650994575045208	0.0161290322580645	-0.0934343434343434	-0.038563829787234	-0.0398936170212766	-0.0179521276595745	-0.0634868421052632	-0.0439728353140917	-0.0683364254792826	-0.0998696643857934	-0.0461904761904762	-0.0810564663023679	-0.0857988165680473	0.0299145299145299
T:	0.0135135135135135	0.0108359133126935	0.0658567774936061	-0.12630579297246	0.00325520833333333	0.064110824742268	0.0821143617021277	0.0395585738539898	-0.0285109156076898	-0.00999355254674404	0.0521222410865874	-0.0139146567717996	-0.0154499151103565	-0.028804347826087	-0.00175438596491228	-0.0495798319327731	-0.0289855072463768

Energy matrix for enoLOGOS

A:	0.837303670179653	1.4586711306814	0.904996131077262	-0.328940727570578	0.779524983261702	0.534944011503667	0.783426235375224	0.266389498790535	-0.408132230405057	0.0154743621840998	0.25801462841699	-0.775451237769608	-0.192338177547211	0.502708636287199	-0.754945932129195	-1.4254098194725	-0.281949195060495
C:	1.11839847373997	-0.929562130134633	0.163820283296019	-0.193192505363403	-0.675384121057781	-0.851911008731174	-0.373730279949458	-0.283034228748334	-0.0351783833651868	-0.70872578803177	-0.175563672779605	-0.0139635239114254	-0.908524237031946	-1.23749188587577	-0.00697753058483044	-0.15350567286627	0.234957662550413
G:	-1.63473573701742	-0.420313151895739	-0.49752826778791	-0.599588161647636	-0.148553876967358	0.860562105462421	0.355185998387379	0.36743379143522	0.165345206145849	0.584735424931383	0.405004780363639	0.629401738468379	0.919833601828185	0.425430007657948	0.746557643994427	0.790236304104465	-0.275523002580484
T:	-0.124464059080759	-0.0998024498511351	-0.606563336517613	1.16331934422871	-0.0299815767316933	-0.590482517404401	-0.756301220704161	-0.364347929825204	0.262595237063511	0.092044020480742	-0.480063581357672	0.128158725027498	0.142298976884522	0.265297847671053	0.01615849188066	0.456647127686214	0.266966387593513

Probability matrix

A:	0.061660430325811	0.0431171189495673	0.0854872786596222	0.293363604591604	0.0993982647704855	0.113560805724993	0.0963507215709451	0.181318955694641	0.3618474222756	0.219523924158599	0.181884915038633	0.472259717168555	0.244435765270161	0.110536433361774	0.463258055281402	0.648652734844412	0.315703149099546
C:	0.0465509586680728	0.469727796465285	0.179386630788975	0.256124739312212	0.425831513914275	0.45449796990974	0.306479662512001	0.31409057324346	0.249203240517226	0.452895480134158	0.280606253421499	0.220531682337314	0.50026532873915	0.629890315885074	0.219272632338204	0.181815665993383	0.188273466109241
G:	0.730465358649243	0.282281384897265	0.347544243432673	0.384544779971077	0.251442294202465	0.082000089011415	0.147855452007444	0.163892934128489	0.20392355658557	0.124238133789688	0.157021698086177	0.115894014604441	0.0803812368383118	0.119417267439634	0.10321154093058	0.0707569930008881	0.313680884586662
T:	0.161323252356873	0.204873699687883	0.38758184711873	0.0659668761251065	0.223327927112774	0.349941135353852	0.44931416390961	0.34069753693341	0.185025780621604	0.203342461917556	0.380487133453692	0.19131458588969	0.174917669152377	0.140155983313518	0.214257771449814	0.0987746061613167	0.182342500204551



