1	GTAG.G.AA	0.370679486004856

Enrichment score matrix

A:	0.248484848484848	0.0895424836601307	0.0238095238095238	-0.0524118738404453	-0.0118499012508229	-0.075	0.0171052631578947	0.139973958333333	-0.0746710526315789	0.0715348375898835	-0.0873067010309278	0.0824967824967825	0.149162371134021	0.132087628865979	-0.0553846153846154	-0.0609375	0.0536231884057971	0.00793650793650794
C:	-0.0645161290322581	-0.185	-0.00951557093425606	-0.0653292181069959	0.0412371134020619	-0.109284332688588	-0.0375	-0.0380859375	0.0509868421052632	0.0821968757748574	-0.0815077319587629	-0.0846698113207547	-0.038510101010101	-0.0236998025016458	0.00666666666666667	0.0165991902834008	-0.185374149659864	-0.138655462184874
G:	-0.1	0.047554347826087	-0.08	0.0603700097370983	-0.0157828282828283	0.1875	-0.115591397849462	-0.0354817708333333	0.151315789473684	-0.0948425489709893	0.157538659793814	-0.0378151260504202	-0.022229381443299	-0.0994318181818182	0.0629370629370629	0.1158357771261	0.0956521739130435	0.0129032258064516
T:	-0.0678571428571429	0.00980392156862745	0.0729166666666667	0.0550807217473884	-0.0132575757575758	-0.00103092783505155	0.133552631578947	-0.06640625	-0.130376344086022	-0.0611325611325611	0.0110479797979798	0.0452516736920407	-0.0876288659793814	-0.00726010101010101	-0.0151072124756335	-0.071632216678546	0.0075187969924812	0.0838709677419355

Energy matrix for enoLOGOS

A:	-2.28863003182438	-0.82471675226192	-0.219293818380385	0.482731197603575	0.109141623894385	0.690775527898214	-0.157545295836435	-1.28920779946281	0.68774581067059	-0.658860202656863	0.804124433249209	-0.759823446388254	-1.37383620883537	-1.21657202078294	0.510111159063296	0.561255116417299	-0.493887817047998	-0.0730979394601284
C:	0.594215507869431	1.70391296881559	0.0876416471381817	0.601704335000502	-0.37980785039077	1.00654590138618	0.345387763949107	0.350784447760812	-0.46960617028168	-0.757061203399481	0.750713954288007	0.779837781495153	0.354691138062214	0.218283247788771	-0.0614022691465079	-0.152884192409321	1.707359014533	1.27706400115636
G:	0.921034037197618	-0.437991729645607	0.736827229758095	-0.556028337938192	0.145365220517301	-1.72693881974553	1.06463611826606	0.326799186375457	-1.39366992470692	0.873532157768631	-1.45098467844599	0.348290182133553	0.204740169351275	0.915800889258995	-0.579671771662837	-1.06688693458375	-0.880989079058591	-0.118843101573886
T:	0.624987382384098	-0.0902974546272175	-0.67158731878993	-0.507312195227558	0.122106785234533	0.00949519625976926	-1.23006519441524	0.611624165326543	1.20081050548614	0.56305169584153	-0.101755654362111	-0.416783317105295	0.807091682080387	0.0668680014379584	0.13914256897235	0.659757097208558	-0.0692506794885427	-0.772480160230261

Probability matrix

A:	0.869093297191805	0.44666185348859	0.270856468919153	0.135045848803724	0.218238378501011	0.0669980030904719	0.207379545137686	0.648459534369855	0.0781496375525602	0.382574641001027	0.0710969310012667	0.443607565297051	0.668113842453997	0.612074532725359	0.139010304789126	0.110582493534006	0.308891971772372	0.231561084339666
C:	0.0486477199608569	0.0356294344762817	0.199268583399749	0.119897978757019	0.355860008521031	0.0488567448113998	0.12541366655669	0.125789183112623	0.248632872286226	0.422050415472191	0.074997490299241	0.0951333015011859	0.118620726970056	0.145765445478524	0.246179635182198	0.225856783952611	0.0341835583433161	0.0600202353586938
G:	0.035085446400939	0.303407505880027	0.104112078573124	0.381600357756394	0.210474466844725	0.751729958688895	0.0610912868736437	0.128842743380092	0.626432579732405	0.0826431064021344	0.678004064685399	0.146470886409878	0.137810865281107	0.0725648866994028	0.413365006772131	0.563351541687988	0.454906940594773	0.242399905434301
T:	0.0471735364463992	0.214301206155101	0.425762869107974	0.363455814682863	0.215427146133234	0.132415293409233	0.606115501431981	0.0969085391374296	0.0467849104288082	0.112731837124647	0.175901514014093	0.314788246791885	0.0754545652948397	0.169595135096714	0.201445053256545	0.100209180825395	0.202017529289539	0.466018774867339



2	CTGA.TC.C	0.366731183288286

Enrichment score matrix

A:	0.232142857142857	0.027336860670194	0.0249480249480249	-0.0662650602409639	-0.0561835106382979	-0.122448979591837	-0.0410353535353535	0.145735707591378	0.00309214594928881	0.0318813131313131	-0.0549242424242424	-0.0356691919191919	-0.0428963623884695	0.0674603174603175	0.0785358919687278	-0.105263157894737	-0.0858585858585859
C:	-0.065359477124183	0.0526315789473684	0.113486842105263	-0.00675381263616558	0.158520690778755	-0.022488038277512	0.0333535476046089	-0.0203649397197784	-0.0712553062462098	-0.0205176767676768	0.159245516388374	-0.0246212121212121	0.158102766798419	-0.0019047619047619	-0.0137741046831956	-0.0616161616161616	-0.0615384615384615
G:	-0.061576354679803	-0.0529100529100529	-0.149923896499239	0.154341503946822	-0.0346605047991468	-0.05078125	0.136054421768707	-0.0529336734693878	0.0688131313131313	-0.207044107965767	-0.0722853535353535	-0.00181928441479685	-0.0908764367816092	-0.0238095238095238	-0.0118230358504958	0.126016260162602	0.0404040404040404
T:	-0.0537634408602151	-0.0277777777777778	0.0228684359119142	-0.0856209150326797	-0.0731382978723404	0.187081339712919	-0.132575757575758	-0.0729166666666667	0.00220959595959596	0.195075757575758	-0.0339599757428745	0.0609152752009895	-0.0342741935483871	-0.0418871252204586	-0.0465260545905707	0.0473484848484848	0.0923913043478261

Energy matrix for enoLOGOS

A:	-2.13811472920876	-0.251781791473776	-0.229779801379863	0.610323759588783	0.517469256271268	1.12779678024198	0.377949573344982	-1.34227547126738	-0.0284797166727773	-0.293637745444948	0.505870967400207	0.3285253983691	0.395090098317441	-0.621332485411092	-0.723342296448734	0.969509512839598	0.790786799614117
C:	0.601983030848117	-0.484754756419799	-1.04525244353019	0.0622049131876387	-1.46002951807312	0.207122486833914	-0.307197526051358	0.187568026473937	0.656285623836993	0.188974786672491	-1.46670540864803	0.226769744006989	-1.45618029596461	0.0175435054704308	0.126864192451463	0.567505820899543	0.566790176736996
G:	0.567139185466514	0.487319596400856	1.38085011665092	-1.42153778487293	0.319235046664656	0.467712597014416	-1.2531075336022	0.487537149792107	-0.633792361455432	1.9069467063769	0.665772709969238	0.0167562286937105	0.837002914550997	0.219293818380385	0.108894184413143	-1.16065264850106	-0.37213496452429
T:	0.495179589891193	0.25584278811045	-0.210626078523453	0.788597770411033	0.673628617631237	-1.72308281600129	1.22106785234533	0.67158731878993	-0.0203511308724221	-1.79671412559384	0.312782935615929	-0.561050418453713	0.315676988555635	0.385794680484011	0.428520798944301	-0.436095661551903	-0.850955360454321

Probability matrix

A:	0.831076417254549	0.299238685590278	0.225172786772146	0.0893257337204152	0.0970937824414007	0.0439581056878416	0.117319901820306	0.662038886897296	0.231056929100141	0.160683741266639	0.0975191921143266	0.169289261218073	0.109970336343862	0.430182926459733	0.459042139778995	0.0667154034620076	0.0942108168772457
C:	0.0536576467258501	0.377743162142576	0.508945374149006	0.154533123405176	0.701468584390499	0.11037805426945	0.232770154810123	0.143377469305465	0.116500875263631	0.0991690094815201	0.701082505436127	0.18742232839008	0.700280559552727	0.227087302877089	0.196160955693024	0.0997273093456318	0.117864024669828
G:	0.055560239811619	0.142899294317345	0.0449809078916011	0.681401129193205	0.118381392282683	0.085056965988211	0.599419396490037	0.106219921364806	0.423255819833008	0.0177938633343352	0.083108539495635	0.231221939496681	0.0706895563090588	0.185598219075238	0.199717832480471	0.561492279362893	0.301405570460419
T:	0.0597056962079821	0.180118857949801	0.220900931187247	0.0747400136812044	0.0830562408854173	0.760606874054498	0.0504905468795338	0.0883637224324326	0.22918637580322	0.722353385917506	0.118289762953911	0.412066470895166	0.119059547794351	0.15713155158794	0.14507907204751	0.272065007829468	0.486519587992507



3	AGGG.AA.A	0.353009619789281

Enrichment score matrix

A:	0.316091954022989	-0.0393586005830904	-0.0298179535467671	0.092289156626506	0.19504489524443	-0.0368421052631579	-0.108098833218943	-0.0342105263157895	-0.0415236787920384	0.131777625257378	0.190860215053763	-0.0359543010752688	0.155803126039242	0.112179487179487	-0.0510204081632653	-0.0164835164835165	-0.111111111111111
C:	-0.147727272727273	0.086436170212766	-0.0787878787878788	0.0205357142857143	-0.00625782227784731	0.0341796875	0.00504032258064516	-0.0917763157894737	0.081989247311828	-0.118737131091283	-0.0483558994197292	-0.0442690459849005	-0.00813802083333333	-0.0797530864197531	0.0857898715041572	0.0353260869565217	0.169642857142857
G:	-0.142857142857143	-0.108333333333333	0.0874183006535948	0.00434385002286237	-0.094945128034586	0.144496175590289	0.111187371310913	0.161290322580645	-0.0428963623884695	-0.052801724137931	-0.0319220430107527	0.00377487989018531	-0.081351689612015	0.0251068376068376	-0.0256598240469208	-0.0973072215422277	0.0592592592592593
T:	-0.071969696969697	0.0493827160493827	0.0326007326007326	-0.110267857142857	-0.0914713541666667	-0.138020833333333	-0.00823610157858614	-0.0319078947368421	0.000686341798215511	0.035229476405947	-0.10625	0.077213452299245	-0.0610242766877286	-0.0471604938271605	-0.00859375	0.0952380952380952	-0.0584415584415584

Energy matrix for enoLOGOS

A:	-2.91131448539477	0.362506107934923	0.274633501361499	-0.850014545172742	-1.79642987301764	0.339328329493859	0.995627047759951	0.315090591672869	0.382447215171283	-1.21371678203118	-1.75788754411373	0.331151350739735	-1.43499982183932	-1.03321125967682	0.469915325100826	0.151818797340267	1.0233711524418
C:	1.36061846404194	-0.796106548109644	0.725663180822366	-0.189140918353082	0.057636673166309	-0.31480655568278	-0.0464230865522993	0.845291106507025	-0.755148874584069	1.09360939214268	0.445374292648752	0.407732981463599	0.0749539418292333	0.734553071641557	-0.790153917021388	-0.325365284879593	-1.56246845596025
G:	1.31576291028231	0.997786873630753	-0.805152303759356	-0.0400083372353789	0.874476945859395	-1.3308589596354	-1.02407353483881	-1.48553876967358	0.395090098317441	0.486321851537536	0.294012881497896	-0.0347679286519348	0.749276751162017	-0.231242520022906	0.23633571335716	0.89623263105521	-0.545797947968959
T:	0.662865405558892	-0.454831623307466	-0.300263843628528	1.01560449637416	0.842482306160582	1.2712188534238	0.0758572988769487	0.293882571079503	-0.00632144157307906	-0.324475468825276	0.978598664522469	-0.711162176971394	0.562054359247632	0.43436420025863	0.0791513625716703	-0.877175273521541	0.538266645115491

Probability matrix

A:	0.946442541274598	0.143271386952709	0.157282932925523	0.472577362687968	0.770874839455864	0.115868825792961	0.0720471264003944	0.11542842211133	0.151932716324499	0.590607831598772	0.767029722650049	0.161189287728933	0.680636101433962	0.540644849748276	0.137610476685124	0.169929531659818	0.0483058405032549
C:	0.013207400452663	0.456392551889732	0.100184814429047	0.244038948430159	0.120718269419482	0.222871110446097	0.204255277645838	0.0679281209352991	0.473917784789991	0.0587814339243387	0.0847125461867131	0.149305977987307	0.150366258389571	0.0922957654176598	0.48516852432755	0.273846550184098	0.641232485558395
G:	0.0138133134051556	0.0759032783779653	0.463048643046297	0.210228546616407	0.0533364096677425	0.615629935072432	0.542952055708799	0.69874088329502	0.150023940386721	0.1078901517475	0.0985560209218736	0.232408977549246	0.0766118091412999	0.242449599983102	0.173817634679656	0.0807186779548391	0.231996335237468
T:	0.026536744867583	0.324432782779594	0.279483609599133	0.0731551422654665	0.055070481456911	0.0456301286885095	0.180745540244969	0.117902573658351	0.224125558498789	0.24272058272939	0.049701710241364	0.457095756734514	0.0923858310351669	0.124609784850963	0.20340336430767	0.475505240201246	0.0784653387008816



4	CT.A.CAAC	0.35288492372532

Enrichment score matrix

A:	0.0887445887445888	0.138138138138138	-0.0216165413533835	-0.0326305220883534	-0.0584677419354839	-0.111996251171509	-0.0175627240143369	0.162747524752475	-0.096415770609319	-0.195723684210526	0.133426966292135	0.15126329787234	-0.0853432282003711	-0.04	-0.0952380952380952	-0.117046818727491	0.0647321428571429
C:	0.0777777777777778	-0.102713178294574	-0.0182555780933063	0.0106481481481481	0.164473684210526	-0.0848214285714286	0.056989247311828	-0.0678694158075601	0.111751152073733	0.23125	-0.0125448028673835	-0.0205432937181664	0.138257575757576	0.174216027874564	0.0142857142857143	-0.0138888888888889	-0.0268817204301075
G:	-0.0990338164251208	-0.0311355311355311	0.0667293233082707	-0.0240740740740741	-0.0473684210526316	-0.0101530771633864	-0.0608058608058608	-0.0309405940594059	0.00912921348314607	-0.0399865591397849	-0.0837173579109063	-0.0714770797962649	-0.0810142238713667	-0.0489341085271318	0.0467948717948718	0.114583333333333	-0.0526315789473684
T:	-0.06	-0.0426356589147287	-0.0272727272727273	0.0415561450044209	-0.0598684210526316	0.209502551020408	0.0209895052473763	-0.0572727272727273	-0.0175824175824176	0.00361842105263158	-0.0465201465201465	-0.0611702127659574	0.015767131594906	-0.0884146341463415	0.0275	0.0152394775036284	-0.0015015015015015

Energy matrix for enoLOGOS

A:	-0.817367868508709	-1.27229927060332	0.19909570352956	0.300538214949022	0.538507804006672	1.03152359367493	0.161758666031123	-1.49896009766692	0.888022064538206	1.80268175043613	-1.22890777435075	-1.39318645919188	0.786040180168654	0.368413614879047	0.877175273521541	1.07804103993719	-0.596205068721673
C:	-0.716359806709259	0.9460233327805	0.168140087926543	-0.0980730687756723	-1.51485861381187	0.781234227980123	-0.524890365284664	0.62510042043481	-1.02926614755955	-2.12989121101949	0.115541904307945	0.189210727505793	-1.27339933173156	-1.60458891497843	-0.131576291028231	0.127921394055225	0.247589794945596
G:	0.912135157611168	0.286768839420504	-0.614599780460817	0.22173041636239	0.436279280777819	0.0935132964977276	0.560042674632984	0.284973402598273	-0.0840831635082095	0.368289819981575	0.771065361402	0.658328233718501	0.746168576826766	0.450699795334106	-0.430996696893757	-1.0553515009556	0.484754756419799
T:	0.552620422318571	0.392688930588132	0.251191101053896	-0.382746240037914	0.551408535427522	-1.92958980369527	-0.193320487567716	0.527501312213181	0.161940050496285	-0.0333268895038612	0.428466383604753	0.563398480200671	-0.145220648678824	0.814328874351553	-0.253284360229345	-0.140360774899492	0.0138293398978621

Probability matrix

A:	0.428190665870525	0.662990904253597	0.19095235313576	0.180111307617959	0.0918365240700864	0.041392853054442	0.196664155874173	0.704561544545081	0.0799171630166727	0.0159982909429267	0.630254368447966	0.677799629776012	0.08051557412812	0.102527451537331	0.0948887235504087	0.0648876176679669	0.432399289874285
C:	0.387052566901012	0.0721277366767405	0.196955842232265	0.26832161558102	0.7157826089002	0.0531648572513838	0.390780692047799	0.0842269691456336	0.54363542525139	0.816522821095924	0.16429668012793	0.139275575256248	0.631368789986512	0.737401936897907	0.260201528023575	0.167800615225662	0.185964273965035
G:	0.0759492649768366	0.139448193704682	0.430832516120827	0.194879775789752	0.101721491924045	0.105754305555535	0.132054335809287	0.118349508905551	0.211261322823896	0.0671463006709311	0.0852979448993202	0.0871244032800897	0.0837907179039696	0.0944286385999904	0.351031809397278	0.547876203529587	0.146699990198153
T:	0.108807502251626	0.125433165364981	0.181259288511149	0.35668730101127	0.0906593751056691	0.799687984138639	0.280500816268741	0.0928619774037346	0.165186088908041	0.100332587290218	0.120151006524784	0.0958003916876495	0.204324917981398	0.0656419729647716	0.293877939028739	0.219435563576784	0.234936445962527



5	C..TTGTTC	0.351696710797563

Enrichment score matrix

A:	-0.117857142857143	0.00197628458498024	-0.0313092979127135	-0.142577030812325	-0.00568181818181818	0.108270202020202	0.0321969696969697	-0.0480025773195876	0.0677083333333333	-0.0362080315997367	-0.0104166666666667	-0.106691919191919	-0.0120967741935484	0.0283882783882784	-0.0787545787545788	0.1015625	0.0075
C:	-0.0369318181818182	0.00427350427350427	0.028735632183908	0.103508771929825	0.146567717996289	-0.0718427835051546	-0.00410353535353535	-0.016430412371134	-0.113031914893617	-0.0893308080808081	-0.0209407216494845	0.0154707044107966	0.133462282398453	0.054029304029304	-0.0970149253731343	-0.0451837140019861	-0.0509355509355509
G:	0.0882352941176471	-0.0117647058823529	-0.00853889943074004	0.0923076923076923	-0.0624613481756339	-0.00869845360824742	-0.0773535220539829	-0.0512242268041237	-0.0811170212765957	0.103535353535354	-0.0230414746543779	0.0132087628865979	-0.0720394736842105	0.0185961236249345	0.176075268817204	0.00347567030784508	-0.00657894736842105
T:	0.0452380952380952	0.00790513833992095	0.0053030303030303	-0.0776981639050605	-0.0785405071119357	-0.0299613402061856	0.0470360824742268	0.113320707070707	0.141251221896383	0.0209407216494845	0.053030303030303	0.0789141414141414	-0.0534274193548387	-0.101031411157993	-0.0220170454545455	-0.0504115226337449	0.0466666666666667

Energy matrix for enoLOGOS

A:	1.08550440098291	-0.0182022536995577	0.288369290583695	1.31318298300725	0.0523314793862283	-0.997205412748684	-0.296545049855294	0.442120075845506	-0.623616796019221	0.333488295232844	0.0959410455414186	0.982668890696954	0.111415407725518	-0.261465706530459	0.725356476181275	-0.935425194028831	-0.0690775527898214
C:	0.340154616010484	-0.0393604289400692	-0.264664953217706	-0.953351020958938	-1.34993857028964	0.66169648935267	0.0377949573344982	0.151329690390073	1.04106240906646	0.822767148127923	0.192871174026563	-0.14249045341767	-1.22923304771055	-0.497628280170874	0.893540483848436	0.416157385228318	0.469133761150554
G:	-0.812677091644957	0.108356945552661	0.0786461701591894	-0.850185265105494	0.575290276790102	0.0801157184418032	0.712452267088349	0.471792564157285	0.747115375918281	-0.953595846593494	0.212219824239083	-0.121657202078294	0.6635080728496	-0.171276628184995	-1.62171315689366	-0.0320121065560245	0.0605943445524749
T:	-0.416658254922732	-0.0728090147982307	-0.0488427140938131	0.715626535843201	0.723384803488544	0.275954141299544	-0.433218329351973	-1.04372228331422	-1.30097183162322	-0.192871174026563	-0.488427140938131	-0.726826102586504	0.492084717454373	0.930533685026192	0.202784482621635	0.464307282126371	-0.429815884025555

Probability matrix

A:	0.0700657062721783	0.252612594849543	0.186119480772115	0.0472501022637029	0.162117911585067	0.552242077786273	0.309899916789563	0.129417444751416	0.293097312293063	0.1443410476144	0.217784088495207	0.0792137672426517	0.164455606392251	0.287046823929476	0.0714977924569414	0.523374527232363	0.256636412334798
C:	0.14764094041433	0.258014360637766	0.323572461466209	0.455770239694376	0.658914622158187	0.105118112063877	0.221829571056251	0.173093787355365	0.0554690647054964	0.0884909275045299	0.197665068229345	0.244034462884593	0.628470518531935	0.363510406681077	0.0604298124530429	0.135465194718228	0.149822166075996
G:	0.467600807005187	0.222582511322266	0.229547954019386	0.411094479974335	0.0960976750221045	0.188042004425213	0.1129846624922	0.125633720997087	0.0744235560874303	0.522833484141829	0.19387727844368	0.239003024176713	0.0946842809638086	0.262291445700788	0.747501421974582	0.212063176695892	0.225425211557719
T:	0.314692546308305	0.266790533190425	0.26076010374229	0.0858851780675855	0.0828697912346412	0.154597805724637	0.355285849661987	0.571855046896133	0.577010066914011	0.244334540739241	0.390673564831768	0.437748745696042	0.112389594112006	0.0871513236886596	0.120570973115433	0.129097101353517	0.368116210031488



