1	AATAAT.A	0.47901681403766

Enrichment score matrix

A:	-0.0570175438596491	0.0745257452574526	0.0803030303030303	0.0466479137365213	-0.0421961550993809	0.0334249084249084	0.0384186046511628	0.125760896031166	0.107425607425607	-0.0448343079922027	0.132814632814633	0.152252252252252	-0.0594355417364267	-0.0516347687400319	0.0511393746687864	-0.0164835164835165	0.00208333333333333	-0.0188834154351396	-0.0284280936454849	-0.0791666666666667
C:	-0.0371900826446281	-0.138095238095238	-0.0218579234972678	-0.13103609939053	-0.00831918505942275	-0.00829562594268477	0.0109970674486804	-0.0398729710656316	-0.142777777777778	-0.0368890977443609	-0.0772222222222222	-0.0974607916355489	-0.0634398496240602	-0.0827563100290373	-0.00961538461538462	0.0216788067984738	-0.018037518037518	-0.0161290322580645	-0.0174418604651163	0.0333333333333333
G:	0.116091954022989	0.0126984126984127	-0.0591133004926108	0.0247252747252747	0.03446519524618	-0.0581081081081081	-0.0800953079178886	-0.0321759259259259	-0.0441176470588235	-0.0509090909090909	-0.111793611793612	-0.10689463441757	-0.05001155001155	-0.000219298245614035	0.000539374325782093	-0.00780141843971631	-0.0738335738335738	-0.031832298136646	-0.100290697674419	0.166666666666667
T:	-0.0625	0.040133779264214	-0.00992063492063492	0.0640243902439024	0.0178268251273345	0.0337680484396833	0.043231961836613	-0.0426042983565107	0.117358708189158	0.118990672088017	0.123702422145329	0.0512927439532944	0.165630232001913	0.141025641025641	-0.0351629502572899	0.0202913631633715	0.101033834586466	0.0737704918032787	0.155555555555556	-0.0817307692307692

Energy matrix for enoLOGOS

A:	0.525150986121449	-0.686407480296328	-0.739618241992027	-0.429643163155945	0.388640950853997	-0.307854783495541	-0.353848425453597	-1.15830065793175	-0.989426409056137	0.412939236950199	-1.22326797460181	-1.40229506564322	0.547421569585286	0.47557379512397	-0.47101104710954	0.151818797340267	-0.0191882091082837	0.173922683543064	0.26183241860133	0.729151946114781
C:	0.342533319618949	1.27190414660623	0.201318915234452	1.20688707640288	0.0766225260147425	0.0764055385307225	-0.101286734295926	0.367243635156425	1.31503193088771	0.339761146240663	0.71124295094705	0.897647063885655	0.584302608184579	0.76221378329622	0.0885609651151556	-0.199669189472255	0.166131680591201	0.148553876967358	0.160645471604236	-0.307011345732539
G:	-1.06924641099953	-0.116956703136206	0.544453618047853	-0.2277281960104	-0.317436179203933	0.535195454047265	0.737705048121993	0.296351229561271	0.406338545822479	0.468890055300606	1.02965721603174	0.984535966923782	0.460623398136485	0.0020198114850825	-0.00496782112835824	0.0718537192139986	0.680032345886649	0.293186300660733	0.923711461724356	-1.5350567286627
T:	0.575646273248511	-0.369645767437171	0.0913724243251605	-0.589686426254573	-0.164191127174448	-0.311015219826862	-0.39818108346349	0.392400089172689	-1.08091364803757	-1.09594459102084	-1.13934141279636	-0.472423630422465	-1.525510812627	-1.29889415502228	0.323862740352507	-0.186890361346031	-0.930556005627293	-0.679451338916276	-1.43271961341852	0.752768203478823

Probability matrix

A:	0.12381640899532	0.410603946359187	0.475559358802539	0.313934254927093	0.163122122102513	0.321077249354655	0.316672865706364	0.601292697212264	0.409289367121104	0.132569928963291	0.461023874668826	0.630203272850711	0.0908879128352763	0.10806587057851	0.377277058456938	0.203767036797595	0.207661294385772	0.190084387496088	0.123968410427633	0.0693551034188741
C:	0.148623693197769	0.0579347564642619	0.185592711837309	0.0611086449806215	0.2228541586615	0.218638881162301	0.245994107032264	0.130782748730458	0.0408523384723643	0.142634920554839	0.0666156080354568	0.0631871080082438	0.0875969326250402	0.0811339072652159	0.215596328222748	0.289589774726213	0.172532990999108	0.194968289004406	0.137168997708025	0.195469239671836
G:	0.609840405724809	0.232334545300365	0.131685940445409	0.256535900460713	0.330489955069199	0.138190270716536	0.106305369638413	0.140390797627512	0.101357862752204	0.125356221151139	0.048449627011766	0.0579286099855504	0.0991293131937235	0.173520359375436	0.236733869010746	0.220730487324479	0.103201955866057	0.168713920281892	0.0639529550305951	0.667439272190577
T:	0.117719492082101	0.299126751876186	0.207161988914743	0.368421199631573	0.283533764166788	0.322093598766508	0.33102765762296	0.127533756429766	0.448500431654327	0.599438929330731	0.423910890283951	0.248681009155495	0.72238584134596	0.637279862780838	0.170392744309568	0.285912701151714	0.516603758749063	0.446233403217614	0.674909636833748	0.0677363847187127



2	AAT.A.TAA	0.477614903038632

Enrichment score matrix

A:	0.0119047619047619	0.1171875	-0.301298701298701	0.0516066212268744	0.238813735691988	0.21105010295127	0.00366826156299841	-0.0186170212765957	0.0864176570458404	-0.0208828522920204	-0.125943719972546	0.162157474852584	0.187237026647966	-0.0415800415800416	0.233082706766917	-0.0654320987654321	0.144444444444444
C:	0.0198863636363636	-0.12890625	-0.155821917808219	0.0135	-0.0685050294831772	-0.117364447494852	-0.134852011972065	-0.0807845744680851	-0.123005319148936	0.0132978723404255	0.00960878517501716	-0.144361413043478	-0.0817307692307692	-0.109649122807018	0.24	0.0276923076923077	0.00892857142857143
G:	0.019047619047619	0.0131414267834793	0.282493368700265	-0.116358325219085	-0.0414498785986819	-0.0895238095238095	-0.0362041467304625	-0.0189494680851064	0.0166223404255319	-0.0299202127659574	-0.036231884057971	-0.109375	-0.100961538461538	-0.13045738045738	0.271771771771772	-0.138888888888889	-0.0953947368421053
T:	-0.0545454545454545	-0.00204081632653061	-0.145070422535211	0.049165120593692	-0.115489130434783	0.0463709677419355	0.168772863318923	0.123611111111111	0.0222410865874363	0.0445478723404255	0.157858613589568	0.103940217391304	0.0350274725274725	0.291118421052632	-0.317090395480226	0.172634271099744	-0.0602678571428571

Energy matrix for enoLOGOS

A:	-0.109646909190193	-1.07933676234096	2.77506359259542	-0.475314546947164	-2.19955579122636	-1.94384328372181	-0.0337859375686527	0.171469102669769	-0.795936035540896	0.192338177547211	1.15998452866001	-1.49352553725247	-1.72451674566454	0.382966335633105	-2.14677106414482	0.602651900882392	-1.33038249817434
C:	-0.183160177851799	1.18727043857505	1.4351729004278	-0.124339595021678	0.630954638732326	1.08096650899652	1.24203293010853	0.744053427656321	1.13292085692526	-0.122477930478407	-0.0885001820231068	1.32961775070988	0.752768203478823	1.00990574254125	-2.21048168927428	-0.255055579531648	-0.0822351818926445
G:	-0.175435054704308	-0.121037013649249	-2.60186007855561	1.07169978038087	0.381767490270952	0.824544757110249	0.333452514264529	0.17453105093173	-0.153097413098008	0.275575343576415	0.333707984491891	1.0073809781849	0.929890133709134	1.20155687804887	-2.50311052151305	1.27921394055225	0.878617996010886
T:	0.502382202107792	0.018796613004033	1.3361479694557	-0.452827495097159	1.0636942005679	-0.427092396281154	-1.55445551672029	-1.1385004070915	-0.204847977712883	-0.410301067102662	-1.45393156180818	-0.957324780511111	-0.322614944348067	-2.68129974644701	2.92051047105742	-1.59002039669666	0.55508747777535

Probability matrix

A:	0.271257595320933	0.549239075492654	0.00443674586290746	0.345465159000107	0.852572790762821	0.751453791526317	0.152738578389471	0.159564216833232	0.449471241256216	0.195424165793231	0.0489661674941126	0.579241390865683	0.71406135643745	0.0427459779793206	0.285699942974413	0.0779712892209101	0.645742808136204
C:	0.291949888935779	0.0569359311240364	0.016942273448293	0.243207951273816	0.0502870787603241	0.0364959000273954	0.0426449539681637	0.0900047214568413	0.0653145598471251	0.267732544370854	0.170649937825458	0.0344178736635635	0.0599603759297247	0.0228359420786494	0.304494411750558	0.183836753107474	0.185351491852813
G:	0.28970322912562	0.21065760125007	0.95991512118718	0.0735435294652302	0.0645174228528023	0.0471635655477238	0.105793530609371	0.159076386693291	0.236330972883297	0.179816203829761	0.111877681441293	0.0475039461869967	0.0502274662064194	0.018853235923421	0.408005872223561	0.0396376186147321	0.0709092436202985
T:	0.147089286617667	0.18316739213324	0.0187058595016195	0.337783360260847	0.0326227076240524	0.164886742898563	0.698822937032994	0.591354675016636	0.248883226013363	0.357027086006153	0.668506213239137	0.338836789283757	0.175750801426406	0.915564844018609	0.00179977305146738	0.698554339056884	0.0979964563906843



3	AATAA..AA	0.476679531815475

Enrichment score matrix

A:	0.0830721003134796	0.0378151260504202	-0.0427631578947368	0.0542676501580611	0.119959677419355	0.0763888888888889	-0.00542091836734694	0.0319220430107527	0.100127551020408	-0.00484223680099969	0.03125	0.107421875	0.1125	-0.0108433734939759	-0.059696342305038	0.00438047559449312	0.0769230769230769
C:	-0.134408602150538	0.0462962962962963	-0.0253968253968254	-0.000590318772136954	-0.0459849004804393	-0.108901515151515	-0.046875	-0.0775566231983528	-0.0575980392156863	-0.0388940955951265	-0.0223214285714286	-0.0494791666666667	-0.0180921052631579	-0.0465060240963855	-0.0213903743315508	0.0277777777777778	-0.0633484162895928
G:	0.148351648351648	-0.0437908496732026	0.0193740685543964	-0.0795574288724974	-0.0406586021505376	-0.0621588841722256	-0.0361519607843137	-0.0433467741935484	-0.0315688775510204	-0.0551390190565448	-0.120098039215686	-0.0364583333333333	-0.0730263157894737	-0.0331504343850023	0.0132211538461538	-0.0271428571428571	-0.131578947368421
T:	-0.21078431372549	-0.0522208883553421	0.0432190760059613	0.0264864864864865	-0.0319220430107527	0.0952380952380952	0.0899234693877551	0.0912280701754386	-0.00860969387755102	0.0963010204081633	0.109184629803187	-0.021484375	-0.0328947368421053	0.0802262253875157	0.0665976535541753	-0.0102040816326531	0.0928571428571429

Energy matrix for enoLOGOS

A:	-0.765122319302097	-0.348290182133553	0.393863239591087	-0.49982352914307	-1.10486945994472	-0.703567667303736	0.0499285032919627	-0.294012881497896	-0.92220882551037	0.0445986490989162	-0.287823136624256	-0.989392032145879	-1.03616329184732	0.0998711606599827	0.549823631591401	-0.0403456712164163	-0.708487720921245
C:	1.23794897472798	-0.426404646850749	0.233913406272411	0.0054370368193484	0.423536585396297	1.00302002156938	0.431734704936384	0.714322897757933	0.530497545934903	0.358227858891295	0.205587954731611	0.455719966321738	0.166634447519306	0.428336311275037	0.197012628277565	-0.25584278811045	0.58346047605279
G:	-1.3663691760624	0.403328630668238	-0.178441765775992	0.732750999034986	0.374479564855214	0.572504480368441	0.332971863937864	0.399238544349774	0.290760107406136	0.507849133287659	1.10614381918341	0.335793659394965	0.672597224532471	0.305326784164734	-0.121771327033339	0.249994952953639	1.2118868910495
T:	1.94139527448518	0.480972156279669	-0.398062400577212	-0.243949555798288	0.294012881497896	-0.877175273521541	-0.828225760490205	-0.840241577794319	0.0792982111107643	-0.886965176127809	-1.00562760387556	0.197878406429176	0.302971722762374	-0.738910842577897	-0.613387057208904	0.0939830650201651	-0.855245891683503

Probability matrix

A:	0.330460385234024	0.334535433303842	0.162510644323757	0.374654066386516	0.591177360264892	0.377329408907381	0.206501988792225	0.278435022896044	0.526710814928838	0.20414409429701	0.255848897427449	0.553548612727632	0.573553966527325	0.20627694065171	0.131915496469561	0.25888025662145	0.387692928633842
C:	0.0445858032218864	0.361715238335723	0.190698440817933	0.226046910115638	0.128215190616395	0.068479256921539	0.140963901753148	0.101580231252359	0.123216785555244	0.149186451991635	0.156206044593237	0.130482298997548	0.172268497747818	0.148525177215581	0.187723951868877	0.32113536820479	0.106512825833888
G:	0.602889328907901	0.157767746121216	0.288025353291192	0.10922703243003	0.13466188073374	0.105324538054151	0.155596587872502	0.139202999434903	0.156598111913488	0.128454609041946	0.0634733460150281	0.147107540100394	0.103864951919348	0.167966409258451	0.258205685506808	0.193644693097277	0.056817194118172
T:	0.0220644826361886	0.145981582239219	0.358765561567117	0.290071991067817	0.145945568384973	0.448866796116929	0.496937521582125	0.480781746416694	0.19347428760243	0.518214844669409	0.524471711964286	0.168861548174426	0.150312583805509	0.477231472874259	0.422154866154754	0.226339682076483	0.448977051414098



4	AAATAAT	0.473934331797235

Enrichment score matrix

A:	-0.0570175438596491	0.0745257452574526	0.0803030303030303	0.0466479137365213	-0.0421961550993809	0.0334249084249084	0.0384186046511628	0.157938106573888	0.0450350682908822	-0.0436535764375877	0.1566811194324	0.153069004956157	-0.0135690789473684	-0.0516347687400319	0.0511393746687864	-0.0164835164835165	0.00208333333333333	-0.0188834154351396	-0.0284280936454849	-0.0791666666666667
C:	-0.0371900826446281	-0.138095238095238	-0.0218579234972678	-0.13103609939053	-0.00831918505942275	-0.00829562594268477	0.0109970674486804	-0.108461538461538	-0.145661157024793	0.00631111111111111	-0.174022698612863	-0.0787843592721642	-0.0798771121351766	-0.0827563100290373	-0.00961538461538462	0.0216788067984738	-0.018037518037518	-0.0161290322580645	-0.0174418604651163	0.0333333333333333
G:	0.116091954022989	0.0126984126984127	-0.0591133004926108	0.0247252747252747	0.03446519524618	-0.0581081081081081	-0.0800953079178886	-0.0284746383446255	-0.00806149231346082	-0.111054663686243	-0.108003108003108	-0.159520062942565	-0.0779920589903573	-0.000219298245614035	0.000539374325782093	-0.00780141843971631	-0.0738335738335738	-0.031832298136646	-0.100290697674419	0.166666666666667
T:	-0.0625	0.040133779264214	-0.00992063492063492	0.0640243902439024	0.0178268251273345	0.0337680484396833	0.043231961836613	-0.0257936507936508	0.144348894348894	0.131203076359641	0.145439260193359	0.0844525844525845	0.169124598222726	0.141025641025641	-0.0351629502572899	0.0202913631633715	0.101033834586466	0.0737704918032787	0.155555555555556	-0.0817307692307692

Energy matrix for enoLOGOS

A:	0.525150986121449	-0.686407480296328	-0.739618241992027	-0.429643163155945	0.388640950853997	-0.307854783495541	-0.353848425453597	-1.45466371925095	-0.414788307634217	0.402064297444262	-1.44308643983466	-1.40981763604592	0.124975835639479	0.47557379512397	-0.47101104710954	0.151818797340267	-0.0191882091082837	0.173922683543064	0.26183241860133	0.729151946114781
C:	0.342533319618949	1.27190414660623	0.201318915234452	1.20688707640288	0.0766225260147425	0.0764055385307225	-0.101286734295926	0.998967686498955	1.34158883517422	-0.0581274814586941	1.60280828667429	0.72563076488469	0.735695390695486	0.76221378329622	0.0885609651151556	-0.199669189472255	0.166131680591201	0.148553876967358	0.160645471604236	-0.307011345732539
G:	-1.06924641099953	-0.116956703136206	0.544453618047853	-0.2277281960104	-0.317436179203933	0.535195454047265	0.737705048121993	0.262261111122926	0.0742490881130439	1.02285125244564	0.99474538593993	1.46923407586009	0.718333409612436	0.0020198114850825	-0.00496782112835824	0.0718537192139986	0.680032345886649	0.293186300660733	0.923711461724356	-1.5350567286627
T:	0.575646273248511	-0.369645767437171	0.0913724243251605	-0.589686426254573	-0.164191127174448	-0.311015219826862	-0.39818108346349	0.237568303245417	-1.32950244927175	-1.20842499112268	-1.33954508982924	-0.777837048101367	-1.55769511490503	-1.29889415502228	0.323862740352507	-0.186890361346031	-0.930556005627293	-0.679451338916276	-1.43271961341852	0.752768203478823

Probability matrix

A:	0.12381640899532	0.410603946359187	0.475559358802539	0.313934254927093	0.163122122102513	0.321077249354655	0.316672865706364	0.689794761391986	0.233538604499866	0.12304423166673	0.491028294137768	0.586194784104341	0.133773259871406	0.10806587057851	0.377277058456938	0.203767036797595	0.207661294385772	0.190084387496088	0.123968410427633	0.0693551034188741
C:	0.148623693197769	0.0579347564642619	0.185592711837309	0.0611086449806215	0.2228541586615	0.218638881162301	0.245994107032264	0.0593090969816724	0.0403249446091207	0.194948549821127	0.0233502344595906	0.0692832884701048	0.0726335343753007	0.0811339072652159	0.215596328222748	0.289589774726213	0.172532990999108	0.194968289004406	0.137168997708025	0.195469239671836
G:	0.609840405724809	0.232334545300365	0.131685940445409	0.256535900460713	0.330489955069199	0.138190270716536	0.106305369638413	0.123899316950863	0.143209701116674	0.0661388911868024	0.042891339362641	0.0329371242584086	0.0739056073242164	0.173520359375436	0.236733869010746	0.220730487324479	0.103201955866057	0.168713920281892	0.0639529550305951	0.667439272190577
T:	0.117719492082101	0.299126751876186	0.207161988914743	0.368421199631573	0.283533764166788	0.322093598766508	0.33102765762296	0.126996824675478	0.582926749774339	0.61586832732534	0.44273013204	0.311584803167146	0.719687598429077	0.637279862780838	0.170392744309568	0.285912701151714	0.516603758749063	0.446233403217614	0.674909636833748	0.0677363847187127



5	AATAAT..C	0.473250877996641

Enrichment score matrix

A:	-0.0570175438596491	0.0745257452574526	0.0803030303030303	0.0466479137365213	-0.0421961550993809	0.0334249084249084	0.0384186046511628	0.190662139219015	0.117317487266553	-0.0564152159896841	0.185312285518188	0.194556451612903	-0.0183752417794971	-0.0516347687400319	0.0511393746687864	-0.0164835164835165	0.00208333333333333	-0.0188834154351396	-0.0284280936454849	-0.0791666666666667
C:	-0.0371900826446281	-0.138095238095238	-0.0218579234972678	-0.13103609939053	-0.00831918505942275	-0.00829562594268477	0.0109970674486804	-0.00731382978723404	-0.0847739361702128	-0.0351973684210526	-0.196640316205534	-0.0989684074790458	-0.0524193548387097	-0.0827563100290373	-0.00961538461538462	0.0216788067984738	-0.018037518037518	-0.0161290322580645	-0.0174418604651163	0.0333333333333333
G:	0.116091954022989	0.0126984126984127	-0.0591133004926108	0.0247252747252747	0.03446519524618	-0.0581081081081081	-0.0800953079178886	-0.0551782682512733	-0.0946291560102302	-0.0510752688172043	-0.158938172043011	-0.180592105263158	-0.117105263157895	-0.000219298245614035	0.000539374325782093	-0.00780141843971631	-0.0738335738335738	-0.031832298136646	-0.100290697674419	0.166666666666667
T:	-0.0625	0.040133779264214	-0.00992063492063492	0.0640243902439024	0.0178268251273345	0.0337680484396833	0.043231961836613	-0.125332446808511	0.0730536793458941	0.145833333333333	0.225470430107527	0.0930779569892473	0.19119623655914	0.141025641025641	-0.0351629502572899	0.0202913631633715	0.101033834586466	0.0737704918032787	0.155555555555556	-0.0817307692307692

Energy matrix for enoLOGOS

A:	0.525150986121449	-0.686407480296328	-0.739618241992027	-0.429643163155945	0.388640950853997	-0.307854783495541	-0.353848425453597	-1.75606319825624	-1.08053398930994	0.519603341423544	-1.70678922473134	-1.79193114091875	0.169242231206526	0.47557379512397	-0.47101104710954	0.151818797340267	-0.0191882091082837	0.173922683543064	0.26183241860133	0.729151946114781
C:	0.342533319618949	1.27190414660623	0.201318915234452	1.20688707640288	0.0766225260147425	0.0764055385307225	-0.101286734295926	0.0673628617631237	0.780796806799843	0.324179743355741	1.81112424310599	0.911532718954445	0.482800100143913	0.76221378329622	0.0885609651151556	-0.199669189472255	0.166131680591201	0.148553876967358	0.160645471604236	-0.307011345732539
G:	-1.06924641099953	-0.116956703136206	0.544453618047853	-0.2277281960104	-0.317436179203933	0.535195454047265	0.737705048121993	0.508210631730435	0.871566735967056	0.470420610396633	1.46387466261584	1.66331475796544	1.07857933303405	0.0020198114850825	-0.00496782112835824	0.0718537192139986	0.680032345886649	0.293186300660733	0.923711461724356	-1.5350567286627
T:	0.575646273248511	-0.369645767437171	0.0913724243251605	-0.589686426254573	-0.164191127174448	-0.311015219826862	-0.39818108346349	1.15435449475898	-0.672849252200891	-1.34317463757986	-2.07665940510619	-0.857279664999127	-1.76098241655055	-1.29889415502228	0.323862740352507	-0.186890361346031	-0.930556005627293	-0.679451338916276	-1.43271961341852	0.752768203478823

Probability matrix

A:	0.12381640899532	0.410603946359187	0.475559358802539	0.313934254927093	0.163122122102513	0.321077249354655	0.316672865706364	0.757673318639485	0.509520476409144	0.103009475793301	0.396953987263105	0.670566962177664	0.110807113540268	0.10806587057851	0.377277058456938	0.203767036797595	0.207661294385772	0.190084387496088	0.123968410427633	0.0693551034188741
C:	0.148623693197769	0.0579347564642619	0.185592711837309	0.0611086449806215	0.2228541586615	0.218638881162301	0.245994107032264	0.12234271608369	0.0792129063864241	0.12524158850425	0.0117741553521995	0.0449099649604207	0.0809825018621305	0.0811339072652159	0.215596328222748	0.289589774726213	0.172532990999108	0.194968289004406	0.137168997708025	0.195469239671836
G:	0.609840405724809	0.232334545300365	0.131685940445409	0.256535900460713	0.330489955069199	0.138190270716536	0.106305369638413	0.0787263948400766	0.0723394277405846	0.108202417929766	0.0166624300179408	0.021176194882477	0.0446321241444626	0.173520359375436	0.236733869010746	0.220730487324479	0.103201955866057	0.168713920281892	0.0639529550305951	0.667439272190577
T:	0.117719492082101	0.299126751876186	0.207161988914743	0.368421199631573	0.283533764166788	0.322093598766508	0.33102765762296	0.0412575704367479	0.338927189463847	0.663546517772683	0.574609427366755	0.263346877979439	0.763578260453139	0.637279862780838	0.170392744309568	0.285912701151714	0.516603758749063	0.446233403217614	0.674909636833748	0.0677363847187127



