1	CC.T.CGCG	0.39182108662788

Enrichment score matrix

A:	0.318840579710145	-0.139705882352941	0.00524616626311542	-0.0985525755640698	-0.0946125706684403	-0.145296391752577	0.000905797101449275	-0.14274322169059	-0.00531914893617021	-0.137355973317162	-0.0289473684210526	-0.00334928229665072	-0.126116838487973	-0.0160216396171452	0.0379417879417879	-0.0491559086395233	-0.0340501792114695
C:	-0.144444444444444	0.00166112956810631	-0.0899919289749798	0.0207496653279786	0.227591706539075	0.188762626262626	0.00382440971067509	0.0758503401360544	0.0529953917050691	0.202535559678417	-0.0494845360824742	0.178149920255183	-0.0357368753953194	0.0620941558441558	-0.0431392931392931	-0.0326923076923077	-0.167464114832536
G:	-0.0595238095238095	0.132890365448505	0.0448028673835125	0.0682234432234432	-0.109700520833333	0.0375631313131313	-0.0344196873960758	-0.106382978723404	0.045578231292517	-0.0682231655548817	0.181173436492585	-0.0530612244897959	0.206318504190845	0.0424107142857143	0.0702688990360223	0.147783251231527	0.0813397129186603
T:	-0.0579710144927536	0.0259259259259259	0.0458333333333333	0.0156794425087108	-0.0299479166666667	-0.0737757731958763	0.03515625	0.186124401913876	-0.0899567675424011	0.00759075907590759	-0.108552631578947	-0.127604166666667	-0.0549828178694158	-0.0795066413662239	-0.0629587803500847	-0.0200746965452848	0.152777777777778

Energy matrix for enoLOGOS

A:	-2.93663026352864	1.28673872843785	-0.0483189769312713	0.907702765479986	0.871413979323985	1.33822922286123	-0.00834269961229727	1.31471365756279	0.0489911721913627	1.26509526637514	0.266615116030889	0.0308480299539872	1.16157900911177	0.147564754191046	-0.349456781265209	0.452742649863775	0.313613740264422
C:	1.33038249817434	-0.0152995687242129	0.82885629659027	-0.191111480275276	-2.0961970830638	-1.73856803738692	-0.0352241151572086	-0.698607449983228	-0.48810559574989	-1.86542144206691	0.455769420468925	-1.64082140279065	0.329148786221793	-0.57190831043521	0.397327573219347	0.301107281391529	1.54240149769936
G:	0.548234545950963	-1.22396549793703	-0.412649658242661	-0.628361133436104	1.01037913585806	-0.345969224831176	0.317017036414877	0.979823443827254	-0.419791023756738	0.628358576014142	-1.66866901645732	0.488711938104859	-1.90026364863467	-0.390617113990061	-0.647200477685795	-1.36113404511963	-0.749166441739689
T:	0.533932775187025	-0.23878660223642	-0.422140600382242	-0.144413002348059	0.275830505931578	0.679499982339738	-0.323801028702288	-1.71426909315729	0.828532447828253	-0.0699134747707763	0.999806685115836	1.17527780788238	0.506410467187694	0.732283228815564	0.579871796428766	0.184894788046207	-1.40713533460747

Probability matrix

A:	0.929557197373395	0.0463221591711274	0.232084025294391	0.0868766282072999	0.0432343483682162	0.0333230110378873	0.242694828271239	0.0327202421582885	0.209744944678069	0.0338110461103494	0.10829491552359	0.137512191217874	0.0376063433315712	0.187846220462558	0.310991378665045	0.104111727875451	0.102293761924741
C:	0.0130357499487882	0.170316546453825	0.0965367930267958	0.260682525989692	0.84070963841784	0.722737033873612	0.249307286741354	0.24501391875572	0.35888033755271	0.773792899081241	0.089631238249117	0.731708352720468	0.0864531773167	0.385714213790529	0.147375070315376	0.121158547457215	0.0299359750297606
G:	0.0284982742105222	0.570392472870445	0.334096597555432	0.403651928942576	0.0376250527065524	0.179548726549663	0.175290582332208	0.0457359264751725	0.335182258582584	0.0639130935614834	0.75005184988375	0.0869948279840371	0.803530705826908	0.321759869365016	0.418848335611312	0.63864026096605	0.296079759219482
T:	0.0289087784672946	0.212968821504602	0.337282584123381	0.248788916860432	0.0784309605073917	0.0643912285388382	0.332707302655199	0.676529912610819	0.0961924591866368	0.128482961246926	0.0520219963435426	0.0437846280776209	0.0724097735248207	0.104679696381897	0.122785215408268	0.136089463701284	0.571690503826017



2	A.CCCCG.C	0.377608342113702

Enrichment score matrix

A:	-0.061038961038961	0.00108225108225108	-0.0181818181818182	-0.0443037974683544	0.105429292929293	-0.00859106529209622	-0.048469387755102	-0.105867346938776	-0.0366709183673469	-0.0419921875	-0.0852272727272727	0.0332708528584817	0.0397727272727273	0.040360873694207	-0.0609375	0.0665961945031713	0.193486590038314
C:	0.0804195804195804	0.038265306122449	0.0969148222669349	-0.00731707317073171	0.038047138047138	-0.0204623555139019	0.11824429865667	0.0807560137457045	0.116994689159638	0.136682615629984	-0.0388525780682643	0.0876288659793814	0.107638888888889	0.0740165631469979	-0.0175953079178886	-0.00354609929078014	-0.0333333333333333
G:	-0.0367647058823529	-0.0236406619385343	-0.103553921568627	-0.0370705244122966	-0.0866623711340206	0.0353954081632653	-0.0353954081632653	0.0545142143080287	-0.00484223680099969	0.0404057199866977	0.148358585858586	-0.0326460481099656	-0.0942760942760943	-0.107359307359307	0.120338983050847	-0.0404040404040404	-0.0119047619047619
T:	0.0111111111111111	-0.02	0.0313432835820895	0.0925925925925926	-0.0551083591331269	-0.00573979591836735	-0.0360824742268041	-0.0322066326530612	-0.0778061224489796	-0.119138755980861	-0.0277777777777778	-0.0920495275333985	-0.0590277777777778	0.00904159132007233	-0.0662862159789289	-0.0504201680672269	-0.146428571428571

Energy matrix for enoLOGOS

A:	0.562189607120624	-0.00996790083547206	0.167460734035931	0.408053054454641	-0.97103967305557	0.0791266354980772	0.446419558845784	0.975074299584213	0.337751639916218	0.386762339838844	0.784972190793425	-0.306435879292553	-0.366320355703598	-0.371737384433987	0.561255116417299	-0.613373618852537	-1.78207735166589
C:	-0.740691708235847	-0.352436493825619	-0.892618500168047	0.067392734429094	-0.350427091593707	0.18846525909542	-1.08907023767353	-0.743790373681926	-1.07756090887381	-1.25889341288414	0.357845468337492	-0.807091682080387	-0.991390803927992	-0.68171773974772	0.162058774873481	0.0326607814609085	0.307011345732539
G:	0.338615454852066	0.217738543072723	0.953766864499985	0.341432147604904	0.798189935586853	-0.326003756788698	0.326003756788698	-0.502094468887799	0.0445986490989162	-0.372150434052247	-1.36643307286263	0.300681214892693	0.868314917223344	0.988815762878828	-1.10836299391578	0.37213496452429	0.109646909190193
T:	-0.10233711524418	0.184206807439524	-0.288682310166418	-0.852809293701498	0.507566744957201	0.0528654740738429	0.332331869091924	0.296634048969896	0.716620870778759	1.09730849407755	0.25584278811045	0.847807479662193	0.543665924734705	-0.0832761335621716	0.610518611136262	0.464386909511404	1.34865698303937

Probability matrix

A:	0.127000364700797	0.248244160552674	0.168916063169509	0.142791280508453	0.516519745794554	0.226114719318527	0.126703921236496	0.0773423976580021	0.139996096875031	0.113485003866254	0.0779591441797638	0.284898788779182	0.280753122929225	0.296794645801956	0.114250511388195	0.44688216595466	0.758554318381336
C:	0.467346649973442	0.349632070072935	0.487593056871021	0.200746778866562	0.27768876505552	0.202695297623718	0.588362251600443	0.431430728221714	0.576472185605334	0.588352616680029	0.119499432134909	0.470026836915101	0.524552839463503	0.404649324539242	0.170304812692348	0.234219930693141	0.0939089514917992
G:	0.158818828693443	0.197691223524228	0.0769453779953135	0.15262819929695	0.088048157506413	0.339058571714182	0.142917685391587	0.338800370280985	0.187685470701881	0.24239859974694	0.670209372978789	0.155246922215819	0.0816825541977813	0.076133419741147	0.606686155988712	0.1667984780772	0.114398749536854
T:	0.246834156632318	0.204432545850162	0.266545501964157	0.503833741328035	0.117743331643513	0.232131411343573	0.142016141771474	0.152426503839298	0.0958462468177542	0.0557637797067776	0.132332050706538	0.0898274520898978	0.11301148340949	0.222422609917655	0.108758519930745	0.152099425274999	0.0331379805900111



3	CG.CGCCG	0.377275919987784

Enrichment score matrix

A:	0.156593406593407	-0.112121212121212	0.0318181818181818	-0.0736871823828346	0.0270365168539326	-0.0509379509379509	-0.0563417190775681	-0.126911314984709	-0.0474481658692185	-0.127730294396961	-0.0190729116368904	-0.106837606837607	-0.014028314028314	-0.128070175438597	0.0541666666666667	-0.0360576923076923	-0.0870570107858243	0.00651041666666667	0.194444444444444
C:	-0.0492424242424242	0.0585106382978723	-0.08040027605245	0.0462577962577963	-0.0164874551971326	0.0692401960784314	0.191368788142982	0.06966618287373	0.100202224469161	0.25111234705228	-0.0560560560560561	0.198641765704584	0.192531240918338	0.0167919799498747	-0.00903934774902517	0.150694133452754	0.0777777777777778	-0.0560897435897436	-0.125806451612903
G:	-0.0347222222222222	0.0636363636363636	0.143465909090909	0.0682370082564352	0.0449308755760369	0.0136235515189477	0.0635121457489878	0.156479909451047	0.0168408826945412	-0.0484330484330484	0.164349276974416	0.0229202037351443	-0.0242647058823529	0.159562211981567	-0.0381944444444444	0.00480769230769231	0.0101867572156197	-0.000553709856035437	0.0727272727272727
T:	-0.103030303030303	-0.00140056022408964	-0.0934065934065934	-0.0392	-0.0397849462365591	-0.00585106382978723	-0.178764478764479	-0.082970488630866	-0.0634771732332708	-0.0218423551756885	-0.0494186046511628	-0.0169779286926995	-0.128036437246964	-0.0226824457593688	0.00253623188405797	-0.0925925925925926	0.00254668930390492	0.0414965986394558	-0.124242424242424

Energy matrix for enoLOGOS

A:	-1.44227857473253	1.03267452655491	-0.293056284562879	0.678684030797793	-0.24901552269739	0.469155865989552	0.518926409846666	1.16889640806426	0.437013757681486	1.17643948720873	0.175668008060386	0.984010723501729	0.129205547045741	1.17956990728818	-0.498893436815377	0.332103619181834	0.801824701104244	-0.0599631534633866	-1.79089951677315
C:	0.453539488013979	-0.538902894104989	0.74051390844391	-0.42605004839183	0.151855074233299	-0.637725773304724	-1.76257167536946	-0.641649256683392	-0.922896593390131	-2.31283018795731	0.516295356186853	-1.82955827422956	-1.77327826109684	-0.154659850857745	0.0832554695091785	-1.38794426115987	-0.716359806709259	0.516605629838408	1.15872024034539
G:	0.319803485138062	-0.586112569125757	-1.32136985450226	-0.628486072007117	-0.413828657266211	-0.125477546564661	-0.584968480102738	-1.44123322742016	-0.155110261781248	0.446084861320784	-1.51371278082256	-0.211102877795719	0.223486200202363	-1.46962228285565	0.351783833651868	-0.0442804825575778	-0.0938235012425418	0.00509985624140431	-0.669842936143722
T:	0.94894415953694	0.0128996363753168	0.860306518261512	0.361045342581466	0.366432896519483	0.0538902894104989	1.64648169583976	0.764186441119456	0.58464637132932	0.201175525693687	0.455162169545335	0.156372502070903	1.1792591670597	0.208913045912675	-0.0233595589144323	0.852809293701498	-0.0234558753106354	-0.382197797748672	1.14431501591219

Probability matrix

A:	0.707513717500434	0.0733472734374245	0.22383109856814	0.110035188005525	0.295045479284458	0.136016479345757	0.0707661428640952	0.0450177419886902	0.132162964368629	0.0259809795768333	0.126845345790903	0.0429901418419099	0.111576411122418	0.0463405827894427	0.383527467933213	0.115795640702143	0.0971309870956854	0.257795755518935	0.698609823255376
C:	0.106265316772767	0.353111105054184	0.0796244773660901	0.332132599341811	0.197602791965216	0.411437732100813	0.692895201524916	0.275228687564736	0.514886295444711	0.851189166119812	0.090228130506837	0.71661578169761	0.747843301366959	0.175958443987394	0.214275449864372	0.646695014777212	0.443299209175343	0.144835532903519	0.0365789389589819
G:	0.121470927966303	0.370181130457263	0.62590920029385	0.406657093578935	0.347909589624866	0.246511701417484	0.213422883952941	0.612277930340344	0.238927404548914	0.0539317490918599	0.687010367857413	0.142036551756901	0.101537582875038	0.655376765947106	0.163814382384917	0.168715020292562	0.237866276502824	0.241556793791796	0.227701557454976
T:	0.0647500377604955	0.203360491051129	0.0706352237719201	0.151175119073729	0.15944213912546	0.206034087135945	0.0229157716580478	0.0674756401062302	0.114023335637746	0.0688981052114945	0.0959161558448466	0.098357524703579	0.0390427046355852	0.122324207276057	0.238382699817498	0.0687943242280831	0.221703527226147	0.35581191778575	0.0371096803306667



4	T.GCG.GGA	0.372405973704705

Enrichment score matrix

A:	-0.0404040404040404	-0.0292553191489362	-0.0258838383838384	0.0702380952380952	-0.0768229166666667	-0.0357515113612675	-0.0374800637958533	0.0315398886827458	-0.0457236842105263	-0.0578344419807834	-0.148518041237113	-0.031748726655348	0.113486842105263	-0.122751322751323	0.0563151041666667	0.0993031358885017	-0.0516934046345811	-0.211111111111111	0.0576923076923077
C:	0	0.129166666666667	-0.0055596738324685	-0.044421906693712	-0.0120442708333333	0.00948509485094851	-0.0244140625	0.125631313131313	-0.0890456989247312	-0.0825059910989387	0.0274621212121212	-0.0509938090583252	0.0245003223726628	-0.0105263157894737	-0.0454545454545455	-0.134581881533101	-0.0238450074515648	0.125396825396825	-0.0639097744360902
G:	0.105990783410138	-0.0148148148148148	-0.0146009085009734	-0.019369944657301	0.0120442708333333	0.108058608058608	0.1357421875	-0.0797453001819284	0.14375	0.151520572450805	0.135953608247423	0.142287234042553	-0.0164650537634409	0.0639503507825148	0.0595703125	0.00228937728937729	0.0557971014492754	0.0582655826558266	-0.0333333333333333
T:	-0.0857142857142857	-0.0860058309037901	0.0448232323232323	-0.00913621262458472	0.0768229166666667	-0.0838731293276748	-0.0746591286997007	-0.0748106060606061	-0.0108552631578947	-0.00930232558139535	-0.0154639175257732	-0.0618055555555556	-0.125	0.0698338525441329	-0.0710009976720984	0.0331010452961672	0.00998463901689708	0.0183946488294314	0.0228571428571429

Energy matrix for enoLOGOS

A:	0.37213496452429	0.269451447052495	0.238398961648373	-0.646916764222137	0.707565210867962	0.329283588449847	0.34520414472319	-0.290493110062329	0.421130694639701	0.532674895866324	1.36790171117301	0.292416578872588	-1.04525244353019	1.13058146364999	-0.518681277458294	-0.914615681537705	0.476113851670783	1.94440518963942	-0.531365790690934
C:	0	-1.18966896471359	0.0512064883542041	0.409140880621254	0.110931833907265	-0.0873609520377145	0.2248618254877	-1.15710715531771	0.820141195757288	0.759908260748463	-0.252935483700104	0.469670338290737	-0.225656308275367	0.0969509512839598	0.418651835089827	1.23954493682084	0.21962063480122	-1.15494744347003	0.588630775652613
G:	-0.97621119149978	0.13644948699224	0.134479337034046	0.178403783280084	-0.110931833907265	-0.995256560341749	-1.25023174971161	0.734481357740975	-1.32398642847158	-1.39555604562859	-1.25217900675707	-1.31051385611895	0.151648749404178	-0.589004497614235	-0.548662854189988	-0.0210859440750371	-0.513910296117512	-0.536645848231675	0.307011345732539
T:	0.789457746169387	0.792142976598535	-0.412837226269134	0.0841476279831711	-0.707565210867962	0.772500069170663	0.687635987199419	0.689031145252006	0.0999806685115836	0.0856775848555924	0.142427943896539	0.56925020354575	1.15129254649702	-0.643193551417859	0.653943355309915	-0.304871893845902	-0.0919619238369358	-0.169420976742037	-0.21052206564517

Probability matrix

A:	0.14366395478081	0.142098973998372	0.191084717263647	0.441050274291992	0.108694375616357	0.144523558134851	0.128726600231708	0.243123384618182	0.113943646167416	0.0976783993921864	0.0431035707018999	0.132217136910059	0.539396083749666	0.0654170776783664	0.366077776787039	0.483395504719522	0.148179820432079	0.0230323103790538	0.402539340563218
C:	0.208431800028539	0.611334471891313	0.230421294566899	0.153408028527151	0.1973884130568	0.219222471728045	0.145188528796143	0.578352251879875	0.0764543241965795	0.0778237829992485	0.21798865833796	0.110740739399348	0.237663073957108	0.183903996505229	0.143382043858497	0.056074129171191	0.191506118027454	0.510939231465435	0.13134090434543
G:	0.553257248792462	0.162312870955158	0.212010648080718	0.193221716964373	0.24641992560763	0.543474439018681	0.634683641056536	0.0872340383067265	0.652506510822258	0.67176688627992	0.592106524375347	0.65679765164139	0.162967200619006	0.365172305560146	0.377219555188735	0.197809694866017	0.398796270784984	0.275324132460942	0.174062720374923
T:	0.0946469963981885	0.0842536831551574	0.366483340088735	0.212319980216484	0.447497285719213	0.0927795311184238	0.0914012299156128	0.0912903251952167	0.157095518813747	0.152730931328645	0.146801246584794	0.100244472049203	0.0599736416742199	0.385506620256259	0.113320624165729	0.262720671243269	0.261517790755482	0.190704325694569	0.292057034716429



5	CGCC..GCC	0.371833340968437

Enrichment score matrix

A:	-0.00833333333333333	-0.0299145299145299	-0.101104209799862	0.0173540220498163	-0.0135046113306983	-0.0309244791666667	-0.0576382380506092	-0.00136054421768707	0.0586340206185567	-0.0589561855670103	-0.0717577353522054	-0.0392287234042553	-0.161725955204216	0.0447454844006568	0.00944444444444444	-0.0552380952380952	0.0545454545454545
C:	0.169642857142857	0.00290135396518375	0.0134943181818182	0.0427841634738186	0.174901185770751	-0.106119791666667	0.145110902842862	0.15518341307815	-0.014520202020202	0.0801767676767677	-0.0801857585139319	0.175138481590094	0.165678524374177	0.0413654618473896	0.0855555555555556	0.0583554376657825	-0.0196078431372549
G:	-0.141025641025641	0.0796269727403156	0.0490196078431373	-0.0912539045069166	-0.0173048600883652	0.180701754385965	-0.0223333333333333	-0.022488038277512	-0.0280934343434343	-0.0154639175257732	0.130997474747475	-0.146285104870245	-0.03240058910162	-0.0723514211886305	-0.123858447488584	-0.0419047619047619	-0.0161290322580645
T:	0.0227272727272727	-0.0566714490674319	0.046583850931677	0.0307346326836582	-0.152024708304736	-0.0483870967741935	-0.0652573529411765	-0.134114583333333	-0.0154707044107966	-0.00740979381443299	0.0204081632653061	-0.00265957446808511	0.0260809883321894	-0.0189491817398794	0.027027027027027	0.0659090909090909	-0.0161290322580645

Energy matrix for enoLOGOS

A:	0.0767528364331349	0.275523002580484	0.931204185296419	-0.159836449901588	0.124382066946977	0.284824978951086	0.5308677908871	0.012531075336022	-0.540039287274377	0.543006536105555	0.660913166916	0.3613098949113	1.4895510944138	-0.412121141439	-0.0869865479575528	0.508761658642494	-0.502382202107792
C:	-1.56246845596025	-0.0267224575589251	-0.124287263542292	-0.394056708124141	-1.61089945241085	0.977399401453202	-1.33652080686752	-1.42929205453474	0.133736002875917	-0.738455320227889	0.7385381288984	-1.61308502767585	-1.52595560181292	-0.380989983258453	-0.787995787380185	-0.537473443457496	0.180594909254435
G:	1.29889415502228	-0.733391521728376	-0.451487273136087	0.840479520780513	0.15938365150327	-1.66432466370798	0.205697601640801	0.207122486833914	0.258750092520796	0.142427943896539	-1.2065313302936	1.34733560720519	0.298420453878463	0.666381215543496	1.1407784593144	0.385957120349478	0.148553876967358
T:	-0.209325917544913	0.52196333528416	-0.429053122918145	-0.283076428224156	1.40019930843701	0.445661630902073	0.601042432362416	1.23524096134576	0.14249045341767	0.0682467231170916	-0.18796613004033	0.0244955860956813	-0.240214779777004	0.174528413594725	-0.248928118161518	-0.607045160880248	0.148553876967358

Probability matrix

A:	0.128585069806907	0.170152130662824	0.0850615197025876	0.265756580589834	0.126337112095378	0.106673143001312	0.102167251802258	0.157579581420241	0.405681054578028	0.129832740294575	0.0931612699661173	0.100242629514761	0.0329711367243532	0.348962117182525	0.222989096089266	0.124539118056004	0.392429926472917
C:	0.662361844515015	0.230197671994984	0.244414658928296	0.335895814998317	0.7163976188218	0.0533671292020093	0.661162594173716	0.666309141576279	0.206808238710182	0.467644721380155	0.0862031840599056	0.72197352195026	0.672592218699015	0.338265879290451	0.449498318565199	0.354551981995675	0.198220664764368
G:	0.0378809894473137	0.46666303624923	0.339022411000346	0.0977354959243626	0.121991606410916	0.749134892111527	0.141426674761089	0.129714930197438	0.182505058641131	0.193799787148024	0.602915210595624	0.0373961526998154	0.108501410680586	0.118683586225632	0.0653238930854403	0.140811822398853	0.204674704381357
T:	0.171172096230765	0.132987161092962	0.33150141036877	0.300612108487486	0.0352736626719063	0.0908248356851523	0.0952434792629366	0.0463963468060425	0.205005648070659	0.208722751177246	0.217720335378353	0.140387695835164	0.185935233896046	0.194088417301391	0.262188692260095	0.380097077549468	0.204674704381357



