1	AAAAAA..A	0.482846236066575

Enrichment score matrix

A:	0.078544061302682	0.00145348837209302	0.0220125786163522	-0.0799180327868853	0.00771388499298738	0.0430340557275542	0.0945945945945946	0.106521739130435	0.119587628865979	0.119097222222222	0.127147766323024	0.135460992907801	0.101831501831502	0.0804120952635804	0.0331439393939394	0.104694835680751	0.0251358695652174	0.0384615384615385	0.035230352303523	-0.0774193548387097
C:	-0.00961538461538462	0.0728291316526611	-0.0361111111111111	0.0357142857142857	-0.00704225352112676	-0.0383141762452107	-0.0422427035330261	-0.0430555555555556	-0.0296582849774339	-0.0196143617021277	0.00870406189555126	-0.0832201086956522	-0.0571625344352617	-0.0925099206349206	-0.0116495806150979	0.0184331797235023	0.0623456790123457	-0.0125786163522013	0.061046511627907	-0.0230769230769231
G:	0.0593869731800766	0.0777777777777778	0.015	0.0706666666666667	-0.0225837785332686	-0.0295454545454545	-0.0596518177163338	-0.0536261491317671	-0.0263157894736842	-0.0125448028673835	-0.108223684210526	-0.0381285381285381	-0.0273876404494382	0.0158730158730159	-0.0284577723378213	-0.0617511520737327	-0.0732445520581114	0.0265700483091787	-0.0605263157894737	-0.0757575757575758
T:	-0.0415384615384615	-0.0300751879699248	0.0759209344115005	0.0919165580182529	0.0304761904761905	0.0807668133249529	0.0503703703703704	-0.0107638888888889	-0.0578947368421053	-0.0833616298811545	-0.0223684210526316	0.00745750953867499	0.0122893258426966	0.0706521739130435	0.104482323232323	0.0191570881226054	0.0825806451612903	0.0562613430127042	0.0545454545454545	0.234848484848485

Energy matrix for enoLOGOS

A:	-0.723417538795064	-0.0133871226336863	-0.202743341521488	0.736072283825966	-0.0710475063756929	-0.396358300837365	-0.871248413565315	-0.981101474406159	-1.10144276613323	-1.09692595402355	-1.17107420537154	-1.2476418518067	-0.937902792457648	-0.740622767401349	-0.305266963086332	-0.964275071807835	-0.231509914241249	-0.354243860460622	-0.324483536140082	0.713058609443317
C:	0.0885609651151556	-0.670781091516473	0.332595624543584	-0.328940727570578	0.0648615519153252	0.352886604290275	0.389069677771651	0.396556321571197	0.273162899491234	0.18065494745565	-0.0801673726767753	0.766485526879812	0.52648639867357	0.852047856832122	0.107296602655827	-0.169775859391266	-0.574224924425676	0.115853338012279	-0.562259150614825	0.212546316276373
G:	-0.546974236649927	-0.716359806709259	-0.138155105579643	-0.650864052952984	0.208004287176733	0.272123692808387	0.549413544974514	0.49391508634193	0.2423773782099	0.115541904307945	0.996776967888212	0.351176814049708	0.252249490524629	-0.146195878920257	0.262105769459543	0.568749128960741	0.674607254848135	-0.244719188627387	0.557467969882769	0.697753058483044
T:	0.382583369297472	0.277002717954171	-0.699257647288399	-0.846582785168606	-0.280696087526893	-0.743889841482677	-0.463928255773615	0.0991390803927992	0.533230232061779	0.767788985168134	0.206020771478415	-0.0686862011784558	-0.113188873953359	-0.650730569759187	-0.962317759824532	-0.176443302145138	-0.760595850072872	-0.518186118931509	-0.502382202107792	-2.16303448129744

Probability matrix

A:	0.382686552555331	0.175516299248064	0.240043676493238	0.0783005115961258	0.258888460714643	0.294050337950216	0.456506567044637	0.549312534847062	0.585205054553438	0.577662919798293	0.587321344170265	0.608579101448305	0.506648623150189	0.374631427185977	0.24049683136804	0.471138269838732	0.221717814137742	0.27031791498339	0.257924534970859	0.0467075833632631
C:	0.169904709842977	0.338703766656521	0.140538563736888	0.227140131900955	0.225989436502206	0.139004466411701	0.129448742792493	0.138519313531333	0.148021367862728	0.161000844986721	0.197288134541326	0.0812068431981375	0.117146878726209	0.076193187634582	0.159197146384953	0.212863774560924	0.31234878873626	0.168932889205189	0.327157810858759	0.0770472468635326
G:	0.320785588490126	0.354498670593886	0.225029759123887	0.313403179028873	0.195849307018503	0.15069666518487	0.11027101705369	0.125668941283383	0.152649151710127	0.171832928098267	0.0672032044380983	0.12301523780414	0.154109814483256	0.206751128738929	0.136364872837836	0.101710182067643	0.0895939949200136	0.242275148461369	0.106774115828906	0.0474279675359556
T:	0.126623149111566	0.131281263501529	0.394388000645987	0.381156177474046	0.319272795764648	0.416248530453213	0.30377367310918	0.186499210338222	0.114124425873706	0.0895033071167192	0.148187316850311	0.187198817549418	0.222094683640346	0.342424256440512	0.463941149409171	0.2142877735327	0.376339402205985	0.318474047350051	0.308143538341476	0.828817202237249



2	AAAA.G.AA	0.476805511017454

Enrichment score matrix

A:	-0.138888888888889	0.0411764705882353	0.073015873015873	0.0504694835680751	0.138962765957447	0.155921052631579	0.152742346938776	0.111895161290323	0.0594093406593407	-0.0154277699859748	0.0371669004207574	0.0967420212765957	0.103289473684211	0.0349946977730647	0.0223880597014925	-0.0203252032520325	-0.0147783251231527
C:	-0.045679012345679	0.00657894736842105	-0.0687134502923977	-0.0141570141570142	-0.0289228723404255	-0.0900537634408602	-0.110331632653061	-0.137096774193548	-0.0367445054945055	-0.0441077441077441	-0.0191919191919192	-0.0295877659574468	-0.0447368421052632	-0.107787274453941	0.0747303543913713	0.142424242424242	0.0672043010752688
G:	0.048469387755102	-0.117948717948718	-0.091710758377425	-0.0322769953051643	-0.0419354838709677	-0.0203947368421053	-0.021399562636676	-0.0245295698924731	-0.012706043956044	0.029532967032967	-0.0463598901098901	-0.0302526595744681	-0.0703947368421053	0.00284900284900285	-0.0745901639344262	-0.0818713450292398	-0.036036036036036
T:	0.171554252199413	0.0374149659863946	0.120184899845917	-0.0154584221748401	-0.0498670212765957	-0.0328820116054159	-0.0201499531396439	0.0586822237474262	0.0298763736263736	0.0587225274725275	0.064217032967033	-0.0463497453310696	0.00934880722114765	0.0718923933209648	0.00769230769230769	-0.00378787878787879	-0.03125

Energy matrix for enoLOGOS

A:	1.27921394055225	-0.379249309434313	-0.672501043033182	-0.464841122059831	-1.27989437349935	-1.43608596589366	-1.4068090045206	-1.03059252146104	-0.547180248747211	0.142095012751386	-0.34231980344652	-0.891026944230409	-0.951331209473856	-0.322313077704363	-0.20620165011887	0.187202040080817	0.136113404511963
C:	0.420719251559406	-0.0605943445524749	0.632874265325849	0.130390919036986	0.266389498790535	0.829425813067748	1.01619189053054	1.26270795422254	0.338429402404345	0.40624733627235	0.176764108149038	0.272513395314455	0.412041542956829	0.992757485488411	-0.688292000062935	-1.31177574994812	-0.618974487363991
G:	-0.446419558845784	1.08634783874591	0.844687300428151	0.297282112945241	0.38624008011513	0.187842468112672	0.19709725569521	0.225925687887857	0.117026989616456	-0.272008678567978	0.4269903675195	0.278637291838375	0.648359486711481	-0.0262402859600461	0.687000798237568	0.754062954430799	0.331904157548691
T:	-1.58007305501644	-0.344604571740605	-1.10694383515276	0.142377329843982	0.459292239294025	0.302854519001151	0.18558792689549	-0.540483254498259	-0.275171570179233	-0.5408544655247	-0.591460731304789	0.426896930653565	-0.0861056965787586	-0.662153412642073	-0.0708487720921245	0.0348876529241522	0.287823136624256

Probability matrix

A:	0.0378432883073789	0.341995514810381	0.329543483427505	0.390171815470769	0.633843078286783	0.677228648849271	0.669701768304666	0.500466531119774	0.371886610857399	0.190093150631684	0.299282843861133	0.528949415014584	0.532279514238825	0.29266191610197	0.25626526941672	0.13871665029114	0.207933907838305
C:	0.0892952531006208	0.24867396413818	0.0893296093675804	0.215154237252439	0.135032776913741	0.0702806966146672	0.059372526129794	0.0505134809391185	0.15338933265902	0.145964274269467	0.178092874441033	0.165232316753548	0.1361552803425	0.0785666657529909	0.41501035286786	0.621049727677431	0.442441463714445
G:	0.212530846983939	0.0789804595344899	0.0722780126138206	0.182083242628785	0.119781225686498	0.133497202186339	0.134683318131404	0.14245448088322	0.191403116190324	0.287613599192478	0.138667491705046	0.164223543108643	0.107498625117921	0.217662409253829	0.104900330738297	0.0786944357683374	0.170959985362891
T:	0.660330611608061	0.330350061516949	0.508848894591094	0.212590704648007	0.111342919112978	0.118993452349723	0.136242387434136	0.306565507057888	0.283320940293258	0.376328975906371	0.383956789992788	0.141594725123225	0.224066580300755	0.411109008891209	0.223824046977124	0.161539186263092	0.178664643084358



3	AAAAA.A.A	0.4740357306459

Enrichment score matrix

A:	-0.0132275132275132	0.00324675324675325	0.0093167701863354	0.0519323671497585	0.112548741581	0.125390218522373	0.127843803056027	0.151057925771766	0.0643463497453311	0.101831501831502	0.0336917562724014	0.0537219101123595	0.0627671978235523	0.00426136363636364	-0.0272601794340925	0.0573979591836735	-0.0484848484848485
C:	0.00666666666666667	0.0196581196581197	-0.0791666666666667	-0.0688405797101449	-0.00868055555555556	-0.050468262226847	-0.0751329787234043	-0.0580842391304348	-0.0890957446808511	-0.0571625344352617	-0.0203651685393258	-0.0474016853932584	-0.0396341463414634	-0.0032520325203252	-0.0252525252525253	-0.0318877551020408	0.0794871794871795
G:	-0.0256916996047431	-0.0461309523809524	-0.0328407224958949	-0.0551643192488263	-0.0868055555555556	0.0264945652173913	-0.0286926994906621	-0.0516339869281046	-0.0216090425531915	-0.0273876404494382	-0.0509641873278237	-0.0105337078651685	-0.0560213414634146	-0.0150406504065041	-0.0568181818181818	-0.0416666666666667	-0.0636363636363636
T:	0	0.053306342780027	0.046583850931677	0.10838779956427	-0.015625	-0.0974025974025974	-0.0219414893617021	-0.00572320499479709	0.0405585106382979	0.0122893258426966	0.0786516853932584	0.0435393258426966	0.134279051690634	0.0260162601626016	0.13168449197861	0.053921568627451	0.0181818181818182

Energy matrix for enoLOGOS

A:	0.121829899100214	-0.0299037025064162	-0.085810624583629	-0.47831477777171	-1.0366122183986	-1.15488659190752	-1.1774849405939	-1.39129491224267	-0.592651782848722	-0.937902792457648	-0.310312542998481	-0.494797077567541	-0.578107256150079	-0.0392486095396712	0.251075531189137	-0.528654740738429	0.446561957429148
C:	-0.0614022691465079	-0.181057973124318	0.729151946114781	0.634045170534592	0.0799508712845155	0.46482987309141	0.692000307202998	0.534975612638562	0.820602134205325	0.52648639867357	0.187570133979852	0.436585656677242	0.365043978157593	0.0299523264129307	0.232584352827681	0.293697078188016	-0.732103978285286
G:	0.23662929809425	0.424881773111997	0.302474232248807	0.508082156670048	0.799508712845155	-0.244023963659695	0.264269528499826	0.475566594370012	0.199026637027411	0.252249490524629	0.469397512070412	0.0970190348171649	0.515975622972751	0.138529509659804	0.523314793862283	0.383764182165674	0.586112569125757
T:	0	-0.490969560989284	-0.429053122918145	-0.99828852615646	0.143911568312128	0.897111075192485	0.202088585289371	0.0527126660206753	-0.37355768795914	-0.113188873953359	-0.724408793301498	-0.401012010577615	-1.23675577089692	-0.239618611303445	-1.21285899283376	-0.496636000449696	-0.167460734035931

Probability matrix

A:	0.236843343496978	0.228126987192506	0.283255182363669	0.295535910742123	0.557427385330954	0.578499503408681	0.608864583890479	0.650923506354164	0.40005121014666	0.506648623150189	0.27937971534074	0.349918485673178	0.273491210912577	0.250493342346102	0.140780232184613	0.35594317433451	0.143520734485915
C:	0.284470936781648	0.265351856560583	0.125384576362367	0.0971669279858717	0.182503464178134	0.114516764053227	0.0938887562261511	0.0948333943837402	0.0973525228976428	0.117146878726209	0.169811528545821	0.137870866219738	0.106497152897465	0.233745147070711	0.14340764165222	0.156400382932958	0.466447489694291
G:	0.2111564917593	0.144765755911826	0.192109080629914	0.110210637420267	0.0888732602850227	0.232659278658554	0.144004048785574	0.100638071150208	0.181256679306854	0.154109814483256	0.128106479388967	0.193617413564879	0.0915775914218913	0.209695027150063	0.107228360953309	0.142929595884574	0.124827015674097
T:	0.267529227962074	0.361755400335085	0.399251160644051	0.497086523851738	0.171195890205889	0.0743244538795387	0.153242611097796	0.153605028111888	0.321339587648843	0.222094683640346	0.422702276724472	0.318593234542205	0.528434044768067	0.306066483433124	0.608583765209858	0.344726846847958	0.265204760145697



4	AAAAA.T.G	0.473713294241605

Enrichment score matrix

A:	-0.0157894736842105	0.1328125	0.15	0.0668398677373642	-0.0376420454545455	0.0840909090909091	0.0911184210526316	0.158203125	0.1162109375	0.149872448979592	0.11491935483871	0.00926585887384177	-0.0122893258426966	-0.0617314313821938	0.00763888888888889	-0.0182445759368836	0.0361552028218695	-0.0588235294117647	-0.138820638820639
C:	0.0318681318681319	-0.03743961352657	-0.0392561983471074	-0.0362962962962963	0.00444444444444444	0.0427749820273185	-0.0161184210526316	-0.0592447916666667	-0.0575719649561952	-0.138862855357701	-0.0806451612903226	-0.0158203125	-0.0122893258426966	0.0414285714285714	-0.000510725229826353	-0.032051282051282	0.00749625187406297	-0.00657894736842105	-0.0231481481481481
G:	-0.00122850122850123	-0.0494791666666667	0.00635451505016722	-0.0261752136752137	0.0394176136363636	-0.0482271262087776	-0.0772849462365591	-0.0169270833333333	-0.0251700680272109	-0.00956632653061225	-0.0072463768115942	-0.050453514739229	-0.0860881542699724	-0.0648148148148148	0.00902777777777778	0.0393103448275862	-0.115562403697997	0.0555555555555556	-0.0399159663865546
T:	0.0616698292220114	0.0410628019323672	-0.0496277915632754	0.0318825910931174	0.0230155853570134	-0.0427749820273185	0.00695762175838077	-0.08203125	-0.0322265625	0.0014058106841612	-0.00933908045977012	0.0849152542372881	0.131671348314607	0.0958205912334353	-0.0235507246376812	-0.0108481262327416	0.076271186440678	0.00857843137254902	0.168131868131868

Energy matrix for enoLOGOS

A:	0.14542642692594	-1.22324833065309	-1.38155105579643	-0.615617932278994	0.346696050933763	-0.774505894916179	-0.839231672051777	-1.45710462916029	-1.07034228932145	-1.38037626748368	-1.05844637339242	-0.0853417140667786	0.113188873953359	0.568567494679297	-0.0703567667303736	0.168038754321064	-0.333001724207252	0.541784727763305	1.27858533419325
C:	-0.293516341524516	0.344831583974954	0.361562948486668	0.334301243130987	-0.0409348460976719	-0.393972143876767	0.148456144153564	0.545664696516818	0.530257393130043	1.27897416286892	0.742769384836789	0.145710462916029	0.113188873953359	-0.38157124398187	0.00470395320325648	0.295203217050519	-0.0690430312741843	0.0605943445524749	0.213202323425375
G:	0.0113149144618872	0.455719966321738	-0.0585272465108855	0.241082627257924	-0.363049638241959	0.444188247545095	0.711820660468589	0.155904199004805	0.231824893716407	0.0881091234564048	0.0667415968983781	0.464694043710817	0.792901202821641	0.596966505591049	-0.0831489061358961	-0.362061656001822	1.06436907226227	-0.511685576220899	0.367639636696528
T:	-0.568000117816368	-0.378202382424143	0.457088852207255	-0.293649515908148	-0.211981374998365	0.393972143876767	-0.0640820645741543	0.755535733638671	0.296817609643764	-0.0129479948996854	0.0860161097957546	-0.782098394298317	-1.21273793521456	-0.882540259903936	0.216910189919729	0.099914935001714	-0.702483587693099	-0.0790102727988153	-1.54855173287072

Probability matrix

A:	0.174350903202451	0.548080646045826	0.624868381379508	0.394313378309565	0.159863961880428	0.436690355157643	0.488974496472186	0.692684119664332	0.57852058533952	0.643074838807989	0.553071493506471	0.228422143552979	0.159427678825128	0.113302783642685	0.27093861976697	0.215044995489558	0.288830676413491	0.136128671399087	0.0429449226511044
C:	0.270429847801174	0.114244687045566	0.109336144741375	0.152509485507754	0.235557280306844	0.298476327093672	0.182112115647552	0.0934853513359663	0.11673126908108	0.0450111698190913	0.0913110233463113	0.181298210413969	0.159427678825128	0.29300875091423	0.251346277491012	0.189366222404226	0.221823479614786	0.220256094418588	0.124624028998958
G:	0.199373802244634	0.10225340994506	0.166420418548265	0.167409919075589	0.32507921936022	0.129092633014706	0.10367468845796	0.138043002830477	0.157323932953419	0.148083413034348	0.179522276966123	0.131783400043835	0.0807920093323341	0.110130356758207	0.274426767229437	0.365383577085013	0.0714122787019973	0.390360572031055	0.106789982317132
T:	0.355845446751741	0.235421256963548	0.0993750553308519	0.285767217107093	0.279499538452508	0.135740684733979	0.225238699422301	0.0757875261692245	0.147424212625981	0.163830578338572	0.176095206181094	0.458496245989217	0.600352633017409	0.483558108684877	0.203288335512581	0.230205205021203	0.417933565269725	0.25325466215127	0.725641066032805



5	AA.AAA.GA	0.472668239497916

Enrichment score matrix

A:	0.105263157894737	0.0226063829787234	0.0463458110516934	-0.0223529411764706	0.152994791666667	0.13563829787234	0.119097222222222	0.135841836734694	0.190789473684211	0.137965425531915	0.0225806451612903	-0.0128706419029	0.112630208333333	0.0384615384615385	-0.00934065934065934	0.104081632653061	0.078125
C:	-0.16304347826087	0.0991253644314869	-0.105222734254992	-0.0787037037037037	-0.087890625	-0.0575551782682513	-0.0196143617021277	-0.0857843137254902	-0.0578947368421053	-0.13530585106383	-0.0116356382978723	-0.0164685908319185	-0.0687400318979266	0.0325476992143659	-0.0384615384615385	-0.0579710144927536	0.0454545454545455
G:	-0.0595238095238095	0.00383631713554987	0.0176651305683564	0.039041095890411	-0.0189792663476874	-0.0555186170212766	-0.0125448028673835	-0.0749362244897959	-0.0648026315789474	-0.0635416666666667	-0.0355718085106383	0.0472074468085106	-0.0353741496598639	-0.0487329434697856	0.0173611111111111	0.0454545454545455	-0.0352941176470588
T:	0.148148148148148	-0.117021276595745	0.0268965517241379	0.0561167227833895	-0.0467243099434652	-0.0242784380305603	-0.0833616298811545	0.0283801020408163	-0.0695564516129032	0.0581781914893617	0.027207559465624	-0.0152925531914894	-0.00845295055821372	-0.000465983224603914	0.0561904761904762	-0.117495711835334	-0.0950413223140496

Energy matrix for enoLOGOS

A:	-0.969509512839598	-0.208212481813291	-0.426860694601392	0.205878196550056	-1.40913410638959	-1.24927489087975	-1.09692595402355	-1.25114955308095	-1.75723599202177	-1.27070852871347	-0.207975427754301	0.118542992731528	-1.03736255491659	-0.354243860460622	0.0860306518261512	-0.958627263205684	-0.719557841560639
C:	1.50168593021351	-0.912978345910176	0.969137197358477	0.724887899646274	0.809502571755719	0.530102782020361	0.18065494745565	0.790102727988153	0.533230232061779	1.24621294261779	0.107168189168606	0.151681327008776	0.633119090960404	-0.299775388089012	0.354243860460622	0.533932775187025	-0.418651835089827
G:	0.548234545950963	-0.035333786593259	-0.162701865249963	-0.359581781645646	0.174805503072594	0.511345359747348	0.115541904307945	0.690188133741838	0.596854293841878	0.585240377802653	0.327628464029738	-0.434796653198344	0.325807958736573	0.448846996684999	-0.159901742569031	-0.418651835089827	0.325070836657983
T:	-1.3644948699224	1.07780578820998	-0.247726396211773	-0.516854117394848	0.430346798225026	0.223612677961391	0.767788985168134	-0.261390399587334	0.64063859442173	-0.535840945843029	-0.250590883369179	0.140849620050168	0.0778545517886344	0.00429186410623308	-0.517533411377709	1.08217549825106	0.875362927915092

Probability matrix

A:	0.358673354330341	0.241488638613858	0.350701099070746	0.184657846460624	0.678968488901793	0.636965463446917	0.577662919798293	0.607886467685501	0.776934310012304	0.58255327595956	0.297748752702388	0.213474684466716	0.564382232755794	0.323244931644737	0.205246833051804	0.516133461474001	0.435749901733015
C:	0.0303020890210881	0.488621563459955	0.0868286294030065	0.109891655564094	0.0738427653630596	0.107483544743067	0.161000844986721	0.0789437720363716	0.0786407159239289	0.0470165266522382	0.217262522234069	0.206516418442086	0.106192139889226	0.30610918921078	0.15696143054795	0.116024959946539	0.32251913003578
G:	0.0786232957406954	0.203149819045236	0.269286390435325	0.325045317894915	0.139300728281299	0.109518686313977	0.171832928098267	0.0872389099947571	0.0737931211440043	0.0910557299060373	0.174277024388999	0.371243394602349	0.144396245575365	0.144795077037926	0.26247234205948	0.30078326338641	0.153306591243217
T:	0.532401260907875	0.0667399788809501	0.293183881090923	0.380405180080367	0.107888017453848	0.146032305496039	0.0895033071167192	0.22593085028337	0.0706318529197624	0.279374467482164	0.310711700674545	0.208765502488849	0.185029381779616	0.225850802106558	0.375319394340766	0.0670583151930505	0.0884243769879875



