1	AATAAT.A	0.48064069475624

Enrichment score matrix

A:	-0.0921052631578947	0.0745257452574526	0.0568181818181818	0.0560243788091889	-0.0350276963180189	0.038003663003663	0.02	0.127708789870952	0.113431613431613	-0.0160818713450292	0.122986622986623	0.14041184041184	-0.082635733078211	-0.0761562998405104	0.0694223635400106	0.00416250416250416	-0.0213541666666667	0.0106732348111658	-0.0785953177257525	-0.0958333333333333
C:	-0.0261707988980716	-0.1	0.00182149362477231	-0.131504922644163	0.00831918505942275	-0.00351935646053293	0.0370234604105572	-0.0354034344860033	-0.131666666666667	-0.0514567669172932	-0.0772222222222222	-0.0922330097087379	-0.0629699248120301	-0.0606432879160152	-0.0263736263736264	0.00745750953867499	-0.0286195286195286	0.0132827324478178	-0.00145348837209302	0.0208333333333333
G:	0.125287356321839	0.0396825396825397	0.00492610837438424	0.0086996336996337	0.0402376910016978	-0.0677927927927928	-0.092925219941349	-0.0423611111111111	-0.0227797001153403	-0.0575	-0.0973245973245973	-0.104948568251321	-0.0185955185955186	-0.0263157894736842	-0.0164509169363538	-0.00886524822695036	-0.0468975468975469	-0.0652173913043478	-0.107558139534884	0.154761904761905
T:	-0.0625	-0.0284280936454849	-0.0823412698412698	0.0721544715447155	-0.0120543293718166	0.0346995808104332	0.0501888292585967	-0.0380530973451327	0.0847750865051903	0.113250418560153	0.128316032295271	0.0562969140950792	0.160129155704377	0.1729205753596	-0.016295025728988	0.0171696149843913	0.110432330827068	0.0519125683060109	0.193650793650794	-0.0384615384615385

Energy matrix for enoLOGOS

A:	0.848320823734648	-0.686407480296328	-0.523314793862283	-0.51600359796116	0.322617005535171	-0.350026671645615	-0.184206807439524	-1.17624142320465	-1.04474376864759	0.14811950890605	-1.13274865890671	-1.29324084244865	0.761103228538094	0.701425443001376	-0.639403597630567	-0.038338080136431	0.196679143359908	-0.0983041254808624	0.723889627897794	0.882657618981051
C:	0.241041965657779	0.921034037197618	-0.0167765762695377	1.21120509814314	-0.0766225260147425	0.0324144708918217	-0.340998672129617	0.32607768195305	1.21269481564353	0.473934337749714	0.71124295094705	0.84949741294926	0.579974440716545	0.55854532298225	0.242910075744427	-0.0686862011784558	0.263595599871372	-0.122338486914295	0.0133871226336863	-0.191882091082837
G:	-1.1539391960292	-0.365489697300642	-0.0453711348373211	-0.0801265874851408	-0.37060282990804	0.624394696388476	0.855872904800573	0.390160251868436	0.209808791633829	0.529594571388631	0.896392667925064	0.966612035146236	0.171271055658139	0.2423773782099	0.151518544414926	0.0816519536522711	0.431942369537123	0.600674372085403	0.990647074892787	-1.4254098194725
T:	0.575646273248511	0.26183241860133	0.758391121898833	-0.664567242286899	0.111024476470341	-0.319594950028983	-0.462256200342673	0.350481978756616	-0.780807401776528	-1.04307490220778	-1.18183433262093	-0.518513740707583	-1.47484402751448	-1.59265735637987	0.150082733334089	-0.158137998062026	-1.01711935498797	-0.478132423681824	-1.78358972282713	0.354243860460622

Probability matrix

A:	0.0865450397047557	0.432281970352384	0.399968243586125	0.335048351202884	0.174627337570271	0.330073159375961	0.260163951823577	0.606555123569149	0.463425540364787	0.175567902215152	0.427360759403428	0.594343581157203	0.0748637772826271	0.0732520463695003	0.430787743724371	0.24721794047535	0.164152851935332	0.251038554361064	0.0622090748968848	0.0637760873501352
C:	0.158847373598266	0.0866291675828423	0.241012050744298	0.0595648811085869	0.260315338178052	0.225173942752092	0.304327334672364	0.135027236115243	0.0484827052394307	0.126749290705247	0.0676019559275967	0.069736183579702	0.089729442390032	0.0845029381116794	0.178270457530984	0.254835545813482	0.153527785126666	0.257145196375039	0.126596313882069	0.186777491571038
G:	0.640933039187467	0.313613175553332	0.248003161457616	0.216674850031201	0.349280051120028	0.124573132979429	0.0919488371090304	0.126645764987081	0.132170554135464	0.119887141506797	0.0561758640579769	0.0620291660134505	0.135030723231647	0.115926254176857	0.195330569754781	0.21926482895944	0.129740304084102	0.124789464437678	0.0476433680900531	0.64126690077534
T:	0.113674547509511	0.167475686511442	0.111016544211961	0.388711917657328	0.215777273131649	0.320179764892518	0.343559876395028	0.131771875328527	0.355921200260318	0.577795665572804	0.448861420610999	0.273891069249644	0.700376057095694	0.726318761341963	0.195611228989865	0.278681684751729	0.552579058853901	0.367026784826219	0.763551243130993	0.108179520303487



2	AATAA..AA	0.479485432223189

Enrichment score matrix

A:	0.0420875420875421	-0.0277777777777778	-0.0396419437340153	0.044750430292599	0.119959677419355	0.077020202020202	-0.00860969387755102	0.0379704301075269	0.0883290816326531	0.0359025032938076	-0.140013726835964	0.09765625	0.10625	0.0188775510204082	0.0238450074515648	0.00215208034433285	0.104166666666667
C:	-0.0361111111111111	0.00889328063241107	-0.0141025641025641	-0.0255144032921811	-0.0507892930679478	-0.104166666666667	-0.0516581632653061	-0.0607412491420728	-0.0716911764705882	0.00739247311827957	0.0061770761839396	-0.0550130208333333	0.000657894736842105	-0.101643835616438	-0.0793226381461676	0.0178294573643411	0.056547619047619
G:	-0.0925925925925926	-0.000628930817610063	0.0590909090909091	-0.0471781305114638	-0.0285618279569892	-0.0485142510612492	-0.03125	-0.0537634408602151	-0.0111607142857143	-0.0336842105263158	-0.0118577075098814	-0.0540364583333333	-0.0904605263157895	-0.00128205128205128	-0.101341281669151	-0.113636363636364	-0.257575757575758
T:	0.175925925925926	0.0211640211640212	-0.00655624568668047	0.0294117647058824	-0.0305779569892473	0.0760667903525046	0.0927933673469388	0.0785964912280702	-0.00255102040816327	0.00343170899107756	0.144818119423473	0.0113932291666667	-0.0236842105263158	0.0824657534246575	0.14381520119225	0.103260869565217	0.0197132616487455

Energy matrix for enoLOGOS

A:	-0.387640588046136	0.25584278811045	0.36511579479701	-0.41216669478723	-1.10486945994472	-0.709382276124428	0.0792982111107643	-0.349720585360655	-0.813540906580804	-0.330674275541964	1.28957408090813	-0.899447301950799	-0.978598664522469	-0.173868670287306	-0.21962063480122	-0.0198213924791453	-0.959410455414186
C:	0.332595624543584	-0.0819101416480095	0.129889415502228	0.234996338708857	0.46778667640785	0.959410455414186	0.475789266664586	0.559447579217496	0.660300136961528	-0.068087193610039	-0.0568929741577115	0.506688646765617	-0.00605943445524749	0.936174322740593	0.730588496529305	-0.164215370973219	-0.520822818653415
G:	0.852809293701498	0.00579266690061395	-0.544247385616774	0.434526640124097	0.263064157129696	0.446832765165612	0.287823136624256	0.495179589891193	0.102793977365806	0.310243044108671	0.109213522197346	0.497694173746109	0.83317223759653	0.0118081286820207	0.933387697905187	1.04662958772457	2.37236039884235
T:	-1.62033765803285	-0.194927838560342	0.0603852543366278	-0.270892363881652	0.281633391750616	-0.700601030150322	-0.854658497527127	-0.723900436253567	0.0234957662550413	-0.0316072078653953	-1.33382417191968	-0.104935518560927	0.21813964038891	-0.759537658072556	-1.32458695364486	-0.951067755801889	-0.181565849626771

Probability matrix

A:	0.192072749017717	0.19028028772476	0.163821748589308	0.354533165594366	0.584086975544245	0.400896946680945	0.198846117791342	0.304297468510225	0.484961798915742	0.329231328618654	0.0456999755971831	0.514352194485006	0.542398040557048	0.252762760752251	0.211798507658278	0.198521519395682	0.467274090740992
C:	0.0934697625502919	0.266733788295124	0.207266481829207	0.185608360303903	0.121194145269725	0.0755588385977957	0.133759069471116	0.122589033887202	0.111077602556489	0.253198444846899	0.175662548932641	0.126061802833184	0.205092458392567	0.0832966515797592	0.0818940432166982	0.229359692938559	0.301366872120085
G:	0.055557822188638	0.244336971890989	0.406726967290537	0.152034666308711	0.14872757628394	0.12615223124501	0.161419460656507	0.130726265748702	0.193976154927978	0.173442010577789	0.148778455354585	0.127200776874575	0.0886086269011412	0.209930084703723	0.0668617499797158	0.0683366703796047	0.0166955989592722
T:	0.658899666243353	0.298648952089127	0.222184802290949	0.30782380779302	0.14599130290209	0.397391983476249	0.505975352081035	0.442387231853872	0.209984443599791	0.244128215956658	0.62985902011559	0.232385225807235	0.163900874149243	0.454010502964267	0.639445699145308	0.503782117286155	0.214663438179651



3	AA..AATAA	0.47910176828989

Enrichment score matrix

A:	0.0589430894308943	0.06	-0.0531135531135531	-0.014453288646837	0.140424867228991	0.131578947368421	0.037799043062201	0.0403508771929825	0.15167807103291	0.0649122807017544	-0.0505263157894737	0.0748006379585327	0.173684210526316	0.0391780821917808	0.00405679513184584	0.0235507246376812	0.104166666666667
C:	0.00549450549450549	-0.113725490196078	-0.0566534914361001	-0.0454971857410882	-0.0463917525773196	-0.0387429331559694	-0.12986365147988	-0.0182291666666667	-0.0345744680851064	-0.0259968102073365	-0.00268817204301075	-0.0960286458333333	-0.0935544430538173	-0.109771181199753	-0.0432330827067669	-0.043859649122807	-0.0133333333333333
G:	0.0304054054054054	-0.0012531328320802	0.115217391304348	-0.00248015873015873	-0.0476413620743518	-0.0345052083333333	-0.0610845295055821	-0.0458984375	-0.0851063829787234	-0.1142578125	-0.071236559139785	-0.101888020833333	-0.0813802083333333	-0.0579954954954955	-0.116632860040568	-0.0452991452991453	-0.0806451612903226
T:	-0.108225108225108	0.0613636363636364	0.0101449275362319	0.0624142661179698	-0.0271045918367347	-0.0668261562998405	0.154140339208513	0.023445294313269	-0.0375044436544614	0.0916195543731294	0.116930171277997	0.118489583333333	0.00358072916666667	0.106632653061224	0.134648370497427	0.0746753246753247	-0.0304659498207885

Energy matrix for enoLOGOS

A:	-0.542885916234369	-0.552620422318571	0.48919390254086	0.133119707931788	-1.29336082386857	-1.2118868910495	-0.348142052337856	-0.371645313255179	-1.39700666117788	-0.597864199584419	0.465364566163007	-0.688939335639048	-1.59969069618534	-0.36084347210756	-0.0373644639836762	-0.216910189919729	-0.959410455414186
C:	-0.0506062657800889	1.04745047367572	0.52179793938732	0.419044566642444	0.427283831689617	0.3568356013752	1.19608843207739	0.167896829697483	0.318442619243857	0.239439470595234	0.0247589794945596	0.884456513584952	0.86166826383632	1.01102994188359	0.398191407059121	0.403962297016499	0.122804538293016
G:	-0.280044132931708	0.0115417799147571	-1.06119139068421	0.0228431060812901	0.438793160489337	0.317804713355949	0.562609308208434	0.422740231916876	0.783858755061803	1.05235334328244	0.65611295660583	0.938423351702	0.749539418292333	0.534158253554925	1.07422833953069	0.417220546764733	0.742769384836789
T:	0.996790083547206	-0.565179977371266	-0.0934382356577294	-0.574856635013603	0.249642516459814	0.615491645272412	-1.41968498916228	-0.215939140746365	0.345428691519192	-0.843847280505301	-1.07696667722383	-1.09132939303364	-0.0329797344048626	-0.982123029460726	-1.24015732281326	-0.687785157647572	0.280601767605009

Probability matrix

A:	0.385423956976851	0.359278320290879	0.118036533584975	0.204173916491466	0.637108278617389	0.630617133221319	0.220479007574216	0.345938820496658	0.681235989972748	0.344380817634403	0.12413931835467	0.344924952244098	0.719687421580736	0.283804973926655	0.188489264860947	0.272534042325802	0.552330383738587
C:	0.235583228974453	0.0725318994542815	0.114250127569219	0.15339975683396	0.114011003731805	0.131364568560416	0.0470669945249558	0.201687566009238	0.122542695035818	0.149074234932353	0.192868779113015	0.0715167018276772	0.0614029586841495	0.0719818408471808	0.121934642489187	0.146480314194731	0.187153922787943
G:	0.296338425933752	0.204370628399006	0.556339921155171	0.227977915932214	0.112706335930253	0.136593220015409	0.0886814846322668	0.156315499077851	0.0769413439246052	0.0661239182059262	0.102581343563292	0.0677594664568953	0.0686888486518147	0.115964668762448	0.0620194627689528	0.144551059139095	0.100681950994145
T:	0.0826543881149437	0.363819151855834	0.211373417690634	0.41444841074236	0.136174381720553	0.101425078202856	0.643772513268561	0.296058114416253	0.119279971066828	0.440421029227318	0.580410558969024	0.515798879471329	0.1502207710833	0.528248516463717	0.627556629880913	0.436434584340372	0.159833742479324



4	AAT.A.TAA	0.47876622385097

Enrichment score matrix

A:	0.0277777777777778	0.1171875	-0.262337662337662	0.0545277507302824	0.243669788414846	0.227179135209334	0.037799043062201	-0.0362367021276596	0.0735144312393888	0.00696095076400679	-0.140013726835964	0.181234824835241	0.181977559607293	-0.051975051975052	0.219924812030075	-0.0679012345679012	0.0833333333333333
C:	-0.0227272727272727	-0.16015625	-0.11986301369863	0.006	-0.0712799167533819	-0.10398078242965	-0.12986365147988	-0.0442154255319149	-0.105053191489362	-0.0295877659574468	0.0061770761839396	-0.150475543478261	-0.0710851648351648	-0.0762061403508772	0.185	0	0.0513392857142857
G:	-0.00238095238095238	0.0494367959949937	0.244031830238727	-0.106134371957157	-0.0275754422476587	-0.102857142857143	-0.0610845295055821	-0.00365691489361702	0.055186170212766	-0.00166223404255319	-0.0118577075098814	-0.102921195652174	-0.0978708791208791	-0.149168399168399	0.268768768768769	-0.134722222222222	-0.0789473684210526
T:	0.00606060606060606	-0.00884353741496599	-0.135211267605634	0.0435992578849722	-0.137228260869565	0.0336021505376344	0.154140339208513	0.0878472222222222	-0.0225806451612903	0.039561170212766	0.144818119423473	0.0985054347826087	0.0374313186813187	0.288377192982456	-0.287429378531073	0.194373401534527	-0.0647321428571429

Energy matrix for enoLOGOS

A:	-0.25584278811045	-1.07933676234096	2.41621916251843	-0.502219143944174	-2.24428168966815	-2.09239716068917	-0.348142052337856	0.333752360553658	-0.67709293396701	-0.0641127258490702	1.28957408090813	-1.66923442398805	-1.67607526404475	0.478707919541382	-2.02558237503988	0.625393482047766	-0.767528364331349
C:	0.209325917544913	1.47509357519931	1.10397915417523	-0.0552620422318571	0.656512294984775	0.957698398321477	1.19608843207739	0.407239118840702	0.967575650779413	0.272513395314455	-0.0568929741577115	1.38593097309288	0.6547185635299	0.701884491066167	-1.70391296881559	0	-0.472852295882706
G:	0.0219293818380385	-0.455329718013841	-2.24761621809498	0.977533690891338	0.253979209008708	0.947349295403265	0.562609308208434	0.0336814308815618	-0.508283411485388	0.0153097413098008	0.109213522197346	0.947939243447277	0.901424109207834	1.37389172908377	-2.47545184171732	1.24083752233568	0.727132134629699
T:	-0.0558202446786435	0.0814519896841431	1.24534179677424	-0.40156400508616	1.26391899126304	-0.309487243681995	-1.41968498916228	-0.809102817399297	0.207975427754301	-0.36437184317326	-1.33382417191968	-0.907268582837328	-0.344755185626856	-2.65605210288348	2.64732240917677	-1.79024518739179	0.596205068721673

Probability matrix

A:	0.312089327835546	0.519003655716742	0.0087733674011624	0.360814125188211	0.856781894653061	0.791546563944687	0.220479007574216	0.1558892234404	0.408091261390532	0.250750115190598	0.0456999755971831	0.630170621392108	0.695743830000801	0.0396957309036443	0.302810959883017	0.0684636020281289	0.449478222630181
C:	0.196001193469339	0.040345529252028	0.0325885405347135	0.230766375053634	0.0471054828475389	0.0374832118441394	0.0470669945249558	0.144844230210867	0.0787928490400997	0.179079665423338	0.175662548932641	0.029690443110771	0.0676392005428676	0.0317555361311132	0.219519114297575	0.127957186671752	0.334759156117457
G:	0.236398108456795	0.278078620867649	0.930345554865717	0.0821551967875505	0.0704513562129923	0.0378731437034276	0.0886814846322668	0.210443367416893	0.34470235543479	0.231605251211668	0.148778455354585	0.0460080758432448	0.0528512920223591	0.0162169961682168	0.474840131778864	0.0369977909388476	0.100829090052237
T:	0.255511370238321	0.162572194163582	0.0282925371984067	0.326264302970604	0.0256612662864076	0.133097080507746	0.643772513268561	0.488823178931841	0.168413534134578	0.338564968174397	0.62985902011559	0.294130859653876	0.183765677433972	0.912331736797026	0.00282979404054413	0.766581420361272	0.114933531200125



5	AAT..AATT	0.475617895914722

Enrichment score matrix

A:	0.0428571428571429	-0.0475177304964539	-0.0487900078064012	0.0568965517241379	0.17629179331307	0.156298003072197	0.0867465867465868	-0.0101565101565102	0.0112092391304348	0.205102040816327	0.196048632218845	0.0136200716845878	-0.0465277777777778	0.0670849420849421	-0.111965811965812	-0.0746031746031746	0.0675675675675676
C:	0.0428571428571429	0.138297872340426	0.260606060606061	-0.118103448275862	-0.0405884438142503	-0.176702508960573	-0.176290760869565	-0.0123135622615331	0.0987345987345987	-0.132716049382716	-0.138194444444444	-0.0842490842490843	-0.0483870967741935	-0.0787012987012987	0.00493421052631579	-0.0173553719008264	0.0735294117647059
G:	-0.117511520737327	0.071969696969697	-0.137310606060606	0.0384615384615385	-0.0448422545196739	-0.0578512396694215	-0.0380434782608696	-0.0506114130434783	-0.130434782608696	-0.0102880658436214	-0.149642492339122	-0.115870786516854	-0.0363346331088267	0.0101298701298701	0.00596125186289121	-0.0891203703703704	0.0833333333333333
T:	0.0561497326203209	-0.180059523809524	-0.100589535740604	0.0645889792231256	-0.0641811372148451	0.0952023988005997	0.128720238095238	0.0691470054446461	0.0706521739130435	-0.076530612244898	0.119206525769373	0.200460829493088	0.141717325227964	0.0283950617283951	0.0731034482758621	0.179471788715486	-0.201631701631702

Energy matrix for enoLOGOS

A:	-0.394728873084694	0.437654471576173	0.449372578648331	-0.524036607371059	-1.62370742119945	-1.43955780775511	-0.798965590043222	0.0935449155328916	-0.103240907702179	-1.88905960690532	-1.80567463219594	-0.125445496105769	0.428536670085003	-0.617875150436626	1.03124323822981	0.687120630925207	-0.622320295403796
C:	-0.394728873084694	-1.27377047697543	-2.40027052118167	1.08777295772477	0.373833382698076	1.62749025210905	1.62369791204336	0.113412099620241	-0.909379260836143	1.22235998763881	1.27281787084949	0.775962741961364	0.445661630902073	0.724865748755528	-0.0454457584143562	0.159848882488843	-0.677230909704131
G:	1.08232110361932	-0.662865405558892	1.26467741850052	-0.354243860460622	0.413012427172984	0.532829608296143	0.350393383716485	0.46614834083711	1.20134874417081	0.0947565881890554	1.37825828855415	1.06720938298881	0.334654338223169	-0.0932995518200185	-0.0549051587003051	0.820828945187692	-0.767528364331349
T:	-0.517158149228609	1.65840950150166	0.926463862030029	-0.594886482923484	0.591130119209231	-0.87684649718214	-1.18555720561896	-0.636867455848081	-0.650730569759187	0.704872987651239	-1.09793267689668	-1.84631247088002	-1.30526480195559	-0.261528183401793	-0.673307640985845	-1.65299626123702	1.85709660180872

Probability matrix

A:	0.29774759316478	0.101651003917638	0.0516937369676388	0.320843331766235	0.727116366807953	0.569688534984606	0.347526290648974	0.210739106823849	0.190860261093181	0.795667353655694	0.632828635265368	0.137009116402344	0.114369513400148	0.391670721857332	0.080666618297465	0.0716763728425574	0.303350348566685
C:	0.29774759316478	0.562825911658441	0.893351153138513	0.0640166608882225	0.0986467932112698	0.0265237808664881	0.0308204002529487	0.206593630022025	0.427382713395741	0.0354371819516844	0.0291282112718196	0.0556253609041529	0.112427614889679	0.102276567737138	0.236752155014413	0.121441530164634	0.320473316724734
G:	0.0679788174180457	0.305535291799878	0.0228747067749674	0.270740336607697	0.0948566382484703	0.0792575253683507	0.110110162830969	0.145186261852479	0.0517773032008138	0.109438747150619	0.0262132955649882	0.0415705750974048	0.125626960421265	0.231793269092244	0.239002314216848	0.0627057312551122	0.35075798084249
T:	0.336525996252393	0.0299877926240425	0.0320804031188805	0.344399670737846	0.0793802017323069	0.324530158780556	0.511543146267109	0.437481001301647	0.329979722310265	0.0594567172420029	0.311829857897824	0.765794947596098	0.647575911288908	0.274259441313286	0.443578912471274	0.744176365737696	0.0254183538660908



