1	TACGTCA	0.499406507471024

Enrichment score matrix

A:	-0.08	-0.0421195652173913	0.0669230769230769	0.0975961538461538	0.0476858345021038	0.0351629502572899	-0.14738620552574	0.39104559604468	-0.294926829268293	0.0603864734299517	0.0661326378539493	0.149667405764967	0.48328488372093	-0.348717948717949	0.0476076555023923	0.0100911458333333	0.0331061343719572	-0.0403508771929825	0.0120567375886525	0.141666666666667
C:	0.130952380952381	0.0328282828282828	-0.0168302945301543	-0.067845947156292	0.032967032967033	0.0131652661064426	-0.0738880918220947	-0.359848484848485	0.488844772168652	-0.214285714285714	-0.18819512195122	0.418897791674809	-0.336793128131711	0.283090909090909	0.0213050888726564	-0.107914865314267	-0.139917695473251	0.0958254269449715	-0.000709219858156028	-0.0734265734265734
G:	-0.0992063492063492	-0.0196232339089482	-0.0779436152570481	0.000915750915750916	-0.0346801346801347	-0.181605002605524	-0.0373419231686948	0.0702252334737228	-0.227006075843285	0.489724175229854	-0.408511513157895	-0.280327868852459	0.0129770992366412	-0.181129476584022	-0.0582806573957016	0.038755980861244	0.0292112950340798	-0.0423728813559322	-0.080171358629131	-0.056989247311828
T:	0.0761904761904762	0.024822695035461	0.0211748633879781	0.0532114392873887	0.032258064516129	0.147619047619048	0.250149075730471	-0.100769230769231	0.00174471992653811	-0.353099981381493	0.490924560408395	-0.322156196943973	-0.151395848246242	0.293775778027747	0.041329739442947	0.0559895833333333	0.0653357531760436	-0.00388198757763975	0.0902668759811617	0.0588235294117647

Energy matrix for enoLOGOS

A:	0.736827229758095	0.387935531971823	-0.616384317201483	-0.898893795918829	-0.439202766686101	-0.323862740352507	1.35747711902611	-3.60166304053381	2.71637648238868	-0.556179974153151	-0.60910410433151	-1.37848774968601	-4.4512182757007	3.21181100150964	-0.438482711488818	-0.0929428878682493	-0.304918765966105	0.371645313255179	-0.111046656967089	-1.30479821936329
C:	-1.20611600109212	-0.302359658675986	0.15501274118333	0.624884266168559	-0.303637594680534	-0.121256581927978	0.680534475117322	3.31432702779446	-4.50242674073443	1.97364436542347	1.7333411295163	-3.85819124239417	3.10197934503564	-2.60736362893944	-0.196227120172368	0.993932640740363	1.28868959937115	-0.882584798453126	0.00653215629218169	0.676283733606643
G:	0.913724243251606	0.180736663500318	0.717887226339769	-0.00843437763001482	0.319415844550016	1.67264388725049	0.343931822527863	-0.646798302994482	2.0908032250233	-4.51052634225226	3.76253008205524	2.58191508788185	-0.119523501010378	1.66826413073673	0.536784691716943	-0.356955775181852	-0.269045969970093	0.390268659829499	0.738405501058066	0.524890365284664
T:	-0.701740218817233	-0.228625470226359	-0.195027699133375	-0.490095467519595	-0.297107753934716	-1.35962167395839	-2.30395813121289	0.928118914406831	-0.0160694643771853	3.25217101386201	-4.5215822983241	2.96716822679538	1.39440729325194	-2.70577490867767	-0.380660967754631	-0.515683119785125	-0.601764525210785	0.0357544269098454	-0.831388652101461	-0.541784727763305

Probability matrix

A:	0.0767354752008864	0.164552779983172	0.419837723594171	0.436147467477089	0.311616374830994	0.209658892910325	0.0224012515163517	0.939972835270027	0.000723016442528908	0.0187746019800229	0.0195574204358435	0.077102531824701	0.983707631997995	0.00140077805271846	0.32198183910373	0.240064255678433	0.284611469702992	0.145224844900722	0.228735829385012	0.566686954672067
C:	0.535557013073308	0.328168291404832	0.194118967536645	0.0950309237921307	0.272110352411923	0.171207407722921	0.0440823498629661	0.0009322641402818	0.986812358240496	0.00149582913488871	0.00187931912277061	0.920428765499312	0.00051588629836533	0.471633624380872	0.252709233307201	0.0809661439113638	0.0578305174924045	0.509033234225746	0.203362264119678	0.0781574272022071
G:	0.0642940509578176	0.202437305912179	0.11056424123602	0.179024200680121	0.145933968985962	0.0284735407981263	0.0617233389922881	0.0489591481256472	0.00135154710821312	0.979313059377401	0.000247021621429092	0.00146922239914166	0.0129310831070992	0.00655727227643241	0.121416616162433	0.312598464771364	0.274582617449925	0.142545300767325	0.09781868345503	0.0909325896061565
T:	0.323413460767988	0.304841622699818	0.275479067633163	0.289797408050659	0.270339303771121	0.590660158568628	0.871793059628394	0.0101357524640439	0.0111130782087617	0.000416509507687052	0.978316238819957	0.000999480276844885	0.00284539859654081	0.520408325289977	0.303892311426636	0.366371135638839	0.382975395354679	0.203196620106207	0.470083223040281	0.264223028519569



2	ACGTCAC	0.499129358933236

Enrichment score matrix

A:	-0.08	-0.0421195652173913	0.0669230769230769	0.0975961538461538	0.0476858345021038	0.0351629502572899	-0.14738620552574	0.379977460555973	-0.269778777652793	0.0896355978758469	0.0559233449477352	0.0250172532781228	0.493873517786561	-0.348717948717949	0.0476076555023923	0.0100911458333333	0.0331061343719572	-0.0403508771929825	0.0120567375886525	0.141666666666667
C:	0.130952380952381	0.0328282828282828	-0.0168302945301543	-0.067845947156292	0.032967032967033	0.0131652661064426	-0.0738880918220947	-0.402203856749311	0.489090909090909	-0.27827380952381	-0.158625954198473	0.452059659090909	-0.316452991452991	0.283090909090909	0.0213050888726564	-0.107914865314267	-0.139917695473251	0.0958254269449715	-0.000709219858156028	-0.0734265734265734
G:	-0.0992063492063492	-0.0196232339089482	-0.0779436152570481	0.000915750915750916	-0.0346801346801347	-0.181605002605524	-0.0373419231686948	0.035	-0.286089238845144	0.482683982683983	-0.366022544283414	-0.0987215909090909	-0.0386523356758991	-0.181129476584022	-0.0582806573957016	0.038755980861244	0.0292112950340798	-0.0423728813559322	-0.080171358629131	-0.056989247311828
T:	0.0761904761904762	0.024822695035461	0.0211748633879781	0.0532114392873887	0.032258064516129	0.147619047619048	0.250149075730471	-0.0876858558902021	0.0524009146341463	-0.310453869047619	0.496184472461845	-0.320472440944882	-0.175293605915615	0.293775778027747	0.041329739442947	0.0559895833333333	0.0653357531760436	-0.00388198757763975	0.0902668759811617	0.0588235294117647

Energy matrix for enoLOGOS

A:	0.736827229758095	0.387935531971823	-0.616384317201483	-0.898893795918829	-0.439202766686101	-0.323862740352507	1.35747711902611	-3.49972174539967	2.48475436731791	-0.825574365882136	-0.515073041708076	-0.230417417863448	-4.54874319951946	3.21181100150964	-0.438482711488818	-0.0929428878682493	-0.304918765966105	0.371645313255179	-0.111046656967089	-1.30479821936329
C:	-1.20611600109212	-0.302359658675986	0.15501274118333	0.624884266168559	-0.303637594680534	-0.121256581927978	0.680534475117322	3.70443441958271	-4.50469374556653	2.56299650232075	1.46099902999744	-4.16362332866679	2.91463976301212	-2.60736362893944	-0.196227120172368	0.993932640740363	1.28868959937115	-0.882584798453126	0.00653215629218169	0.676283733606643
G:	0.913724243251606	0.180736663500318	0.717887226339769	-0.00843437763001482	0.319415844550016	1.67264388725049	0.343931822527863	-0.322361913019166	2.63497926652337	-4.44568377262054	3.37119221666697	0.909259454335717	0.356001167746909	1.66826413073673	0.536784691716943	-0.356955775181852	-0.269045969970093	0.390268659829499	0.738405501058066	0.524890365284664
T:	-0.701740218817233	-0.228625470226359	-0.195027699133375	-0.490095467519595	-0.297107753934716	-1.35962167395839	-2.30395813121289	0.807616578556814	-0.482630259583356	2.85938580372549	-4.57002787866303	2.9516602609404	1.61451377551388	-2.70577490867767	-0.380660967754631	-0.515683119785125	-0.601764525210785	0.0357544269098454	-0.831388652101461	-0.541784727763305

Probability matrix

A:	0.0767354752008864	0.164552779983172	0.419837723594171	0.436147467477089	0.311616374830994	0.209658892910325	0.0224012515163517	0.94705181463299	0.000903812669564745	0.026041322102748	0.0169947525472423	0.0190723715309418	0.990010365385968	0.00140077805271846	0.32198183910373	0.240064255678433	0.284611469702992	0.145224844900722	0.228735829385012	0.566686954672067
C:	0.535557013073308	0.328168291404832	0.194118967536645	0.0950309237921307	0.272110352411923	0.171207407722921	0.0440823498629661	0.000704122903805923	0.980747414548463	0.000879073928011184	0.00235568734472624	0.974034459067403	0.00056798086490788	0.471633624380872	0.252709233307201	0.0809661439113638	0.0578305174924045	0.509033234225746	0.203362264119678	0.0781574272022071
G:	0.0642940509578176	0.202437305912179	0.11056424123602	0.179024200680121	0.145933968985962	0.0284735407981263	0.0617233389922881	0.0394878872827487	0.000777743840246197	0.972426014326186	0.000348763709697033	0.00610167851019269	0.00733730086838245	0.00655727227643241	0.121416616162433	0.312598464771364	0.274582617449925	0.142545300767325	0.09781868345503	0.0909325896061565
T:	0.323413460767988	0.304841622699818	0.275479067633163	0.289797408050659	0.270339303771121	0.590660158568628	0.871793059628394	0.0127561751804553	0.0175710289417257	0.000653589643054863	0.980300796398334	0.000791490891462418	0.00208435288074127	0.520408325289977	0.303892311426636	0.366371135638839	0.382975395354679	0.203196620106207	0.470083223040281	0.264223028519569



3	ACGTCAT	0.498933022622539

Enrichment score matrix

A:	-0.08	-0.0421195652173913	0.0669230769230769	0.0975961538461538	0.0476858345021038	0.0351629502572899	-0.14738620552574	0.38823297914207	-0.276292953835474	0.0620512820512821	0.0188742837883384	0.133242999096658	0.485675571041425	-0.348717948717949	0.0476076555023923	0.0100911458333333	0.0331061343719572	-0.0403508771929825	0.0120567375886525	0.141666666666667
C:	0.130952380952381	0.0328282828282828	-0.0168302945301543	-0.067845947156292	0.032967032967033	0.0131652661064426	-0.0738880918220947	-0.371851259496202	0.495238095238095	-0.241880341880342	-0.175080558539205	0.46182917611489	-0.348646587876477	0.283090909090909	0.0213050888726564	-0.107914865314267	-0.139917695473251	0.0958254269449715	-0.000709219858156028	-0.0734265734265734
G:	-0.0992063492063492	-0.0196232339089482	-0.0779436152570481	0.000915750915750916	-0.0346801346801347	-0.181605002605524	-0.0373419231686948	0.0534883720930233	-0.292233654165284	0.496598639455782	-0.319487179487179	-0.24265411945458	0.00450788880540947	-0.181129476584022	-0.0582806573957016	0.038755980861244	0.0292112950340798	-0.0423728813559322	-0.080171358629131	-0.056989247311828
T:	0.0761904761904762	0.024822695035461	0.0211748633879781	0.0532114392873887	0.032258064516129	0.147619047619048	0.250149075730471	-0.0834405834405834	0.0904414205111185	-0.30338266384778	0.489616899391335	-0.341647770219199	-0.138380138380138	0.293775778027747	0.041329739442947	0.0559895833333333	0.0653357531760436	-0.00388198757763975	0.0902668759811617	0.0588235294117647

Energy matrix for enoLOGOS

A:	0.736827229758095	0.387935531971823	-0.616384317201483	-0.898893795918829	-0.439202766686101	-0.323862740352507	1.35747711902611	-3.5757578815248	2.54475214720342	-0.571513428209804	-0.173838577967869	-1.22721337386313	-4.47323731964542	3.21181100150964	-0.438482711488818	-0.0929428878682493	-0.304918765966105	0.371645313255179	-0.111046656967089	-1.30479821936329
C:	-1.20611600109212	-0.302359658675986	0.15501274118333	0.624884266168559	-0.303637594680534	-0.121256581927978	0.680534475117322	3.42487666770806	-4.56131142231201	2.22780027800791	1.61255153666178	-4.25360390572747	3.21115374387046	-2.60736362893944	-0.196227120172368	0.993932640740363	1.28868959937115	-0.882584798453126	0.00653215629218169	0.676283733606643
G:	0.913724243251606	0.180736663500318	0.717887226339769	-0.00843437763001482	0.319415844550016	1.67264388725049	0.343931822527863	-0.492646112919656	2.69157142300864	-4.57384249764804	2.94258566755957	2.23492703283885	-0.0415191902568423	1.66826413073673	0.536784691716943	-0.356955775181852	-0.269045969970093	0.390268659829499	0.738405501058066	0.524890365284664
T:	-0.701740218817233	-0.228625470226359	-0.195027699133375	-0.490095467519595	-0.297107753934716	-1.35962167395839	-2.30395813121289	0.768516174324053	-0.83299626663243	2.79425759699489	-4.50953829526582	3.14669225104553	1.27452817520224	-2.70577490867767	-0.380660967754631	-0.515683119785125	-0.601764525210785	0.0357544269098454	-0.831388652101461	-0.541784727763305

Probability matrix

A:	0.0767354752008864	0.164552779983172	0.419837723594171	0.436147467477089	0.311616374830994	0.209658892910325	0.0224012515163517	0.943655557087825	0.000799676028200181	0.0179144536559889	0.0128882151459349	0.0461539333400161	0.984694026256197	0.00140077805271846	0.32198183910373	0.240064255678433	0.284611469702992	0.145224844900722	0.228735829385012	0.566686954672067
C:	0.535557013073308	0.328168291404832	0.194118967536645	0.0950309237921307	0.272110352411923	0.171207407722921	0.0440823498629661	0.000859956626217668	0.975075565850556	0.00109012693939194	0.00215960044326225	0.951816932638198	0.000452910790279566	0.471633624380872	0.252709233307201	0.0809661439113638	0.0578305174924045	0.509033234225746	0.203362264119678	0.0781574272022071
G:	0.0642940509578176	0.202437305912179	0.11056424123602	0.179024200680121	0.145933968985962	0.0284735407981263	0.0617233389922881	0.043234961199988	0.000690480274245702	0.980376736972309	0.000571145716687132	0.00144750557233497	0.0117119868013519	0.00655727227643241	0.121416616162433	0.312598464771364	0.274582617449925	0.142545300767325	0.09781868345503	0.0909325896061565
T:	0.323413460767988	0.304841622699818	0.275479067633163	0.289797408050659	0.270339303771121	0.590660158568628	0.871793059628394	0.0122495250859695	0.0234342778469977	0.000618682432310119	0.984381038694116	0.000581628449450808	0.00314107615217199	0.520408325289977	0.303892311426636	0.366371135638839	0.382975395354679	0.203196620106207	0.470083223040281	0.264223028519569



4	T.ACGTCA	0.49841811380957

Enrichment score matrix

A:	-0.08	-0.0421195652173913	0.0669230769230769	0.0975961538461538	0.0476858345021038	0.0351629502572899	-0.14738620552574	0.332253240279163	-0.29556530214425	0.0610816030902945	0.0463969658659924	0.0501453488372093	0.400267379679144	-0.348717948717949	0.0476076555023923	0.0100911458333333	0.0331061343719572	-0.0403508771929825	0.0120567375886525	0.141666666666667
C:	0.130952380952381	0.0328282828282828	-0.0168302945301543	-0.067845947156292	0.032967032967033	0.0131652661064426	-0.0738880918220947	-0.347645429362881	0.461134453781513	-0.156756756756757	-0.148325358851675	0.357962697274032	-0.183384773662551	0.283090909090909	0.0213050888726564	-0.107914865314267	-0.139917695473251	0.0958254269449715	-0.000709219858156028	-0.0734265734265734
G:	-0.0992063492063492	-0.0196232339089482	-0.0779436152570481	0.000915750915750916	-0.0346801346801347	-0.181605002605524	-0.0373419231686948	0.0247943595769683	-0.189671699017493	0.444299843831338	-0.282995213129701	-0.185425685425685	-0.0799897119341564	-0.181129476584022	-0.0582806573957016	0.038755980861244	0.0292112950340798	-0.0423728813559322	-0.080171358629131	-0.056989247311828
T:	0.0761904761904762	0.024822695035461	0.0211748633879781	0.0532114392873887	0.032258064516129	0.147619047619048	0.250149075730471	0.0144015361638575	0.0717171717171717	-0.319169483341381	0.432920536635707	-0.287790697674419	-0.117428003972195	0.293775778027747	0.041329739442947	0.0559895833333333	0.0653357531760436	-0.00388198757763975	0.0902668759811617	0.0588235294117647

Energy matrix for enoLOGOS

A:	0.736827229758095	0.387935531971823	-0.616384317201483	-0.898893795918829	-0.439202766686101	-0.323862740352507	1.35747711902611	-3.06016543266307	2.72225703489452	-0.562582354927565	-0.427331847852751	-0.461855730862178	-3.68659880664394	3.21181100150964	-0.438482711488818	-0.0929428878682493	-0.304918765966105	0.371645313255179	-0.111046656967089	-1.30479821936329
C:	-1.20611600109212	-0.302359658675986	0.15501274118333	0.624884266168559	-0.303637594680534	-0.121256581927978	0.680534475117322	3.20193273319394	-4.24720527657305	1.44378308533681	1.36612704081943	-3.2969582823645	1.68903618446991	-2.60736362893944	-0.196227120172368	0.993932640740363	1.28868959937115	-0.882584798453126	0.00653215629218169	0.676283733606643
G:	0.913724243251606	0.180736663500318	0.717887226339769	-0.00843437763001482	0.319415844550016	1.67264388725049	0.343931822527863	-0.228364491009045	1.74694090688214	-4.09215278890248	2.60648223656449	1.70783367647755	0.736732473169906	1.66826413073673	0.536784691716943	-0.356955775181852	-0.269045969970093	0.390268659829499	0.738405501058066	0.524890365284664
T:	-0.701740218817233	-0.228625470226359	-0.195027699133375	-0.490095467519595	-0.297107753934716	-1.35962167395839	-2.30395813121289	-0.132643049948452	-0.660539562030615	2.9396595779219	-3.98734549643345	2.65065028146989	1.08155188578568	-2.70577490867767	-0.380660967754631	-0.515683119785125	-0.601764525210785	0.0357544269098454	-0.831388652101461	-0.541784727763305

Probability matrix

A:	0.0767354752008864	0.164552779983172	0.419837723594171	0.436147467477089	0.311616374830994	0.209658892910325	0.0224012515163517	0.897389432146837	0.000911780068702646	0.028349557985075	0.0274889963598798	0.0549726944517506	0.97549720164482	0.00140077805271846	0.32198183910373	0.240064255678433	0.284611469702992	0.145224844900722	0.228735829385012	0.566686954672067
C:	0.535557013073308	0.328168291404832	0.194118967536645	0.0950309237921307	0.272110352411923	0.171207407722921	0.0440823498629661	0.00171153692181514	0.969815493714696	0.00381235076832293	0.00457372011616069	0.936303006461333	0.0045145806366561	0.471633624380872	0.252709233307201	0.0809661439113638	0.0578305174924045	0.509033234225746	0.203362264119678	0.0781574272022071
G:	0.0642940509578176	0.202437305912179	0.11056424123602	0.179024200680121	0.145933968985962	0.0284735407981263	0.0617233389922881	0.0528622236853187	0.00241804571294373	0.966983925903849	0.00132309237863085	0.0062786010322558	0.0117003178910336	0.00655727227643241	0.121416616162433	0.312598464771364	0.274582617449925	0.142545300767325	0.09781868345503	0.0909325896061565
T:	0.323413460767988	0.304841622699818	0.275479067633163	0.289797408050659	0.270339303771121	0.590660158568628	0.871793059628394	0.0480368072460288	0.0268546805036576	0.000854165342752881	0.966614191145329	0.00244569805466101	0.00828789982749045	0.520408325289977	0.303892311426636	0.366371135638839	0.382975395354679	0.203196620106207	0.470083223040281	0.264223028519569



5	C..ACGTCA	0.497354436758441

Enrichment score matrix

A:	-0.08	-0.0421195652173913	0.0669230769230769	0.0975961538461538	0.0476858345021038	0.0351629502572899	-0.14738620552574	0.331313775510204	-0.274445485785692	0.0565862708719852	0.0556640625	0.113696808510638	0.468402777777778	-0.348717948717949	0.0476076555023923	0.0100911458333333	0.0331061343719572	-0.0403508771929825	0.0120567375886525	0.141666666666667
C:	0.130952380952381	0.0328282828282828	-0.0168302945301543	-0.067845947156292	0.032967032967033	0.0131652661064426	-0.0738880918220947	-0.261160714285714	0.480867346938776	-0.252628324056896	-0.209677419354839	0.393949468085106	-0.294586577678903	0.283090909090909	0.0213050888726564	-0.107914865314267	-0.139917695473251	0.0958254269449715	-0.000709219858156028	-0.0734265734265734
G:	-0.0992063492063492	-0.0196232339089482	-0.0779436152570481	0.000915750915750916	-0.0346801346801347	-0.181605002605524	-0.0373419231686948	-0.0621936274509804	-0.245854591836735	0.482954545454545	-0.331259968102073	-0.174812642554578	-0.046875	-0.181129476584022	-0.0582806573957016	0.038755980861244	0.0292112950340798	-0.0423728813559322	-0.080171358629131	-0.056989247311828
T:	0.0761904761904762	0.024822695035461	0.0211748633879781	0.0532114392873887	0.032258064516129	0.147619047619048	0.250149075730471	-0.00542091836734694	0.0442049359575133	-0.277056277056277	0.487630208333333	-0.326041666666667	-0.14375	0.293775778027747	0.041329739442947	0.0559895833333333	0.0653357531760436	-0.00388198757763975	0.0902668759811617	0.0588235294117647

Energy matrix for enoLOGOS

A:	0.736827229758095	0.387935531971823	-0.616384317201483	-0.898893795918829	-0.439202766686101	-0.323862740352507	1.35747711902611	-3.05151264237349	2.52773633763857	-0.521178815111825	-0.512684962111956	-1.04718630559038	-4.31414901451246	3.21181100150964	-0.438482711488818	-0.0929428878682493	-0.304918765966105	0.371645313255179	-0.111046656967089	-1.30479821936329
C:	-1.20611600109212	-0.302359658675986	0.15501274118333	0.624884266168559	-0.303637594680534	-0.121256581927978	0.680534475117322	2.40537907035985	-4.42895193907528	2.32679285216591	1.93120040057565	-3.6284086904228	2.71324264943829	-2.60736362893944	-0.196227120172368	0.993932640740363	1.28868959937115	-0.882584798453126	0.00653215629218169	0.676283733606643
G:	0.913724243251606	0.180736663500318	0.717887226339769	-0.00843437763001482	0.319415844550016	1.67264388725049	0.343931822527863	0.572824477791411	2.2644044728296	-4.44817574782941	3.05101705783007	1.61008393925227	0.431734704936384	1.66826413073673	0.536784691716943	-0.356955775181852	-0.269045969970093	0.390268659829499	0.738405501058066	0.524890365284664
T:	-0.701740218817233	-0.228625470226359	-0.195027699133375	-0.490095467519595	-0.297107753934716	-1.35962167395839	-2.30395813121289	0.0499285032919627	-0.407142506290106	2.55178261388085	-4.49124019440766	3.0029547254464	1.32398642847158	-2.70577490867767	-0.380660967754631	-0.515683119785125	-0.601764525210785	0.0357544269098454	-0.831388652101461	-0.541784727763305

Probability matrix

A:	0.0767354752008864	0.164552779983172	0.419837723594171	0.436147467477089	0.311616374830994	0.209658892910325	0.0224012515163517	0.929438953344481	0.000933471079857679	0.0192832138009473	0.018330150099789	0.0699259655850824	0.987036145358737	0.00140077805271846	0.32198183910373	0.240064255678433	0.284611469702992	0.145224844900722	0.228735829385012	0.566686954672067
C:	0.535557013073308	0.328168291404832	0.194118967536645	0.0950309237921307	0.272110352411923	0.171207407722921	0.0440823498629661	0.00396572788342961	0.980284641398823	0.00111768915447789	0.00159147600058464	0.923951362891461	0.000875740903766986	0.471633624380872	0.252709233307201	0.0809661439113638	0.0578305174924045	0.509033234225746	0.203362264119678	0.0781574272022071
G:	0.0642940509578176	0.202437305912179	0.11056424123602	0.179024200680121	0.145933968985962	0.0284735407981263	0.0617233389922881	0.024785133256713	0.00121468716709032	0.978706594989549	0.000519361675085189	0.00490456695666957	0.00857475945489727	0.00655727227643241	0.121416616162433	0.312598464771364	0.274582617449925	0.142545300767325	0.09781868345503	0.0909325896061565
T:	0.323413460767988	0.304841622699818	0.275479067633163	0.289797408050659	0.270339303771121	0.590660158568628	0.871793059628394	0.0418101855153758	0.0175672003542286	0.000892502055025728	0.979559012224541	0.00121810456678721	0.00351335428259867	0.520408325289977	0.303892311426636	0.366371135638839	0.382975395354679	0.203196620106207	0.470083223040281	0.264223028519569



