1	TACGTCA	0.499570154308058

Enrichment score matrix

A:	-0.03	-0.014945652173913	0.0976923076923077	0.0600961538461538	0.0248948106591865	0.0214408233276158	-0.129099582587955	0.405145577733016	-0.284390243902439	-0.00638371290545204	0.0555141579731744	0.170832493448901	0.462209302325581	-0.4	0.0385167464114833	-0.0400390625	0.0238558909444985	-0.0324561403508772	-0.024822695035461	0.0416666666666667
C:	0.0396825396825397	0.023989898989899	-0.0750350631136045	-0.0423197492163009	0.0803571428571429	-0.00420168067226891	-0.0499077679852429	-0.333694083694084	0.486008697296275	-0.181501831501831	-0.169853658536585	0.400723079929646	-0.104330708661417	0.329454545454545	0.0427319211102995	-0.0477219820419022	-0.0889917695473251	0.0578747628083491	0.0290780141843972	-0.0454545454545455
G:	-0.107142857142857	-0.0117739403453689	-0.0563847429519071	0.0274725274725275	-0.00976430976430976	-0.0909327774882751	-0.0421140539250775	0.133583592748581	-0.248376283260004	0.49747611321435	-0.412212171052632	-0.307786885245902	-0.0973282442748092	-0.1875	-0.0456384323640961	0.0317384370015949	-0.00146056475170399	-0.026271186440678	-0.0862913096695226	-0.0354838709677419
T:	0.123809523809524	-0.000709219858156028	0.0327868852459016	0.0119549929676512	-0.0241935483870968	0.080952380952381	0.212581991651759	-0.21	0.0133149678604224	-0.322379445168497	0.487332198903384	-0.296264855687606	-0.259663564781675	0.296962879640045	0.00471698113207547	0.0543619791666667	0.0576225045372051	0.00543478260869565	0.10596546310832	0.0637254901960784

Energy matrix for enoLOGOS

A:	0.276310211159286	0.137654543602905	-0.899779405569981	-0.553506031969723	-0.229289679667009	-0.197477280702748	1.18905109751511	-3.73152867112201	2.61933094481079	0.0587961686961903	-0.511304290396591	-1.57342541125777	-4.25710499751225	3.68413614879047	-0.354752344470853	0.368773393799828	-0.219720875475576	0.298932099792209	0.228625470226359	-0.383764182165674
C:	-0.365489697300642	-0.220955135186297	0.691098471109012	0.389779294738804	-0.7401166370338	0.0386989091259504	0.459667530349703	3.07343609093722	-4.47630552583944	1.67169364626894	1.56441000854737	-3.69079596105866	0.960921338021137	-3.03438850073106	-0.393575538174293	0.439535697831255	0.819644487835329	-0.533046264412284	-0.267818407979449	0.418651835089827
G:	0.986822182711734	0.108441998100191	0.51932267437345	-0.253031328900445	0.0899326164267035	0.837521831636188	0.387884771093724	-1.23035035732588	2.28763010915101	-4.58192432963192	3.796614400866	2.83482197514513	0.896426257577835	1.72693881974553	0.420345496116739	-0.292321807659212	0.0134522984985046	0.24196656909429	0.794772333199903	0.326818529328187
T:	-1.140327855578	0.00653215629218169	-0.301978372851678	-0.110109554376649	0.222830815451037	-0.74559898249331	-1.9579525000653	1.934171478115	-0.122635386036414	2.96922441893069	-4.48849542612377	2.72870016113726	2.39158981383991	-2.73512919932701	-0.0434450017546046	-0.500692331419278	-0.530722879873401	-0.0500561976737836	-0.975977982901715	-0.586933455076914

Probability matrix

A:	0.133075608986239	0.217339863986073	0.501077917372671	0.360793844352003	0.248159871487752	0.258073258086549	0.0350039738253824	0.920336318325837	0.000816592542777741	0.00953536641669542	0.0183466540707664	0.107124001010083	0.987661455819858	0.000690022894736747	0.309335681023214	0.15989174091926	0.284860726571095	0.173186798310225	0.152764732824852	0.3159675124471
C:	0.252830009519969	0.311086808615654	0.102092956449797	0.140473856991533	0.413600337390293	0.203785363624095	0.0725913058173728	0.00101997121323519	0.98537417139236	0.00190048703843184	0.00230189551266531	0.8901211715031	0.00535116153902847	0.571059923142983	0.321581248051561	0.148968468528664	0.100749276415161	0.39795905981236	0.250972387263643	0.141630759012531
G:	0.0653923633802525	0.223782560269518	0.121226358910216	0.267155804020015	0.180341249292036	0.0916745108594534	0.0779936894815459	0.0754568411827195	0.00113778774612949	0.988044922905018	0.000246974182315524	0.00130439543471025	0.00570765769163208	0.0048849879945742	0.142498175058032	0.309696308846743	0.225614368590012	0.183338890642392	0.0867258662260409	0.155253099951568
T:	0.548702018113539	0.247790767128754	0.275602767267316	0.231576494636449	0.157898541829919	0.446466867429903	0.814411030875699	0.00318686927820825	0.0126714483187324	0.000519223639854962	0.979104476234253	0.00145043205210672	0.0012797249494811	0.423365065967706	0.226584895867193	0.381443481705333	0.388775628423732	0.245515251235023	0.509537013685464	0.387148628588801



2	ACGTCAC	0.499356392130071

Enrichment score matrix

A:	-0.03	-0.014945652173913	0.0976923076923077	0.0600961538461538	0.0248948106591865	0.0214408233276158	-0.129099582587955	0.426558978211871	-0.272028496437945	-0.00521882439113715	0.0524390243902439	0.0377846790890269	0.496640316205534	-0.4	0.0385167464114833	-0.0400390625	0.0238558909444985	-0.0324561403508772	-0.024822695035461	0.0416666666666667
C:	0.0396825396825397	0.023989898989899	-0.0750350631136045	-0.0423197492163009	0.0803571428571429	-0.00420168067226891	-0.0499077679852429	-0.396005509641873	0.498909090909091	-0.223772321428571	-0.132519083969466	0.466441761363636	-0.153418803418803	0.329454545454545	0.0427319211102995	-0.0477219820419022	-0.0889917695473251	0.0578747628083491	0.0290780141843972	-0.0454545454545455
G:	-0.107142857142857	-0.0117739403453689	-0.0563847429519071	0.0274725274725275	-0.00976430976430976	-0.0909327774882751	-0.0421140539250775	0.116481481481481	-0.317022872140982	0.498917748917749	-0.390982286634461	-0.117542613636364	-0.110376188507648	-0.1875	-0.0456384323640961	0.0317384370015949	-0.00146056475170399	-0.026271186440678	-0.0862913096695226	-0.0354838709677419
T:	0.123809523809524	-0.000709219858156028	0.0327868852459016	0.0119549929676512	-0.0241935483870968	0.080952380952381	0.212581991651759	-0.223980175371712	0.0758384146341463	-0.281994047619048	0.49684804246848	-0.32257217847769	-0.26750761200522	0.296962879640045	0.00471698113207547	0.0543619791666667	0.0576225045372051	0.00543478260869565	0.10596546310832	0.0637254901960784

Energy matrix for enoLOGOS

A:	0.276310211159286	0.137654543602905	-0.899779405569981	-0.553506031969723	-0.229289679667009	-0.197477280702748	1.18905109751511	-3.9287533780537	2.50547504307039	0.0480671489839446	-0.482981263408507	-0.348009755255829	-4.57422635469884	3.68413614879047	-0.354752344470853	0.368773393799828	-0.219720875475576	0.298932099792209	0.228625470226359	-0.383764182165674
C:	-0.365489697300642	-0.220955135186297	0.691098471109012	0.389779294738804	-0.7401166370338	0.0386989091259504	0.459667530349703	3.64734553297955	-4.59512254194594	2.0610192461844	1.22054586914127	-4.29608738586318	1.41303939894848	-3.03438850073106	-0.393575538174293	0.439535697831255	0.819644487835329	-0.533046264412284	-0.267818407979449	0.418651835089827
G:	0.986822182711734	0.108441998100191	0.51932267437345	-0.253031328900445	0.0899326164267035	0.837521831636188	0.387884771093724	-1.07283409147649	2.91988855811993	-4.59520228515262	3.60107993931694	1.0826074798026	1.01660226511684	1.72693881974553	0.420345496116739	-0.292321807659212	0.0134522984985046	0.24196656909429	0.794772333199903	0.326818529328187
T:	-1.140327855578	0.00653215629218169	-0.301978372851678	-0.110109554376649	0.222830815451037	-0.74559898249331	-1.9579525000653	2.06293365174838	-0.698497612051547	2.59726116144269	-4.57613958428478	2.97099955830938	2.46383615866262	-2.73512919932701	-0.0434450017546046	-0.500692331419278	-0.530722879873401	-0.0500561976737836	-0.975977982901715	-0.586933455076914

Probability matrix

A:	0.133075608986239	0.217339863986073	0.501077917372671	0.360793844352003	0.248159871487752	0.258073258086549	0.0350039738253824	0.942938157864032	0.000807113931052886	0.00951518501908563	0.0163591830159317	0.0188285005963001	0.992930060966626	0.000690022894736747	0.309335681023214	0.15989174091926	0.284860726571095	0.173186798310225	0.152764732824852	0.3159675124471
C:	0.252830009519969	0.311086808615654	0.102092956449797	0.140473856991533	0.413600337390293	0.203785363624095	0.0725913058173728	0.000483309419305766	0.978780239475506	0.0012711688713739	0.00297803074864777	0.975987073203292	0.00249276983522182	0.571059923142983	0.321581248051561	0.148968468528664	0.100749276415161	0.39795905981236	0.250972387263643	0.141630759012531
G:	0.0653923633802525	0.223782560269518	0.121226358910216	0.267155804020015	0.180341249292036	0.0916745108594534	0.0779936894815459	0.0542217117322185	0.000533282510261748	0.988470085551845	0.000275471305329017	0.00450304788818	0.00370554968101641	0.0048849879945742	0.142498175058032	0.309696308846743	0.225614368590012	0.183338890642392	0.0867258662260409	0.155253099951568
T:	0.548702018113539	0.247790767128754	0.275602767267316	0.231576494636449	0.157898541829919	0.446466867429903	0.814411030875699	0.00235682098444401	0.0198793640831798	0.000743560557695579	0.980387314930091	0.000681378312227633	0.000871619517135528	0.423365065967706	0.226584895867193	0.381443481705333	0.388775628423732	0.245515251235023	0.509537013685464	0.387148628588801



3	ACGTCAT	0.499138126658288

Enrichment score matrix

A:	-0.03	-0.014945652173913	0.0976923076923077	0.0600961538461538	0.0248948106591865	0.0214408233276158	-0.129099582587955	0.420700511609603	-0.289829920166609	-0.0143589743589744	0.000505561172901921	0.120957542908762	0.485288424312815	-0.4	0.0385167464114833	-0.0400390625	0.0238558909444985	-0.0324561403508772	-0.024822695035461	0.0416666666666667
C:	0.0396825396825397	0.023989898989899	-0.0750350631136045	-0.0423197492163009	0.0803571428571429	-0.00420168067226891	-0.0499077679852429	-0.373450619752099	0.498059964726631	-0.186666666666667	-0.163086287146438	0.476568405139834	-0.179756004574914	0.329454545454545	0.0427319211102995	-0.0477219820419022	-0.0889917695473251	0.0578747628083491	0.0290780141843972	-0.0454545454545455
G:	-0.107142857142857	-0.0117739403453689	-0.0563847429519071	0.0274725274725275	-0.00976430976430976	-0.0909327774882751	-0.0421140539250775	0.143604651162791	-0.308994357782941	0.498567848191908	-0.318119658119658	-0.302381409640868	-0.0717505634861007	-0.1875	-0.0456384323640961	0.0317384370015949	-0.00146056475170399	-0.026271186440678	-0.0862913096695226	-0.0354838709677419
T:	0.123809523809524	-0.000709219858156028	0.0327868852459016	0.0119549929676512	-0.0241935483870968	0.080952380952381	0.212581991651759	-0.216859716859717	0.117490872884169	-0.283474277660324	0.495703544575725	-0.287226001511716	-0.231379731379731	0.296962879640045	0.00471698113207547	0.0543619791666667	0.0576225045372051	0.00543478260869565	0.10596546310832	0.0637254901960784

Energy matrix for enoLOGOS

A:	0.276310211159286	0.137654543602905	-0.899779405569981	-0.553506031969723	-0.229289679667009	-0.197477280702748	1.18905109751511	-3.87479490658896	2.66943221471715	0.132251041238632	-0.0046563904812822	-1.11406014074762	-4.46967156650102	3.68413614879047	-0.354752344470853	0.368773393799828	-0.219720875475576	0.298932099792209	0.228625470226359	-0.383764182165674
C:	-0.365489697300642	-0.220955135186297	0.691098471109012	0.389779294738804	-0.7401166370338	0.0386989091259504	0.459667530349703	3.43960732004229	-4.58730180078673	1.71926353610222	1.50208021462053	-4.38935722186771	1.65561398604147	-3.03438850073106	-0.393575538174293	0.439535697831255	0.819644487835329	-0.533046264412284	-0.267818407979449	0.418651835089827
G:	0.986822182711734	0.108441998100191	0.51932267437345	-0.253031328900445	0.0899326164267035	0.837521831636188	0.387884771093724	-1.32264771620821	2.84594320820107	-4.59197958037123	2.92999033029875	2.78503570495036	0.660847111588073	1.72693881974553	0.420345496116739	-0.292321807659212	0.0134522984985046	0.24196656909429	0.794772333199903	0.326818529328187
T:	-1.140327855578	0.00653215629218169	-0.301978372851678	-0.110109554376649	0.222830815451037	-0.74559898249331	-1.9579525000653	1.99735180524837	-1.08213092986378	2.61089458395167	-4.5655983691375	2.64544923760465	2.13108608118374	-2.73512919932701	-0.0434450017546046	-0.500692331419278	-0.530722879873401	-0.0500561976737836	-0.975977982901715	-0.586933455076914

Probability matrix

A:	0.133075608986239	0.217339863986073	0.501077917372671	0.360793844352003	0.248159871487752	0.258073258086549	0.0350039738253824	0.924729865896418	0.000683973551927583	0.00877715053764773	0.010314771613713	0.0363707282339483	0.990628950495892	0.000690022894736747	0.309335681023214	0.15989174091926	0.284860726571095	0.173186798310225	0.152764732824852	0.3159675124471
C:	0.252830009519969	0.311086808615654	0.102092956449797	0.140473856991533	0.413600337390293	0.203785363624095	0.0725913058173728	0.00061575841941843	0.969613934521454	0.00179524108116515	0.00228608420549713	0.962045130578044	0.00216637332888082	0.571059923142983	0.321581248051561	0.148968468528664	0.100749276415161	0.39795905981236	0.250972387263643	0.141630759012531
G:	0.0653923633802525	0.223782560269518	0.121226358910216	0.267155804020015	0.180341249292036	0.0916745108594534	0.0779936894815459	0.0720495781604695	0.000573299493606727	0.988691583774543	0.000548224877568006	0.000736879011352488	0.00585807684835688	0.0048849879945742	0.142498175058032	0.309696308846743	0.225614368590012	0.183338890642392	0.0867258662260409	0.155253099951568
T:	0.548702018113539	0.247790767128754	0.275602767267316	0.231576494636449	0.157898541829919	0.446466867429903	0.814411030875699	0.00260479752369388	0.0291287924330117	0.000736024606644085	0.986850919303222	0.000847262176654966	0.00134659932687007	0.423365065967706	0.226584895867193	0.381443481705333	0.388775628423732	0.245515251235023	0.509537013685464	0.387148628588801



4	ACGTCA..G	0.498118901461359

Enrichment score matrix

A:	-0.03	-0.014945652173913	0.0976923076923077	0.0600961538461538	0.0248948106591865	0.0214408233276158	-0.129099582587955	0.294372294372294	-0.270089285714286	-0.0543311906948271	0.0212765957446809	0.183982683982684	0.397485493230174	-0.4	0.0385167464114833	-0.0400390625	0.0238558909444985	-0.0324561403508772	-0.024822695035461	0.0416666666666667
C:	0.0396825396825397	0.023989898989899	-0.0750350631136045	-0.0423197492163009	0.0803571428571429	-0.00420168067226891	-0.0499077679852429	-0.249845392702536	0.449390815370197	-0.211049892868075	-0.201528013582343	0.321273964131107	-0.0508591065292096	0.329454545454545	0.0427319211102995	-0.0477219820419022	-0.0889917695473251	0.0578747628083491	0.0290780141843972	-0.0454545454545455
G:	-0.107142857142857	-0.0117739403453689	-0.0563847429519071	0.0274725274725275	-0.00976430976430976	-0.0909327774882751	-0.0421140539250775	0.127705627705628	-0.229591836734694	0.480410162228344	-0.301041666666667	-0.170709520921771	-0.0694078947368421	-0.1875	-0.0456384323640961	0.0317384370015949	-0.00146056475170399	-0.026271186440678	-0.0862913096695226	-0.0354838709677419
T:	0.123809523809524	-0.000709219858156028	0.0327868852459016	0.0119549929676512	-0.0241935483870968	0.080952380952381	0.212581991651759	-0.175820707070707	0.0401437050921587	-0.215029078665442	0.455034213098729	-0.338699494949495	-0.283043197936815	0.296962879640045	0.00471698113207547	0.0543619791666667	0.0576225045372051	0.00543478260869565	0.10596546310832	0.0637254901960784

Energy matrix for enoLOGOS

A:	0.276310211159286	0.137654543602905	-0.899779405569981	-0.553506031969723	-0.229289679667009	-0.197477280702748	1.18905109751511	-2.7112690272484	2.4876142522525	0.500408759114102	-0.195964688765451	-1.69454314203025	-3.66097668557274	3.68413614879047	-0.354752344470853	0.368773393799828	-0.219720875475576	0.298932099792209	0.228625470226359	-0.383764182165674
C:	-0.365489697300642	-0.220955135186297	0.691098471109012	0.389779294738804	-0.7401166370338	0.0386989091259504	0.459667530349703	2.30116110716041	-4.13904236959942	1.94384134878408	1.85614159958162	-2.95904256230156	0.468429682148617	-3.03438850073106	-0.393575538174293	0.439535697831255	0.819644487835329	-0.533046264412284	-0.267818407979449	0.418651835089827
G:	0.986822182711734	0.108441998100191	0.51932267437345	-0.253031328900445	0.0899326164267035	0.837521831636188	0.387884771093724	-1.1762122985857	2.11461896295372	-4.42474111227934	2.772696216147	1.5722927924265	0.63927033502861	1.72693881974553	0.420345496116739	-0.292321807659212	0.0134522984985046	0.24196656909429	0.794772333199903	0.326818529328187
T:	-1.140327855578	0.00653215629218169	-0.301978372851678	-0.110109554376649	0.222830815451037	-0.74559898249331	-1.9579525000653	1.61936855656273	-0.369737187691015	1.98049100438117	-4.19101998353364	3.11953763230128	2.60692419297069	-2.73512919932701	-0.0434450017546046	-0.500692331419278	-0.530722879873401	-0.0500561976737836	-0.975977982901715	-0.586933455076914

Probability matrix

A:	0.133075608986239	0.217339863986073	0.501077917372671	0.360793844352003	0.248159871487752	0.258073258086549	0.0350039738253824	0.809547914608818	0.00129062022606266	0.0071852648982407	0.0180152002673239	0.217980746569454	0.969411348016986	0.000690022894736747	0.309335681023214	0.15989174091926	0.284860726571095	0.173186798310225	0.152764732824852	0.3159675124471
C:	0.252830009519969	0.311086808615654	0.102092956449797	0.140473856991533	0.413600337390293	0.203785363624095	0.0725913058173728	0.00538730805704483	0.974358708845172	0.0016965551238626	0.00231430533790726	0.771939485791022	0.0156001832635344	0.571059923142983	0.321581248051561	0.148968468528664	0.100749276415161	0.39795905981236	0.250972387263643	0.141630759012531
G:	0.0653923633802525	0.223782560269518	0.121226358910216	0.267155804020015	0.180341249292036	0.0916745108594534	0.0779936894815459	0.174411811047621	0.0018740805906825	0.989482677403913	0.000925477883491664	0.00831092409907861	0.0131502662947355	0.0048849879945742	0.142498175058032	0.309696308846743	0.225614368590012	0.183338890642392	0.0867258662260409	0.155253099951568
T:	0.548702018113539	0.247790767128754	0.275602767267316	0.231576494636449	0.157898541829919	0.446466867429903	0.814411030875699	0.0106529662865163	0.0224765903380827	0.00163550257398323	0.978745016511277	0.00176884354044539	0.00183820242474365	0.423365065967706	0.226584895867193	0.381443481705333	0.388775628423732	0.245515251235023	0.509537013685464	0.387148628588801



5	C..ACGTCA	0.497594942507673

Enrichment score matrix

A:	-0.03	-0.014945652173913	0.0976923076923077	0.0600961538461538	0.0248948106591865	0.0214408233276158	-0.129099582587955	0.368941326530612	-0.220087472664792	-0.0593692022263451	0.0439453125	0.111037234042553	0.463541666666667	-0.4	0.0385167464114833	-0.0400390625	0.0238558909444985	-0.0324561403508772	-0.024822695035461	0.0416666666666667
C:	0.0396825396825397	0.023989898989899	-0.0750350631136045	-0.0423197492163009	0.0803571428571429	-0.00420168067226891	-0.0499077679852429	-0.214604591836735	0.482780612244898	-0.128633271490414	-0.183405387429332	0.398603723404255	-0.127363737486096	0.329454545454545	0.0427319211102995	-0.0477219820419022	-0.0889917695473251	0.0578747628083491	0.0290780141843972	-0.0454545454545455
G:	-0.107142857142857	-0.0117739403453689	-0.0563847429519071	0.0274725274725275	-0.00976430976430976	-0.0909327774882751	-0.0421140539250775	-0.0101102941176471	-0.304209183673469	0.495265151515151	-0.34688995215311	-0.205441511893125	-0.123611111111111	-0.1875	-0.0456384323640961	0.0317384370015949	-0.00146056475170399	-0.026271186440678	-0.0862913096695226	-0.0354838709677419
T:	0.123809523809524	-0.000709219858156028	0.0327868852459016	0.0119549929676512	-0.0241935483870968	0.080952380952381	0.212581991651759	-0.143813775510204	0.0451421430802874	-0.297155225726654	0.489583333333333	-0.297569444444444	-0.220138888888889	0.296962879640045	0.00471698113207547	0.0543619791666667	0.0576225045372051	0.00543478260869565	0.10596546310832	0.0637254901960784

Energy matrix for enoLOGOS

A:	0.276310211159286	0.137654543602905	-0.899779405569981	-0.553506031969723	-0.229289679667009	-0.197477280702748	1.18905109751511	-3.39807519463535	2.02708053485074	0.546810560117324	-0.40475128587786	-1.0226907194947	-4.26937652659313	3.68413614879047	-0.354752344470853	0.368773393799828	-0.219720875475576	0.298932099792209	0.228625470226359	-0.383764182165674
C:	-0.365489697300642	-0.220955135186297	0.691098471109012	0.389779294738804	-0.7401166370338	0.0386989091259504	0.459667530349703	1.97658133620535	-4.44657376376656	1.18475621358754	1.68922604427831	-3.67127596609024	1.17306337329396	-3.03438850073106	-0.393575538174293	0.439535697831255	0.819644487835329	-0.533046264412284	-0.267818407979449	0.418651835089827
G:	0.986822182711734	0.108441998100191	0.51932267437345	-0.253031328900445	0.0899326164267035	0.837521831636188	0.387884771093724	0.093119250084318	2.80187012591367	-4.5615606198329	3.19497453094868	1.89218625106907	1.1385004070915	1.72693881974553	0.420345496116739	-0.292321807659212	0.0134522984985046	0.24196656909429	0.794772333199903	0.326818529328187
T:	-1.140327855578	0.00653215629218169	-0.301978372851678	-0.110109554376649	0.222830815451037	-0.74559898249331	-1.9579525000653	1.32457382262795	-0.415774502889896	2.7369007722539	-4.50922914044667	2.74071586763319	2.02755409577531	-2.73512919932701	-0.0434450017546046	-0.500692331419278	-0.530722879873401	-0.0500561976737836	-0.975977982901715	-0.586933455076914

Probability matrix

A:	0.133075608986239	0.217339863986073	0.501077917372671	0.360793844352003	0.248159871487752	0.258073258086549	0.0350039738253824	0.957864897468271	0.00151328632873499	0.00598655381376036	0.0161912862221281	0.0657399801872873	0.989460267346471	0.000690022894736747	0.309335681023214	0.15989174091926	0.284860726571095	0.173186798310225	0.152764732824852	0.3159675124471
C:	0.252830009519969	0.311086808615654	0.102092956449797	0.140473856991533	0.413600337390293	0.203785363624095	0.0725913058173728	0.00443731831816441	0.980377754543861	0.00316315602048775	0.00199470442175901	0.92917074232715	0.00428328273634087	0.571059923142983	0.321581248051561	0.148968468528664	0.100749276415161	0.39795905981236	0.250972387263643	0.141630759012531
G:	0.0653923633802525	0.223782560269518	0.121226358910216	0.267155804020015	0.180341249292036	0.0916745108594534	0.0779936894815459	0.0291808390714164	0.00069732344103143	0.990180354966505	0.000442527527767714	0.00356381035278708	0.00443391382642104	0.0048849879945742	0.142498175058032	0.309696308846743	0.225614368590012	0.183338890642392	0.0867258662260409	0.155253099951568
T:	0.548702018113539	0.247790767128754	0.275602767267316	0.231576494636449	0.157898541829919	0.446466867429903	0.814411030875699	0.0085169451421485	0.0174116356863728	0.000669935199246913	0.981371481828345	0.00152546713277572	0.00182253609076698	0.423365065967706	0.226584895867193	0.381443481705333	0.388775628423732	0.245515251235023	0.509537013685464	0.387148628588801



