1	TACGTCA	0.499781804217288

Enrichment score matrix

A:	-0.05	-0.0801630434782609	0.105384615384615	0.0533653846153846	0.0154277699859748	0.0242995997712979	-0.12114887696283	0.403131294634682	-0.265658536585366	-0.0757418909592823	0.00242175856929955	0.174259221931062	0.46656976744186	-0.406508875739645	0.0447368421052632	-0.0240885416666667	0.0355404089581305	-0.0482456140350877	-0.0134751773049645	0.00833333333333333
C:	0	-0.0101010101010101	-0.0995792426367461	-0.0602328705776982	0.060782967032967	0.034733893557423	-0.04519368723099	-0.276875901875902	0.484307052372849	-0.10018315018315	-0.129463414634146	0.382743795192496	-0.20436649964209	0.351090909090909	0.038836133430728	-0.0540405719986698	-0.0900205761316872	0.0730550284629981	0.0531914893617021	-0.0198135198135198
G:	-0.0357142857142857	0.0259026687598116	-0.0630182421227197	0.0128205128205128	0.00942760942760943	-0.130015633142262	-0.0731329038415653	0.0863394982603919	-0.216530483972344	0.493510005408329	-0.393503289473684	-0.350819672131148	-0.0309160305343511	-0.204373278236915	-0.0554993678887484	0.0342902711323764	0.0141187925998053	-0.0322033898305085	-0.083843329253366	-0.0419354838709677
T:	0.114285714285714	0.0716312056737589	0.055327868852459	0.0405532114392874	-0.0255960729312763	0.0812324929971989	0.225899423573842	-0.218846153846154	-0.0305785123966942	-0.326103146527648	0.484874267347325	-0.235780984719864	-0.226198997852541	0.293025871766029	0.00516621743036837	0.0419921875	0.0331215970961887	0.0124223602484472	0.0635792778649922	0.0637254901960784

Energy matrix for enoLOGOS

A:	0.460517018598809	0.738328915688308	-0.970628177662106	-0.491513356389114	-0.142095012751386	-0.223807584796448	1.11582239251033	-3.71297643818084	2.44680554467231	0.697608596152095	-0.022305220721999	-1.60498674694082	-4.29726636541331	3.7440851097915	-0.412041542956829	0.22186366781453	-0.327339263463613	0.444358526718149	0.124110969551452	-0.0767528364331349
C:	0	0.0930337411310726	0.917158718668035	0.55476523960179	-0.559831815192234	-0.319910982107856	0.416249242062051	2.55012129707494	-4.46063279690244	0.922720912723621	1.19240211449877	-3.52520062898483	1.882285022333	-3.23366677423382	-0.357694007628488	0.497732062004034	0.829120146654235	-0.672861678028621	-0.489911721913627	0.182489261449412
G:	0.328940727570578	-0.238572395820419	0.580419459593856	-0.118081286820207	-0.0868314917223344	1.19748823491822	0.673578936771821	-0.795216166523855	1.99431945829403	-4.54539512678652	3.6242992335449	3.23116858951296	0.284747164171783	1.88234745549858	0.511168068684898	-0.315825068576536	-0.130038885485545	0.296604181470419	0.772225600343168	0.38624008011513
T:	-1.05261032822585	-0.659747785510351	-0.509588504187207	-0.373508880532555	0.235748543882981	-0.748178909768374	-2.08061058094831	2.01564756602094	0.281638507242247	3.00352097589207	-4.46585703988144	2.17162312250966	2.08336976202181	-2.69886801676018	-0.0475826209693289	-0.386762339838844	-0.305061182919356	-0.114414166111505	-0.585586789741029	-0.586933455076914

Probability matrix

A:	0.120971238483016	0.104056426329936	0.501489447295177	0.341494802333136	0.240958373085396	0.24803615387956	0.0344658040862913	0.944098509069347	0.000989147678502934	0.00523188330833588	0.0115741465864098	0.127335731855916	0.986193614445973	0.00058541194139698	0.329064569002787	0.188364268384467	0.321180884971707	0.143593579690663	0.18503930060431	0.245904141651574
C:	0.191726492355322	0.198388749566803	0.0759287703496142	0.119947465904349	0.365900337799324	0.273056276406402	0.0693759868639527	0.00179882338879476	0.988834230276539	0.00417727447286638	0.00343517040538192	0.868737526134729	0.00204275893058	0.627856965001275	0.311658006794363	0.142952054626609	0.101042887849908	0.438871715558573	0.341924834136837	0.189748534708855
G:	0.13798280968289	0.276396001208727	0.106328666840568	0.235074007293306	0.228003429784563	0.0598761760683083	0.0536354967842726	0.0510328856645844	0.00155515380219779	0.990069391792706	0.000301848336114146	0.00101072896684826	0.0100929702763556	0.00376707239997665	0.130718267595389	0.322488159969621	0.26367152132306	0.166457711335445	0.0967812819620944	0.154771351370259
T:	0.549319459478771	0.421158822894534	0.316253115514641	0.303483724469209	0.165137859330717	0.419031393645731	0.842522712265483	0.00306978187727391	0.00862146824275998	0.000521450426091828	0.984688834672094	0.00291601304250678	0.00167065634709158	0.367790550657352	0.228559156607461	0.346195517019303	0.314104705855326	0.251076993415319	0.376254583296758	0.409575972269312



2	ACGTCAC	0.499510524759116

Enrichment score matrix

A:	-0.05	-0.0801630434782609	0.105384615384615	0.0533653846153846	0.0154277699859748	0.0242995997712979	-0.12114887696283	0.445905334335086	-0.251968503937008	-0.0482512360373558	-0.0233449477351916	0.024672187715666	0.495652173913044	-0.406508875739645	0.0447368421052632	-0.0240885416666667	0.0355404089581305	-0.0482456140350877	-0.0134751773049645	0.00833333333333333
C:	0	-0.0101010101010101	-0.0995792426367461	-0.0602328705776982	0.060782967032967	0.034733893557423	-0.04519368723099	-0.37396694214876	0.499090909090909	-0.100074404761905	-0.0806106870229008	0.475319602272727	-0.113247863247863	0.351090909090909	0.038836133430728	-0.0540405719986698	-0.0900205761316872	0.0730550284629981	0.0531914893617021	-0.0198135198135198
G:	-0.0357142857142857	0.0259026687598116	-0.0630182421227197	0.0128205128205128	0.00942760942760943	-0.130015633142262	-0.0731329038415653	0.115740740740741	-0.27615298087739	0.499098124098124	-0.377133655394525	-0.158913352272727	-0.127532038032245	-0.204373278236915	-0.0554993678887484	0.0342902711323764	0.0141187925998053	-0.0322033898305085	-0.083843329253366	-0.0419354838709677
T:	0.114285714285714	0.0716312056737589	0.055327868852459	0.0405532114392874	-0.0255960729312763	0.0812324929971989	0.225899423573842	-0.261151353412124	0.013719512195122	-0.363653273809524	0.498341074983411	-0.279002624671916	-0.282514136581122	0.293025871766029	0.00516621743036837	0.0419921875	0.0331215970961887	0.0124223602484472	0.0635792778649922	0.0637254901960784

Energy matrix for enoLOGOS

A:	0.460517018598809	0.738328915688308	-0.970628177662106	-0.491513356389114	-0.142095012751386	-0.223807584796448	1.11582239251033	-4.10693990290598	2.32071568427746	0.44441030727261	0.21501491460711	-0.227239246582573	-4.56512522784907	3.7440851097915	-0.412041542956829	0.22186366781453	-0.327339263463613	0.444358526718149	0.124110969551452	-0.0767528364331349
C:	0	0.0930337411310726	0.917158718668035	0.55476523960179	-0.559831815192234	-0.319910982107856	0.416249242062051	3.44436282505721	-4.59679714928629	0.921719330380057	0.74245186509976	-4.37785532240416	1.04305136691183	-3.23366677423382	-0.357694007628488	0.497732062004034	0.829120146654235	-0.672861678028621	-0.489911721913627	0.182489261449412
G:	0.328940727570578	-0.238572395820419	0.580419459593856	-0.118081286820207	-0.0868314917223344	1.19748823491822	0.673578936771821	-1.06601161712687	2.54346294861659	-4.59686360195853	3.47352933191115	1.46364606408357	1.17461347860879	1.88234745549858	0.511168068684898	-0.315825068576536	-0.130038885485545	0.296604181470419	0.772225600343168	0.38624008011513
T:	-1.05261032822585	-0.659747785510351	-0.509588504187207	-0.373508880532555	0.235748543882981	-0.748178909768374	-2.08061058094831	2.4052928535279	-0.126361377054551	3.34937042916917	-4.58989092193372	2.56970913790307	2.6020513578071	-2.69886801676018	-0.0475826209693289	-0.386762339838844	-0.305061182919356	-0.114414166111505	-0.585586789741029	-0.586933455076914

Probability matrix

A:	0.120971238483016	0.104056426329936	0.501489447295177	0.341494802333136	0.240958373085396	0.24803615387956	0.0344658040862913	0.952561403015864	0.00097736409511633	0.00639622886788573	0.00808168623410796	0.0154515456213105	0.99240329433702	0.00058541194139698	0.329064569002787	0.188364268384467	0.321180884971707	0.143593579690663	0.18503930060431	0.245904141651574
C:	0.191726492355322	0.198388749566803	0.0759287703496142	0.119947465904349	0.365900337799324	0.273056276406402	0.0693759868639527	0.000500499760908834	0.986947457676399	0.003968545100857	0.00476912854197777	0.980757384375301	0.00363988823540052	0.627856965001275	0.311658006794363	0.142952054626609	0.101042887849908	0.438871715558573	0.341924834136837	0.189748534708855
G:	0.13798280968289	0.276396001208727	0.106328666840568	0.235074007293306	0.228003429784563	0.0598761760683083	0.0536354967842726	0.045523391112962	0.000782201190825237	0.989285026271306	0.000310704221938033	0.00284858884026059	0.00319118035283437	0.00376707239997665	0.130718267595389	0.322488159969621	0.26367152132306	0.166457711335445	0.0967812819620944	0.154771351370259
T:	0.549319459478771	0.421158822894534	0.316253115514641	0.303483724469209	0.165137859330717	0.419031393645731	0.842522712265483	0.00141470611026512	0.0112929770376592	0.000350199759950885	0.986838481001976	0.000942481163127509	0.000765637074744682	0.367790550657352	0.228559156607461	0.346195517019303	0.314104705855326	0.251076993415319	0.376254583296758	0.409575972269312



3	ACGTCAT	0.499334502862729

Enrichment score matrix

A:	-0.05	-0.0801630434782609	0.105384615384615	0.0533653846153846	0.0154277699859748	0.0242995997712979	-0.12114887696283	0.4366391184573	-0.272301284276293	-0.0646153846153846	-0.0500505561172902	0.0822944896115628	0.490321331784746	-0.406508875739645	0.0447368421052632	-0.0240885416666667	0.0355404089581305	-0.0482456140350877	-0.0134751773049645	0.00833333333333333
C:	0	-0.0101010101010101	-0.0995792426367461	-0.0602328705776982	0.060782967032967	0.034733893557423	-0.04519368723099	-0.314274290283886	0.498765432098765	-0.128888888888889	-0.134264232008593	0.476379440665155	-0.219595882577202	0.351090909090909	0.038836133430728	-0.0540405719986698	-0.0900205761316872	0.0730550284629981	0.0531914893617021	-0.0198135198135198
G:	-0.0357142857142857	0.0259026687598116	-0.0630182421227197	0.0128205128205128	0.00942760942760943	-0.130015633142262	-0.0731329038415653	0.116666666666667	-0.247261865250581	0.499820981023989	-0.295042735042735	-0.332341079316305	-0.0719383921863261	-0.204373278236915	-0.0554993678887484	0.0342902711323764	0.0141187925998053	-0.0322033898305085	-0.083843329253366	-0.0419354838709677
T:	0.114285714285714	0.0716312056737589	0.055327868852459	0.0405532114392874	-0.0255960729312763	0.0812324929971989	0.225899423573842	-0.267910767910768	0.0383338864918686	-0.29245947850599	0.496419620479771	-0.214285714285714	-0.194139194139194	0.293025871766029	0.00516621743036837	0.0419921875	0.0331215970961887	0.0124223602484472	0.0635792778649922	0.0637254901960784

Energy matrix for enoLOGOS

A:	0.460517018598809	0.738328915688308	-0.970628177662106	-0.491513356389114	-0.142095012751386	-0.223807584796448	1.11582239251033	-4.02159490071136	2.5079875119109	0.595129685573846	0.460982657646937	-0.757960260060551	-4.51602635737818	3.7440851097915	-0.412041542956829	0.22186366781453	-0.327339263463613	0.444358526718149	0.124110969551452	-0.0767528364331349
C:	0	0.0930337411310726	0.917158718668035	0.55476523960179	-0.559831815192234	-0.319910982107856	0.416249242062051	2.89457318367584	-4.59379939540541	1.18711053683249	1.23661927658112	-4.38761679473771	2.02255282282054	-3.23366677423382	-0.357694007628488	0.497732062004034	0.829120146654235	-0.672861678028621	-0.489911721913627	0.182489261449412
G:	0.328940727570578	-0.238572395820419	0.580419459593856	-0.118081286820207	-0.0868314917223344	1.19748823491822	0.673578936771821	-1.07453971006389	2.27736593996756	-4.60352136028598	2.71744401402237	3.0609744600931	0.662577077848775	1.88234745549858	0.511168068684898	-0.315825068576536	-0.130038885485545	0.296604181470419	0.772225600343168	0.38624008011513
T:	-1.05261032822585	-0.659747785510351	-0.509588504187207	-0.373508880532555	0.235748543882981	-0.748178909768374	-2.08061058094831	2.46754936177569	-0.35306814237081	2.69365134205082	-4.57219367194593	1.97364436542347	1.78808805756314	-2.69886801676018	-0.0475826209693289	-0.386762339838844	-0.305061182919356	-0.114414166111505	-0.585586789741029	-0.586933455076914

Probability matrix

A:	0.120971238483016	0.104056426329936	0.501489447295177	0.341494802333136	0.240958373085396	0.24803615387956	0.0344658040862913	0.947862325583781	0.000810455501002215	0.00547334150492894	0.00645225056780281	0.0257818795254255	0.991167528658555	0.00058541194139698	0.329064569002787	0.188364268384467	0.321180884971707	0.143593579690663	0.18503930060431	0.245904141651574
C:	0.191726492355322	0.198388749566803	0.0759287703496142	0.119947465904349	0.365900337799324	0.273056276406402	0.0693759868639527	0.000939921593040597	0.984002133124345	0.0030280185359726	0.00297068443646703	0.971973398094022	0.00143376577204216	0.627856965001275	0.311658006794363	0.142952054626609	0.101042887849908	0.438871715558573	0.341924834136837	0.189748534708855
G:	0.13798280968289	0.276396001208727	0.106328666840568	0.235074007293306	0.228003429784563	0.0598761760683083	0.0536354967842726	0.0497571451741895	0.00102067352650756	0.990827402521411	0.000675682247727068	0.00056594248703124	0.00558609310488477	0.00376707239997665	0.130718267595389	0.322488159969621	0.26367152132306	0.166457711335445	0.0967812819620944	0.154771351370259
T:	0.549319459478771	0.421158822894534	0.316253115514641	0.303483724469209	0.165137859330717	0.419031393645731	0.842522712265483	0.00144060764898837	0.0141667378481453	0.000671237437687568	0.989901382748003	0.00167877989352131	0.00181261246451782	0.367790550657352	0.228559156607461	0.346195517019303	0.314104705855326	0.251076993415319	0.376254583296758	0.409575972269312



4	ACGTCA..G	0.498445302121032

Enrichment score matrix

A:	-0.05	-0.0801630434782609	0.105384615384615	0.0533653846153846	0.0154277699859748	0.0242995997712979	-0.12114887696283	0.295918367346939	-0.259885204081633	-0.125038261401898	0.00731382978723404	0.149350649350649	0.412959381044487	-0.406508875739645	0.0447368421052632	-0.0240885416666667	0.0355404089581305	-0.0482456140350877	-0.0134751773049645	0.00833333333333333
C:	0	-0.0101010101010101	-0.0995792426367461	-0.0602328705776982	0.060782967032967	0.034733893557423	-0.04519368723099	-0.205009276437848	0.451890034364261	-0.104836241199878	-0.188285229202037	0.301793444650587	-0.141580756013746	0.351090909090909	0.038836133430728	-0.0540405719986698	-0.0900205761316872	0.0730550284629981	0.0531914893617021	-0.0198135198135198
G:	-0.0357142857142857	0.0259026687598116	-0.0630182421227197	0.0128205128205128	0.00942760942760943	-0.130015633142262	-0.0731329038415653	0.101731601731602	-0.177295918367347	0.469390878481788	-0.294097222222222	-0.223165554881747	-0.0253289473684211	-0.204373278236915	-0.0554993678887484	0.0342902711323764	0.0141187925998053	-0.0322033898305085	-0.083843329253366	-0.0419354838709677
T:	0.114285714285714	0.0716312056737589	0.055327868852459	0.0405532114392874	-0.0255960729312763	0.0812324929971989	0.225899423573842	-0.19665404040404	-0.0235863792564824	-0.239516375880012	0.44949494949495	-0.226957070707071	-0.267246937459703	0.293025871766029	0.00516621743036837	0.0419921875	0.0331215970961887	0.0124223602484472	0.0635792778649922	0.0637254901960784

Energy matrix for enoLOGOS

A:	0.460517018598809	0.738328915688308	-0.970628177662106	-0.491513356389114	-0.142095012751386	-0.223807584796448	1.11582239251033	-2.72550888558479	2.39363118723233	1.15164494703161	-0.0673628617631237	-1.37557031529514	-3.80349645922034	3.7440851097915	-0.412041542956829	0.22186366781453	-0.327339263463613	0.444358526718149	0.124110969551452	-0.0767528364331349
C:	0	0.0930337411310726	0.917158718668035	0.55476523960179	-0.559831815192234	-0.319910982107856	0.416249242062051	1.88820521540514	-4.16206102719886	0.965577464769465	1.73417104796631	-2.77962034726307	1.30400695300831	-3.23366677423382	-0.357694007628488	0.497732062004034	0.829120146654235	-0.672861678028621	-0.489911721913627	0.182489261449412
G:	0.328940727570578	-0.238572395820419	0.580419459593856	-0.118081286820207	-0.0868314917223344	1.19748823491822	0.673578936771821	-0.936982678534374	1.63295575472537	-4.32324975831818	2.70873551911938	2.05543071976182	0.233288226527028	1.88234745549858	0.511168068684898	-0.315825068576536	-0.130038885485545	0.296604181470419	0.772225600343168	0.38624008011513
T:	-1.05261032822585	-0.659747785510351	-0.509588504187207	-0.373508880532555	0.235748543882981	-0.748178909768374	-2.08061058094831	1.81125064764557	0.217238581094721	2.2060273465171	-4.14000148033273	2.09035187103879	2.4614352573721	-2.69886801676018	-0.0475826209693289	-0.386762339838844	-0.305061182919356	-0.114414166111505	-0.585586789741029	-0.586933455076914

Probability matrix

A:	0.120971238483016	0.104056426329936	0.501489447295177	0.341494802333136	0.240958373085396	0.24803615387956	0.0344658040862913	0.841871743831759	0.00139822995062546	0.00414631085945687	0.0166836276134852	0.194732271038022	0.975032195044078	0.00058541194139698	0.329064569002787	0.188364268384467	0.321180884971707	0.143593579690663	0.18503930060431	0.245904141651574
C:	0.191726492355322	0.198388749566803	0.0759287703496142	0.119947465904349	0.365900337799324	0.273056276406402	0.0693759868639527	0.00834709503565381	0.983285317824451	0.00499424610922923	0.00275355814533078	0.792883006616057	0.00590008689507516	0.627856965001275	0.311658006794363	0.142952054626609	0.101042887849908	0.438871715558573	0.341924834136837	0.189748534708855
G:	0.13798280968289	0.276396001208727	0.106328666840568	0.235074007293306	0.228003429784563	0.0598761760683083	0.0536354967842726	0.140766356850493	0.0029918219457115	0.989414837074863	0.00103907352547052	0.00630047237714264	0.0172133596345179	0.00376707239997665	0.130718267595389	0.322488159969621	0.26367152132306	0.166457711335445	0.0967812819620944	0.154771351370259
T:	0.549319459478771	0.421158822894534	0.316253115514641	0.303483724469209	0.165137859330717	0.419031393645731	0.842522712265483	0.00901480428209448	0.0123246302792115	0.0014446059564507	0.979523740715714	0.00608424996877799	0.00185435842632921	0.367790550657352	0.228559156607461	0.346195517019303	0.314104705855326	0.251076993415319	0.376254583296758	0.409575972269312



5	A..ACGTCA	0.498237898915865

Enrichment score matrix

A:	-0.05	-0.0801630434782609	0.105384615384615	0.0533653846153846	0.0154277699859748	0.0242995997712979	-0.12114887696283	0.314516129032258	-0.1865234375	-0.0754654255319149	-0.0516447368421053	0.142137096774194	0.408787541713014	-0.406508875739645	0.0447368421052632	-0.0240885416666667	0.0355404089581305	-0.0482456140350877	-0.0134751773049645	0.00833333333333333
C:	0	-0.0101010101010101	-0.0995792426367461	-0.0602328705776982	0.060782967032967	0.034733893557423	-0.04519368723099	-0.214144736842105	0.453774526105753	-0.0738539898132428	-0.0638157894736842	0.304049416609471	-0.13618752421542	0.351090909090909	0.038836133430728	-0.0540405719986698	-0.0900205761316872	0.0730550284629981	0.0531914893617021	-0.0198135198135198
G:	-0.0357142857142857	0.0259026687598116	-0.0630182421227197	0.0128205128205128	0.00942760942760943	-0.130015633142262	-0.0731329038415653	0.0424342105263158	-0.216796875	0.459592529711375	-0.319407894736842	-0.244959677419355	-0.0124212087504635	-0.204373278236915	-0.0554993678887484	0.0342902711323764	0.0141187925998053	-0.0322033898305085	-0.083843329253366	-0.0419354838709677
T:	0.114285714285714	0.0716312056737589	0.055327868852459	0.0405532114392874	-0.0255960729312763	0.0812324929971989	0.225899423573842	-0.136184210526316	-0.0400318979266348	-0.30219414893617	0.444220430107527	-0.162634408602151	-0.255681818181818	0.293025871766029	0.00516621743036837	0.0419921875	0.0331215970961887	0.0124223602484472	0.0635792778649922	0.0637254901960784

Energy matrix for enoLOGOS

A:	0.460517018598809	0.738328915688308	-0.970628177662106	-0.491513356389114	-0.142095012751386	-0.223807584796448	1.11582239251033	-2.89680060086348	1.71794434672603	0.695062255464958	0.475665604736928	-1.30913104077484	-3.76507239900028	3.7440851097915	-0.412041542956829	0.22186366781453	-0.327339263463613	0.444358526718149	0.124110969551452	-0.0767528364331349
C:	0	0.0930337411310726	0.917158718668035	0.55476523960179	-0.559831815192234	-0.319910982107856	0.416249242062051	1.97234591518306	-4.17941783756618	0.680220384008428	0.587765142159006	-2.80039861687402	1.25433345244077	-3.23366677423382	-0.357694007628488	0.497732062004034	0.829120146654235	-0.672861678028621	-0.489911721913627	0.182489261449412
G:	0.328940727570578	-0.238572395820419	0.580419459593856	-0.118081286820207	-0.0868314917223344	1.19748823491822	0.673578936771821	-0.390833522363463	1.99677301033077	-4.23300363105934	2.94185542802266	2.25616200644175	0.114403560423138	1.88234745549858	0.511168068684898	-0.315825068576536	-0.130038885485545	0.296604181470419	0.772225600343168	0.38624008011513
T:	-1.05261032822585	-0.659747785510351	-0.509588504187207	-0.373508880532555	0.235748543882981	-0.748178909768374	-2.08061058094831	1.25430293223623	0.368707405640514	2.78331097012179	-4.09142136147598	1.49791825942086	2.35491657238027	-2.69886801676018	-0.0475826209693289	-0.386762339838844	-0.305061182919356	-0.114414166111505	-0.585586789741029	-0.586933455076914

Probability matrix

A:	0.120971238483016	0.104056426329936	0.501489447295177	0.341494802333136	0.240958373085396	0.24803615387956	0.0344658040862913	0.904958051104693	0.00270499106732609	0.00713007466003805	0.0101789307644919	0.180786219977059	0.971374957374562	0.00058541194139698	0.329064569002787	0.188364268384467	0.321180884971707	0.143593579690663	0.18503930060431	0.245904141651574
C:	0.191726492355322	0.198388749566803	0.0759287703496142	0.119947465904349	0.365900337799324	0.273056276406402	0.0693759868639527	0.00695000288169217	0.984821881940276	0.0072366875217526	0.00909950881075938	0.803183177372322	0.00641928472669016	0.627856965001275	0.311658006794363	0.142952054626609	0.101042887849908	0.438871715558573	0.341924834136837	0.189748534708855
G:	0.13798280968289	0.276396001208727	0.106328666840568	0.235074007293306	0.228003429784563	0.0598761760683083	0.0536354967842726	0.0738415448641882	0.00204678433888178	0.984749793496223	0.000864270180078245	0.00511420611894669	0.0200702092793342	0.00376707239997665	0.130718267595389	0.322488159969621	0.26367152132306	0.166457711335445	0.0967812819620944	0.154771351370259
T:	0.549319459478771	0.421158822894534	0.316253115514641	0.303483724469209	0.165137859330717	0.419031393645731	0.842522712265483	0.0142504011494269	0.010426342653516	0.000883444321985805	0.979857290244671	0.0109163965316725	0.00213554861941346	0.367790550657352	0.228559156607461	0.346195517019303	0.314104705855326	0.251076993415319	0.376254583296758	0.409575972269312



