1	TACGTCA	0.499463238374529

Enrichment score matrix

A:	-0.0566666666666667	-0.046195652173913	0.0646153846153846	0.0682692307692308	0.0543478260869565	0.0328759291023442	-0.143609620353806	0.386101446621498	-0.282048780487805	0.0372670807453416	0.0493666169895678	0.14019350937311	0.473110465116279	-0.352465483234714	0.0710526315789474	0.0309244791666667	0.0433300876338851	-0.062280701754386	0.0276595744680851	0.0625
C:	0.0436507936507936	0.0214646464646465	-0.0680224403927069	-0.0499328257948948	0.00721153846153846	0.0274509803921569	-0.0427341668374667	-0.333152958152958	0.481092834184156	-0.238461538461538	-0.232487804878049	0.419093218682822	-0.312992125984252	0.298909090909091	0.0103481860238617	-0.105254406385101	-0.127572016460905	0.0882352941176471	0.00212765957446809	-0.0524475524475524
G:	-0.0158730158730159	-0.0416012558869702	-0.106965174129353	0.0164835164835165	0.00168350168350168	-0.189942678478374	-0.0437842996898115	0.0531953854605384	-0.245443117536141	0.487560843699297	-0.337376644736842	-0.277663934426229	0.0211832061068702	-0.18853305785124	-0.059039190897598	0.0460925039872408	0.0486854917234664	-0.0364406779661017	-0.0813953488372093	-0.089247311827957
T:	0.0476190476190476	0.0617021276595745	0.0969945355191257	0.0466479137365213	0.00946704067321178	0.14453781512605	0.221526535480024	-0.106153846153846	0.0133149678604224	-0.301340532489294	0.4854414823218	-0.315152801358234	-0.172870436649964	0.285714285714286	0.0296495956873315	0.0250651041666667	0.0267695099818512	0.016304347826087	0.0714285714285714	0.120098039215686

Energy matrix for enoLOGOS

A:	0.521919287745317	0.425477680227161	-0.595129685573846	-0.628782852317605	-0.500561976737836	-0.302798497077547	1.32269348414884	-3.55612574149639	2.59776526979348	-0.343242498334516	-0.454683345486902	-1.29122993926818	-4.35750841726489	3.24632706996478	-0.654418921166729	-0.284824978951086	-0.399084855455638	0.573626461763429	-0.254754095395086	-0.575646273248511
C:	-0.402038667030706	-0.197696699903529	0.626509828949292	0.459898321305573	-0.0664207238363667	-0.252832872956209	0.393596222085885	3.06845214051948	-4.43102875335477	2.19631193485586	2.14129181526041	-3.85999119165584	2.88276401406341	-2.7530544675507	-0.0953103155122931	0.969428908457088	1.17498169354429	-0.812677091644957	-0.0195964688765451	0.483059809719031
G:	0.146195878920257	0.383161726620673	0.985185661679045	-0.151818797340267	-0.0155056235218454	1.74943671995066	0.403268303091775	-0.489947606310031	2.26061465446681	-4.4906013225184	3.1073537315816	2.55737934508765	-0.195104538413999	1.73645363417939	0.543771043452955	-0.424527650319157	-0.448409949950155	0.335631047453369	0.749678867486434	0.82199811921938
T:	-0.438587636760771	-0.568297597419807	-0.893352686352881	-0.429643163155945	-0.0871946669156231	-1.33124247393269	-2.04033479319568	0.977713054871318	-0.122635386036414	2.77544887209895	-4.47108128286044	2.90266456969114	1.59219556179832	-2.63152582056462	-0.273082868171801	-0.230858140834038	-0.246556298523863	-0.150168593021351	-0.657881455141156	-1.10614381918341

Probability matrix

A:	0.131781703587739	0.151297919073196	0.351108934288523	0.360131893309933	0.341891734053172	0.205068459765691	0.028639693078922	0.944585315956736	0.000872405468848554	0.0155304106876071	0.0176666640558041	0.0709922431328039	0.981456543900945	0.00130591378721674	0.391174066989956	0.29562323949836	0.320893668030672	0.120033827626348	0.273732919784694	0.303595106244458
C:	0.331989966704986	0.282146163567125	0.103488139805818	0.121242074294177	0.221484556996205	0.195073858686204	0.0725220669722494	0.00125378644676791	0.98465669479151	0.00122537344231899	0.00131745825556664	0.926423868995337	0.000703818552632544	0.526517491550272	0.223641436494646	0.08433794789079	0.0664894485740333	0.480139724067968	0.216371158444988	0.105318473788028
G:	0.19188000481751	0.157837625937697	0.0722968949983402	0.223521203473438	0.210489920135254	0.0263405257548787	0.0718240089445607	0.0440166458392912	0.00122219648729643	0.982557538891632	0.000501396737545601	0.00151279863349493	0.0152813611259632	0.00591077201575279	0.11803281516441	0.33994657585007	0.337118638190198	0.152287322215466	0.10025529901774	0.0750421933864433
T:	0.344348324889765	0.408718291421982	0.473106030907318	0.295104828922453	0.226133788815369	0.573517155793226	0.827014231004268	0.010144251757205	0.013248703252345	0.000686676978441651	0.980514480951084	0.00107108923836373	0.00255827642045903	0.466265822646758	0.267151681350988	0.28009223676078	0.275498245205096	0.247539126090218	0.409640622752578	0.51604422658107



2	ACGTCAT	0.499321411115766

Enrichment score matrix

A:	-0.0566666666666667	-0.046195652173913	0.0646153846153846	0.0682692307692308	0.0543478260869565	0.0328759291023442	-0.143609620353806	0.380755608028335	-0.303887539048941	0.0292307692307692	0.025783619817998	0.10126467931346	0.488772744870306	-0.352465483234714	0.0710526315789474	0.0309244791666667	0.0433300876338851	-0.062280701754386	0.0276595744680851	0.0625
C:	0.0436507936507936	0.0214646464646465	-0.0680224403927069	-0.0499328257948948	0.00721153846153846	0.0274509803921569	-0.0427341668374667	-0.365853658536585	0.493650793650794	-0.216068376068376	-0.202828499820981	0.465986394557823	-0.303850552802135	0.298909090909091	0.0103481860238617	-0.105254406385101	-0.127572016460905	0.0882352941176471	0.00212765957446809	-0.0524475524475524
G:	-0.0158730158730159	-0.0416012558869702	-0.106965174129353	0.0164835164835165	0.00168350168350168	-0.189942678478374	-0.0437842996898115	0.0587209302325581	-0.27613674078991	0.49749373433584	-0.301538461538462	-0.244766660265028	0.0116453794139745	-0.18853305785124	-0.059039190897598	0.0460925039872408	0.0486854917234664	-0.0364406779661017	-0.0813953488372093	-0.089247311827957
T:	0.0476190476190476	0.0617021276595745	0.0969945355191257	0.0466479137365213	0.00946704067321178	0.14453781512605	0.221526535480024	-0.0875160875160875	0.10222369731165	-0.297040169133192	0.491228070175439	-0.310657596371882	-0.191290191290191	0.285714285714286	0.0296495956873315	0.0250651041666667	0.0267695099818512	0.016304347826087	0.0714285714285714	0.120098039215686

Energy matrix for enoLOGOS

A:	0.521919287745317	0.425477680227161	-0.595129685573846	-0.628782852317605	-0.500561976737836	-0.302798497077547	1.32269348414884	-3.50688874847972	2.79890766944295	-0.269225333950073	-0.237475914545392	-0.93268216413598	-4.50176334480059	3.24632706996478	-0.654418921166729	-0.284824978951086	-0.399084855455638	0.573626461763429	-0.254754095395086	-0.575646273248511
C:	-0.402038667030706	-0.197696699903529	0.626509828949292	0.459898321305573	-0.0664207238363667	-0.252832872956209	0.393596222085885	3.3696367214547	-4.54669183441999	1.9900632872099	1.86811952048855	-4.29189330258754	2.79856701352078	-2.7530544675507	-0.0953103155122931	0.969428908457088	1.17498169354429	-0.812677091644957	-0.0195964688765451	0.483059809719031
G:	0.146195878920257	0.383161726620673	0.985185661679045	-0.151818797340267	-0.0155056235218454	1.74943671995066	0.403268303091775	-0.540839754400927	2.54331337188323	-4.58208662615858	2.77727186601128	2.25438425275276	-0.107257908163509	1.73645363417939	0.543771043452955	-0.424527650319157	-0.448409949950155	0.335631047453369	0.749678867486434	0.82199811921938
T:	-0.438587636760771	-0.568297597419807	-0.893352686352881	-0.429643163155945	-0.0871946669156231	-1.33124247393269	-2.04033479319568	0.806052954046822	-0.941515046322159	2.73584106186608	-4.52437772658479	2.86126220172503	1.7618477716031	-2.63152582056462	-0.273082868171801	-0.230858140834038	-0.246556298523863	-0.150168593021351	-0.657881455141156	-1.10614381918341

Probability matrix

A:	0.131781703587739	0.151297919073196	0.351108934288523	0.360131893309933	0.341891734053172	0.205068459765691	0.028639693078922	0.938145951270767	0.000627442888294785	0.0131912633995682	0.0135296785814726	0.0335229743295115	0.985294813507814	0.00130591378721674	0.391174066989956	0.29562323949836	0.320893668030672	0.120033827626348	0.273732919784694	0.303595106244458
C:	0.331989966704986	0.282146163567125	0.103488139805818	0.121242074294177	0.221484556996205	0.195073858686204	0.0725220669722494	0.000967906357347219	0.972137132253922	0.00137749430210687	0.00164755150739395	0.96433827729162	0.000665384999737399	0.526517491550272	0.223641436494646	0.08433794789079	0.0664894485740333	0.480139724067968	0.216371158444988	0.105318473788028
G:	0.19188000481751	0.157837625937697	0.0722968949983402	0.223521203473438	0.210489920135254	0.0263405257548787	0.0718240089445607	0.0483205309221249	0.000810172307015193	0.984777806928307	0.000663741777370649	0.00138425845924448	0.0121634488980304	0.00591077201575279	0.11803281516441	0.33994657585007	0.337118638190198	0.152287322215466	0.10025529901774	0.0750421933864433
T:	0.344348324889765	0.408718291421982	0.473106030907318	0.295104828922453	0.226133788815369	0.573517155793226	0.827014231004268	0.0125656114497613	0.0264252525507681	0.000653435370017974	0.984159028133763	0.000754489919623828	0.00187635259441794	0.466265822646758	0.267151681350988	0.28009223676078	0.275498245205096	0.247539126090218	0.409640622752578	0.51604422658107



3	ACGTCAC	0.499123110313139

Enrichment score matrix

A:	-0.0566666666666667	-0.046195652173913	0.0646153846153846	0.0682692307692308	0.0543478260869565	0.0328759291023442	-0.143609620353806	0.401014274981217	-0.304836895388077	0.0623512177256913	0.029616724738676	-0.00189786059351277	0.494664031620553	-0.352465483234714	0.0710526315789474	0.0309244791666667	0.0433300876338851	-0.062280701754386	0.0276595744680851	0.0625
C:	0.0436507936507936	0.0214646464646465	-0.0680224403927069	-0.0499328257948948	0.00721153846153846	0.0274509803921569	-0.0427341668374667	-0.392102846648301	0.494181818181818	-0.244605654761905	-0.191908396946565	0.468039772727273	-0.288247863247863	0.298909090909091	0.0103481860238617	-0.105254406385101	-0.127572016460905	0.0882352941176471	0.00212765957446809	-0.0524475524475524
G:	-0.0158730158730159	-0.0416012558869702	-0.106965174129353	0.0164835164835165	0.00168350168350168	-0.189942678478374	-0.0437842996898115	0.0512962962962963	-0.263404574428196	0.492424242424242	-0.305958132045089	-0.0882457386363636	-0.0434063662670525	-0.18853305785124	-0.059039190897598	0.0460925039872408	0.0486854917234664	-0.0364406779661017	-0.0813953488372093	-0.089247311827957
T:	0.0476190476190476	0.0617021276595745	0.0969945355191257	0.0466479137365213	0.00946704067321178	0.14453781512605	0.221526535480024	-0.134197483797179	0.0596417682926829	-0.32514880952381	0.495520902455209	-0.318547681539808	-0.192257503262288	0.285714285714286	0.0296495956873315	0.0250651041666667	0.0267695099818512	0.016304347826087	0.0714285714285714	0.120098039215686

Energy matrix for enoLOGOS

A:	0.521919287745317	0.425477680227161	-0.595129685573846	-0.628782852317605	-0.500561976737836	-0.302798497077547	1.32269348414884	-3.69347796659826	2.80765156446068	-0.574275937860811	-0.272780115546333	0.0174799420448133	-4.55602410099929	3.24632706996478	-0.654418921166729	-0.284824978951086	-0.399084855455638	0.573626461763429	-0.254754095395086	-0.575646273248511
C:	-0.402038667030706	-0.197696699903529	0.626509828949292	0.459898321305573	-0.0664207238363667	-0.252832872956209	0.393596222085885	3.61140067845164	-4.55158275109659	2.25290133726724	1.76754165611818	-4.31080561444056	2.65486093200766	-2.7530544675507	-0.0953103155122931	0.969428908457088	1.17498169354429	-0.812677091644957	-0.0195964688765451	0.483059809719031
G:	0.146195878920257	0.383161726620673	0.985185661679045	-0.151818797340267	-0.0155056235218454	1.74943671995066	0.403268303091775	-0.47245634871063	2.42604578601922	-4.53539488013979	2.8179785357093	0.812773289217358	0.399787407630219	1.73645363417939	0.543771043452955	-0.424527650319157	-0.448409949950155	0.335631047453369	0.749678867486434	0.82199811921938
T:	-0.438587636760771	-0.568297597419807	-0.893352686352881	-0.429643163155945	-0.0871946669156231	-1.33124247393269	-2.04033479319568	1.23600450283478	-0.549320986362147	2.99473120725714	-4.56391617304128	2.9339325716855	1.77075704411199	-2.63152582056462	-0.273082868171801	-0.230858140834038	-0.246556298523863	-0.150168593021351	-0.657881455141156	-1.10614381918341

Probability matrix

A:	0.131781703587739	0.151297919073196	0.351108934288523	0.360131893309933	0.341891734053172	0.205068459765691	0.028639693078922	0.954365345542799	0.000624297551224017	0.0186555264290062	0.0134725743594677	0.0129333028175985	0.990522045776019	0.00130591378721674	0.391174066989956	0.29562323949836	0.320893668030672	0.120033827626348	0.273732919784694	0.303595106244458
C:	0.331989966704986	0.282146163567125	0.103488139805818	0.121242074294177	0.221484556996205	0.195073858686204	0.0725220669722494	0.000641573141455138	0.98054264342533	0.00110402782389175	0.00175125788034245	0.980527953809546	0.000731503766229271	0.526517491550272	0.223641436494646	0.08433794789079	0.0664894485740333	0.480139724067968	0.216371158444988	0.105318473788028
G:	0.19188000481751	0.157837625937697	0.0722968949983402	0.223521203473438	0.210489920135254	0.0263405257548787	0.0718240089445607	0.03809278682515	0.000914367782219577	0.979714661706449	0.000612563565773447	0.00583872383362795	0.00697561582743009	0.00591077201575279	0.11803281516441	0.33994657585007	0.337118638190198	0.152287322215466	0.10025529901774	0.0750421933864433
T:	0.344348324889765	0.408718291421982	0.473106030907318	0.295104828922453	0.226133788815369	0.573517155793226	0.827014231004268	0.00690029449059618	0.0179186912412262	0.000525784040652828	0.984163604194416	0.000700019539227337	0.00177083463032192	0.466265822646758	0.267151681350988	0.28009223676078	0.275498245205096	0.247539126090218	0.409640622752578	0.51604422658107



4	T.ACGTCA	0.498533993036467

Enrichment score matrix

A:	-0.0566666666666667	-0.046195652173913	0.0646153846153846	0.0682692307692308	0.0543478260869565	0.0328759291023442	-0.143609620353806	0.356181455633101	-0.326510721247563	0.0376629647513279	0.0327433628318584	0.00581395348837209	0.413368983957219	-0.352465483234714	0.0710526315789474	0.0309244791666667	0.0433300876338851	-0.062280701754386	0.0276595744680851	0.0625
C:	0.0436507936507936	0.0214646464646465	-0.0680224403927069	-0.0499328257948948	0.00721153846153846	0.0274509803921569	-0.0427341668374667	-0.320867959372114	0.478466386554622	-0.154299754299754	-0.147368421052632	0.393830703012913	-0.179783950617284	0.298909090909091	0.0103481860238617	-0.105254406385101	-0.127572016460905	0.0882352941176471	0.00212765957446809	-0.0524475524475524
G:	-0.0158730158730159	-0.0416012558869702	-0.106965174129353	0.0164835164835165	0.00168350168350168	-0.189942678478374	-0.0437842996898115	0.0252643948296122	-0.176252096812844	0.471889640812077	-0.279576020059266	-0.173881673881674	-0.0838477366255144	-0.18853305785124	-0.059039190897598	0.0460925039872408	0.0486854917234664	-0.0364406779661017	-0.0813953488372093	-0.089247311827957
T:	0.0476190476190476	0.0617021276595745	0.0969945355191257	0.0466479137365213	0.00946704067321178	0.14453781512605	0.221526535480024	-0.0312566673778536	0.070959595959596	-0.323756639304684	0.441950464396285	-0.296511627906977	-0.129344587884806	0.285714285714286	0.0296495956873315	0.0250651041666667	0.0267695099818512	0.016304347826087	0.0714285714285714	0.120098039215686

Energy matrix for enoLOGOS

A:	0.521919287745317	0.425477680227161	-0.595129685573846	-0.628782852317605	-0.500561976737836	-0.302798497077547	1.32269348414884	-3.28055244056679	3.00727487778949	-0.346888724777471	-0.30157751660453	-0.0535484905347453	-3.80726904146395	3.24632706996478	-0.654418921166729	-0.284824978951086	-0.399084855455638	0.573626461763429	-0.254754095395086	-0.575646273248511
C:	-0.402038667030706	-0.197696699903529	0.626509828949292	0.459898321305573	-0.0664207238363667	-0.252832872956209	0.393596222085885	2.9553031202786	-4.4068382767176	1.42115325641303	1.35731331797544	-3.62731482368359	1.65587137860374	-2.7530544675507	-0.0953103155122931	0.969428908457088	1.17498169354429	-0.812677091644957	-0.0195964688765451	0.483059809719031
G:	0.146195878920257	0.383161726620673	0.985185661679045	-0.151818797340267	-0.0155056235218454	1.74943671995066	0.403268303091775	-0.232693675672724	1.6233418029208	-4.34626420988881	2.57499030458828	1.60150940089918	0.772266193740802	1.73645363417939	0.543771043452955	-0.424527650319157	-0.448409949950155	0.335631047453369	0.749678867486434	0.82199811921938
T:	-0.438587636760771	-0.568297597419807	-0.893352686352881	-0.429643163155945	-0.0871946669156231	-1.33124247393269	-2.04033479319568	0.287884545443676	-0.653562031445785	2.98190884568326	-4.07051420464273	2.73097301727201	1.19130767969205	-2.63152582056462	-0.273082868171801	-0.230858140834038	-0.246556298523863	-0.150168593021351	-0.657881455141156	-1.10614381918341

Probability matrix

A:	0.131781703587739	0.151297919073196	0.351108934288523	0.360131893309933	0.341891734053172	0.205068459765691	0.028639693078922	0.927972372175742	0.000587157178649106	0.0179306050838068	0.0224312613601343	0.0270977357687557	0.979194634398356	0.00130591378721674	0.391174066989956	0.29562323949836	0.320893668030672	0.120033827626348	0.273732919784694	0.303595106244458
C:	0.331989966704986	0.282146163567125	0.103488139805818	0.121242074294177	0.221484556996205	0.195073858686204	0.0725220669722494	0.00181692661416253	0.974232932559354	0.00306015954306759	0.00426979043582916	0.966050882842687	0.00415199944460744	0.526517491550272	0.223641436494646	0.08433794789079	0.0664894485740333	0.480139724067968	0.216371158444988	0.105318473788028
G:	0.19188000481751	0.157837625937697	0.0722968949983402	0.223521203473438	0.210489920135254	0.0263405257548787	0.0718240089445607	0.0440419767459451	0.00234308947234552	0.978366671167588	0.00126350267017891	0.00517786227046677	0.0100462074684534	0.00591077201575279	0.11803281516441	0.33994657585007	0.337118638190198	0.152287322215466	0.10025529901774	0.0750421933864433
T:	0.344348324889765	0.408718291421982	0.473106030907318	0.295104828922453	0.226133788815369	0.573517155793226	0.827014231004268	0.0261687244641509	0.0228368207896515	0.000642564205537589	0.972035445533858	0.00167351911809062	0.0066071586885836	0.466265822646758	0.267151681350988	0.28009223676078	0.275498245205096	0.247539126090218	0.409640622752578	0.51604422658107



5	A..ACGTCA	0.498118796762865

Enrichment score matrix

A:	-0.0566666666666667	-0.046195652173913	0.0646153846153846	0.0682692307692308	0.0543478260869565	0.0328759291023442	-0.143609620353806	0.322244623655914	-0.261067708333333	0.0116356382978723	0.0177631578947368	0.10114247311828	0.440304041527623	-0.352465483234714	0.0710526315789474	0.0309244791666667	0.0433300876338851	-0.062280701754386	0.0276595744680851	0.0625
C:	0.0436507936507936	0.0214646464646465	-0.0680224403927069	-0.0499328257948948	0.00721153846153846	0.0274509803921569	-0.0427341668374667	-0.276644736842105	0.46242101762554	-0.189983022071307	-0.207565789473684	0.36238846945779	-0.234986439364587	0.298909090909091	0.0103481860238617	-0.105254406385101	-0.127572016460905	0.0882352941176471	0.00212765957446809	-0.0524475524475524
G:	-0.0158730158730159	-0.0416012558869702	-0.106965174129353	0.0164835164835165	0.00168350168350168	-0.189942678478374	-0.0437842996898115	0.0101973684210526	-0.232096354166667	0.468421052631579	-0.248684210526316	-0.166666666666667	-0.0446792732665925	-0.18853305785124	-0.059039190897598	0.0460925039872408	0.0486854917234664	-0.0364406779661017	-0.0813953488372093	-0.089247311827957
T:	0.0476190476190476	0.0617021276595745	0.0969945355191257	0.0466479137365213	0.00946704067321178	0.14453781512605	0.221526535480024	-0.0490131578947368	0.0397129186602871	-0.284242021276596	0.447916666666667	-0.259744623655914	-0.159469696969697	0.285714285714286	0.0296495956873315	0.0250651041666667	0.0267695099818512	0.016304347826087	0.0714285714285714	0.120098039215686

Energy matrix for enoLOGOS

A:	0.521919287745317	0.425477680227161	-0.595129685573846	-0.628782852317605	-0.500561976737836	-0.302798497077547	1.32269348414884	-2.96798266691034	2.4045224538818	-0.107168189168606	-0.163604730291682	-0.931556603482806	-4.05535008962615	3.24632706996478	-0.654418921166729	-0.284824978951086	-0.399084855455638	0.573626461763429	-0.254754095395086	-0.575646273248511
C:	-0.402038667030706	-0.197696699903529	0.626509828949292	0.459898321305573	-0.0664207238363667	-0.252832872956209	0.393596222085885	2.54799218843157	-4.25905496748682	1.7498082981734	1.91175157063058	-3.33772115058574	2.16430508934659	-2.7530544675507	-0.0953103155122931	0.969428908457088	1.17498169354429	-0.812677091644957	-0.0195964688765451	0.483059809719031
G:	0.146195878920257	0.383161726620673	0.985185661679045	-0.151818797340267	-0.0155056235218454	1.74943671995066	0.403268303091775	-0.0939212340563361	2.13768642096973	-4.31431733213621	2.29046622408355	1.5350567286627	0.411511314357853	1.73645363417939	0.543771043452955	-0.424527650319157	-0.448409949950155	0.335631047453369	0.749678867486434	0.82199811921938
T:	-0.438587636760771	-0.568297597419807	-0.893352686352881	-0.429643163155945	-0.0871946669156231	-1.33124247393269	-2.04033479319568	0.451427866915938	-0.365769498025848	2.61796576397594	-4.125464958281	2.39233639366182	1.46877018810681	-2.63152582056462	-0.273082868171801	-0.230858140834038	-0.246556298523863	-0.150168593021351	-0.657881455141156	-1.10614381918341

Probability matrix

A:	0.131781703587739	0.151297919073196	0.351108934288523	0.360131893309933	0.341891734053172	0.205068459765691	0.028639693078922	0.914726587204796	0.00124747788418475	0.0146227753478083	0.0185989576127803	0.081885171428271	0.982837100249928	0.00130591378721674	0.391174066989956	0.29562323949836	0.320893668030672	0.120033827626348	0.273732919784694	0.303595106244458
C:	0.331989966704986	0.282146163567125	0.103488139805818	0.121242074294177	0.221484556996205	0.195073858686204	0.0725220669722494	0.00367903449946846	0.977209676637055	0.00228325893813191	0.00233438678060204	0.908216207757792	0.00195577827823877	0.526517491550272	0.223641436494646	0.08433794789079	0.0664894485740333	0.480139724067968	0.216371158444988	0.105318473788028
G:	0.19188000481751	0.157837625937697	0.0722968949983402	0.223521203473438	0.210489920135254	0.0263405257548787	0.0718240089445607	0.0516538005677245	0.00162898945009282	0.982135626697935	0.00159845027612534	0.00694974233840626	0.0112862140516922	0.00591077201575279	0.11803281516441	0.33994657585007	0.337118638190198	0.152287322215466	0.10025529901774	0.0750421933864433
T:	0.344348324889765	0.408718291421982	0.473106030907318	0.295104828922453	0.226133788815369	0.573517155793226	0.827014231004268	0.0299405777280111	0.0199138560286677	0.000958339016124482	0.977468205330492	0.00294887847553097	0.00392090742014046	0.466265822646758	0.267151681350988	0.28009223676078	0.275498245205096	0.247539126090218	0.409640622752578	0.51604422658107



