1	CCCACGC	0.495431429315442

Enrichment score matrix

A:	-0.0246753246753247	0.0208333333333333	0.0277777777777778	0.0120593692022263	-0.098090849242923	0.0142006413192854	0.0444120859119039	-0.143303261623872	-0.204102854982038	0.369115776081425	-0.203860294117647	-0.00577200577200577	-0.198542172856647	0.186315789473684	-0.0828386400431732	0.0209407216494845	-0.117909048288795	0.062316715542522	-0.0423280423280423	-0.0928853754940712
C:	-0.2	-0.101481481481481	-0.0607344632768362	-0.053	0.069909793814433	-0.0220422852001799	0.296259842519685	0.434219160104987	0.374146174863388	0.0644781144781145	0.474772135416667	-0.0515669515669516	0.332687338501292	-0.064722911497105	0.135254413291796	0.0554123711340206	0.0175484546883185	-0.0118055555555556	0.100547195622435	0.113636363636364
G:	0.180519480519481	0.0145502645502645	0.116666666666667	0.0911111111111111	-0.0123839009287926	0.0673940949935815	-0.186398872445384	-0.0488019732205779	-0.317798937923457	-0.134848484848485	-0.166327396098388	0.310515873015873	-0.115319865319865	0.0291902071563089	-0.0639097744360902	-0.11191573403555	0.0414908579465541	0.015625	0.030278232405892	0.0833333333333333
T:	0.0267857142857143	0.0674074074074074	-0.102611940298507	-0.0684556407447974	0.0389819587628866	-0.0616710875331565	-0.17477096546864	-0.285925925925926	0.124401913875598	-0.300497512437811	-0.145661157024793	-0.271231696813092	-0.0414275466284075	-0.145341863254698	0.0108465608465608	0.0318885448916409	0.0579937304075235	-0.0740740740740741	-0.104166666666667	-0.0873015873015873

Energy matrix for enoLOGOS

A:	0.227268139048763	-0.191882091082837	-0.25584278811045	-0.111070895023832	0.903450108903523	-0.130792740050967	-0.409050427878083	1.31987181597022	1.87985676527667	-3.39968193437607	1.8776226971547	0.0531621377891843	1.82864099020145	-1.71603183772609	0.762972070749241	-0.192871174026563	1.08598246767558	-0.573958161010246	0.389855677120685	0.855505923879211
C:	1.84206807439524	0.934678985896842	0.559385079088949	0.488148039714738	-0.643892996365603	0.20301694926983	-2.72865398815436	-3.99930626060055	-3.44601361936472	-0.59386538088668	-4.37281296631747	0.474949175876835	-3.06416362504376	0.596120044753628	-1.24573918322939	-0.510366798962598	-0.161627240681615	0.108733184946941	-0.9260738951303	-1.04662958772457
G:	-1.66264585935674	-0.134012889010235	-1.07453971006389	-0.839164345002275	0.114059942687012	-0.620722553952182	1.71679706017456	0.449482784185589	2.92703638812757	1.24200044409982	1.53193193125066	-2.85995688137753	1.06213521124641	-0.2688517434381	0.588630775652613	1.03078200344697	-0.382144924013077	-0.143911568312128	-0.278872826320064	-0.767528364331349
T:	-0.246705545677933	-0.620845165814691	0.945090896378153	0.630499751641305	-0.359037108572525	0.568011707290308	1.60970007910507	2.63347509895023	-1.14578396971953	2.76768437048439	1.34158883517422	2.49813624731723	0.381561805223547	1.33864803087299	-0.0999005172621755	-0.293704352419055	-0.534141996493917	0.682247434961199	0.959410455414186	0.804077334061413

Probability matrix

A:	0.106110989062193	0.262909945284727	0.249314713351215	0.244096899755876	0.0874491040016698	0.260039401052999	0.0875365911203562	0.00481063761373148	0.00439472829130332	0.932665645393977	0.0019143858574541	0.0496111841578591	0.00710581076018167	0.723893655383389	0.0832353524399279	0.264975841859565	0.0720625799868424	0.409757724699247	0.138012006740036	0.0723515307461594
C:	0.0211087084397394	0.085221221647974	0.110331353257987	0.134067893810749	0.410920621515945	0.186237636290776	0.890390784849768	0.982408993458894	0.903499983381132	0.0563865253690895	0.992108556844821	0.0325386709467078	0.947396296629451	0.0717001338412399	0.620411781128689	0.363992871616047	0.250922622911123	0.207032280119565	0.514538436495438	0.484768822165207
G:	0.702327353843116	0.248127408476902	0.565331864437998	0.505555955942871	0.19256757320986	0.42443674156179	0.0104458983830055	0.0114870310836465	0.00154222485387813	0.00899226167034735	0.00270496138297685	0.913547447248093	0.0152933584391304	0.170283450166505	0.0990885070953853	0.0779435994811063	0.312830746939295	0.266538707503141	0.269365499127527	0.366709836309831
T:	0.170452948654952	0.403741424590397	0.0750220689528003	0.116279250490503	0.309062701272525	0.129286221094435	0.0116267256468701	0.00129333784372818	0.0905630634736863	0.00195556756658629	0.00327209591474803	0.00430269764733982	0.0302045341712369	0.0341227606088666	0.197264359335998	0.293087687043281	0.364184050162739	0.116671287678047	0.0780840576369988	0.0761698107788028



2	GGG.C.CCC	0.493421029386304

Enrichment score matrix

A:	0.238292011019284	0.00232558139534884	0.0625	-0.156370656370656	-0.133928571428571	-0.0594202898550725	-0.0531524926686217	-0.0659928656361474	-0.083030303030303	-0.106971153846154	-0.151751647589317	-0.0172413793103448	-0.0783132530120482	0.0963636363636364	-0.205	0.00645624103299857	-0.0068870523415978
C:	-0.160049627791563	0.0324675324675325	-0.0895691609977324	-0.126180836707152	-0.117647058823529	-0.0939171122994652	-0.0476190476190476	-0.0120192307692308	0.0973715651135006	0.0602484472049689	0.336578846888125	0.354639585822382	0.373737373737374	0.0565789473684211	0.159420289855072	-0.0342261904761905	-0.0264705882352941
G:	-0.0264705882352941	-0.0342261904761905	0.159420289855072	0.0565789473684211	0.301697530864198	0.326510721247563	0.264090177133655	0.0602484472049689	0.0973715651135006	-0.0120192307692308	-0.107952780366573	-0.0888888888888889	-0.217569786535304	-0.126180836707152	-0.0895691609977324	0.0324675324675325	-0.160049627791563
T:	-0.0068870523415978	0.00645624103299857	-0.205	0.0963636363636364	-0.0257554945054945	-0.127430555555556	-0.0777126099706745	-0.106971153846154	-0.083030303030303	-0.0659928656361474	-0.0407925407925408	-0.192116477272727	-0.0337941628264209	-0.156370656370656	0.0625	0.00232558139534884	0.238292011019284

Energy matrix for enoLOGOS

A:	-2.1947505294103	-0.0214193962138981	-0.575646273248511	1.44022696936307	1.23352772838967	0.547281094566701	0.489552549096975	0.607816754631008	0.764737352097416	0.985240736906106	1.39768432630579	0.158798971930624	0.721291715877653	-0.887541890390432	1.88811977625512	-0.0594641774374359	0.0634320962257313
C:	1.4741115483684	-0.299037025064162	0.82496245962145	1.16216845449362	1.08356945552661	0.865008571031186	0.438587636760771	0.110701206393945	-0.896825257247382	-0.554908705640801	-3.10000574184689	-3.26635129480079	-3.44224842184969	-0.521111363151284	-1.46831513176432	0.315234863921804	0.243803127493487
G:	0.243803127493487	0.315234863921804	-1.46831513176432	-0.521111363151284	-2.77873694864405	-3.00727487778949	-2.43236042029645	-0.554908705640801	-0.896825257247382	0.110701206393945	0.994281851277329	0.818696921953439	2.00389178864835	1.16216845449362	0.82496245962145	-0.299037025064162	1.4741115483684
T:	0.0634320962257313	-0.0594641774374359	1.88811977625512	-0.887541890390432	0.237216870844167	1.17367879045669	0.715759589024542	0.985240736906106	0.764737352097416	0.607816754631008	0.375713185337024	1.76945814674684	0.311255742217321	1.44022696936307	-0.575646273248511	-0.0214193962138981	-2.1947505294103

Probability matrix

A:	0.821468058999557	0.245524406983501	0.265027169741037	0.0508015630117291	0.0166273264463052	0.0268567387683702	0.0466708966791774	0.153180714292214	0.0797761733686413	0.105024576144175	0.0105169044236833	0.0308224143536861	0.0149069210597136	0.52097183553186	0.0225574705323714	0.255045290952196	0.0858765182170966
C:	0.0209519344291866	0.324087645039139	0.0653151238534795	0.0670866882075889	0.0193173911540954	0.0195463641340695	0.0491111298005106	0.251824876598091	0.420223826631359	0.48996983296552	0.944517274038108	0.947088394839484	0.958496339493512	0.361139913248822	0.647100235873112	0.175342657025163	0.0717034883541595
G:	0.0717034883541595	0.175342657025163	0.647100235873112	0.361139913248822	0.91902395684983	0.939241599108498	0.866995461762338	0.48996983296552	0.420223826631359	0.251824876598091	0.0157428513977979	0.0159322317918918	0.00413391761733627	0.0670866882075889	0.0653151238534795	0.324087645039139	0.0209519344291866
T:	0.0858765182170966	0.255045290952196	0.0225574705323714	0.52097183553186	0.0450313255497692	0.0143552979890618	0.0372225117579735	0.105024576144175	0.0797761733686413	0.153180714292214	0.0292229701404111	0.00615695901493813	0.0224628218294379	0.0508015630117291	0.265027169741037	0.245524406983501	0.821468058999557



3	CGCCCAC	0.492457728358758

Enrichment score matrix

A:	0	-0.00897435897435897	0.0264214046822742	-0.0384615384615385	-0.091164095371669	-0.0189189189189189	-0.0663157894736842	0.0401777273586689	-0.0573770491803279	-0.0929090909090909	-0.162403100775194	0.201268292682927	-0.188775510204082	0.00603573153066152	-0.0714285714285714	-0.0654054054054054	-0.0554484088717454	-0.260162601626016	-0.133522727272727
C:	-0.0849673202614379	0.0662525879917184	0.0522058823529412	-0.0148148148148148	0.0276998597475456	0.0631551362683438	0.202319072371052	0.0439127801332526	0.392210857592447	0.416730182926829	0.296493902439024	0.0946428571428571	0.428802008608321	0.0113022113022113	0.22081043956044	0.0457746478873239	0.0336206896551724	0.0501672240802676	0.0564516129032258
G:	0.0886699507389163	-0.0435294117647059	0.0247933884297521	0.103978300180832	0.127747252747253	0.00202429149797571	0.00219912035185926	0.150926829268293	-0.137247426610751	-0.0599852344038391	-0.346942800788955	-0.115871833084948	-0.244797178130511	0.11301044634378	-0.247252747252747	-0.0233333333333333	0.021551724137931	0.120567375886525	0.101307189542484
T:	-0.0246305418719212	-0.0269541778975741	-0.0979933110367893	-0.0574534161490683	-0.0700660308143801	-0.0510026155187445	-0.137209302325581	-0.227547740593685	-0.201616245337754	-0.255075673680325	0.177040816326531	-0.172975609756098	0.0304713804713805	-0.145401382243488	0.0936185133239832	0.0425029515938607	-0.00543024227234754	0.136627906976744	-0.0142045454545455

Energy matrix for enoLOGOS

A:	0	0.0826569007741452	-0.243350130229471	0.354243860460622	0.83965234807637	0.174249682713063	0.610790993088947	-0.370050544345801	0.528462152490437	0.855724350923605	1.49578783560388	-1.85374948169628	1.73868670287306	-0.0555911417912614	0.657881455141156	0.602406045950875	0.510698718793279	2.39618611303445	1.22978976557637
C:	0.782577940102552	-0.610208885928029	-0.480833945889933	0.13644948699224	-0.255125136530897	-0.581680301269984	-1.86342752027987	-0.40445165170701	-3.61239549601112	-3.838226828032	-2.73080975967891	-0.871692928062032	-3.9494124514697	-0.104097213049362	-2.03373930603732	-0.421600087449614	-0.309657995264716	-0.462057209296464	-0.519938569385752
G:	-0.81668042707178	0.400920698544846	-0.228355546412633	-0.957675535964974	-1.17659567938707	-0.0186444137084538	-0.0202546469595638	-1.39008746882411	1.26409551426284	0.552484426152134	3.195461284873	1.06721902223718	2.2546653326813	-1.04086467641516	2.277281960104	0.214907942012778	-0.19849871491328	-1.11046656967089	-0.933073697814581
T:	0.226855674186606	0.248257152883455	0.90255174882576	0.529165518265712	0.645331992313812	0.469751448788672	1.26374437661999	2.09579214174198	1.85695424408057	2.34933377520692	-1.63060617809987	1.59316424190378	-0.280651785745402	1.33919622101833	-0.862258372832272	-0.391466650993085	0.0500143796306142	-1.25838952756651	0.130828698465571

Probability matrix

A:	0.221374268223686	0.218615882543783	0.280025072571935	0.147142168148037	0.0786590380550644	0.196598703222389	0.065477136946391	0.204363818594608	0.015479687930983	0.00893951203312206	0.0108156967405535	0.684807075664837	0.00328448253695115	0.200959301565559	0.0487176212860454	0.125639283915019	0.145162577549107	0.0110596850190628	0.0542002811136902
C:	0.101218024671808	0.437108748063378	0.355087046107152	0.182946474893263	0.235073921060661	0.418674846360293	0.777372420206657	0.211516484696324	0.97300221336025	0.976946786392743	0.740700289710454	0.256487672645522	0.970011833466631	0.210947329489408	0.718856359220737	0.349820829801086	0.32970919967319	0.192780037857112	0.31181636162605
G:	0.500964488619315	0.159023570133631	0.275857536469725	0.546382153685779	0.590736796397895	0.238425932870025	0.123069183841637	0.566761598660313	0.00741789516675599	0.0121062388848844	0.00197649491613877	0.0368984171069287	0.00196056066659555	0.5382784236679	0.00964693543169121	0.185103120722429	0.295022543628892	0.368691112175083	0.471325792359216
T:	0.176443218485191	0.185251799259208	0.0890303448511882	0.123529203272922	0.0955302444863797	0.146300517547293	0.0340812590053152	0.0173580980487551	0.00410020354201132	0.0020074626892505	0.246507518632854	0.0218068345827125	0.0247431233298224	0.0498149452771331	0.222779084061526	0.339436765561466	0.23010567914881	0.427469164948742	0.162657564901044



4	GG..CCCAC	0.492292145153881

Enrichment score matrix

A:	-0.0340501792114695	-0.0444305381727159	0	-0.0929432013769363	-0.0782682512733446	0.0568842921784098	-0.0596491228070175	0.0109814687714482	-0.0539473684210526	-0.187177835051546	-0.123271889400922	0.242045454545455	-0.160049627791563	-0.0517075517075517	-0.048	0.0574866310160428	0.111428571428571
C:	-0.0277777777777778	0.0072463768115942	-0.00230769230769231	-0.0643397813288478	0.0262300423590746	-0.101921757035003	0.193548387096774	-0.085972850678733	0.298281786941581	0.371043771043771	0.375091575091575	0.164285714285714	0.382246376811594	-0.0424063116370809	0.248511904761905	-0.112299465240642	0.0879120879120879
G:	0.0253333333333333	0.0523809523809524	0.141393442622951	0.203098106712565	0.209375	0.173333333333333	-0.0675403225806452	0.168070175438596	-0.165699548678272	-0.0439628482972136	-0.263440860215054	-0.145075757575758	-0.168709567585972	0.20990990990991	-0.149253731343284	-0.108843537414966	-0.0297805642633229
T:	0.0119047619047619	-0.0128571428571429	-0.147186147186147	-0.046606334841629	-0.150598404255319	-0.110501029512697	-0.051747311827957	-0.0665751544269046	-0.0724225173940544	-0.119633838383838	0.0237603305785124	-0.228561046511628	-0.0522864232541652	-0.156339644291452	-0.0610119047619048	0.152173913043478	-0.14

Energy matrix for enoLOGOS

A:	0.313613740264422	0.409220379480794	0	0.856038519942709	0.720877234546863	-0.523923692782097	0.549388723942439	-0.101143065169265	0.496873625330294	1.72397157091436	1.13537605967909	-2.22932102185333	1.4741115483684	0.47624415102811	0.442096337854857	-0.529471438495957	-1.0262950700202
C:	0.25584278811045	-0.0667415968983781	0.0212546316276373	0.592591285497206	-0.24158761809843	0.93873407360224	-1.78264652360829	0.791839217500215	-2.74727678449324	-3.41743942421473	-3.45472107725407	-1.51312734682466	-3.52061923638945	0.390576564097609	-2.28887922934527	1.03431629845722	-0.809700252481423
G:	-0.23332862275673	-0.482446400436848	-1.30228173292286	-1.87060269172666	-1.92841501538251	-1.59645899780921	0.622069359800811	-1.54798352216723	1.52614924280972	0.404912796538891	2.42637999046684	1.33619710699503	1.55387254147572	-1.93334171772113	1.37467766745913	1.00248602688176	0.274289133334714
T:	-0.109646909190193	0.118418661925408	1.3556345136242	0.429260207381695	1.38706256266796	1.01775209326573	0.476610355270273	0.613179832588668	0.667036035794607	1.10186837152114	-0.218840731978773	2.10512503414717	0.481575755004072	1.43994133755795	0.561940409599737	-1.40157353486594	1.28944765207667

Probability matrix

A:	0.188169200609969	0.156586341849784	0.169077946062909	0.0523144021158647	0.0547170746475207	0.22891559918335	0.0751638333147132	0.162638051108708	0.0359186231002629	0.00563191306601582	0.009647600320571	0.653594777500042	0.00656794608131487	0.0735279240442961	0.0567264915848935	0.261959258451573	0.459490900839628
C:	0.199360055396024	0.252035396345605	0.165522178727016	0.0680824140511367	0.143257063623477	0.0530214000569191	0.77410337403307	0.0665893665724827	0.920950528772519	0.962813933968838	0.950327203391588	0.319351979374668	0.969646864090655	0.0801045647001743	0.870629830244565	0.0548389798719075	0.370007887046595
G:	0.3251491253543	0.381944130576522	0.621814340862826	0.799441149069749	0.773919653555614	0.669069993102628	0.0698946801277806	0.691157441294367	0.0128324907268477	0.021062789596156	0.00265303769154552	0.018485181743859	0.00606442765665859	0.81831808811077	0.0223239478245799	0.0566125971084164	0.125152743075184
T:	0.287321618639707	0.209434131228089	0.0435855343472494	0.08016203476325	0.0281062081733888	0.0489930076571027	0.0808381125244366	0.0796151410244419	0.0302983574003707	0.0104913633689898	0.037372158596295	0.00856806138143108	0.0177207621713711	0.0280494231447596	0.0503197303459612	0.626589164568103	0.0453484690385939



5	G..GCCCAC	0.491750114836932

Enrichment score matrix

A:	-0.13	0.0753086419753086	-0.00869565217391304	-0.0813953488372093	-0.106942496493689	-0.0351066379103762	-0.0663157894736842	0.0109814687714482	-0.0427769985974755	-0.14859693877551	-0.10383064516129	0.25859649122807	-0.0677631578947368	-0.00777799116573843	-0.102252252252252	-0.0239276852180078	-0.0555555555555556	0.0483870967741935	0.003125	0.259398496240602
C:	-0.112903225806452	-0.0494736842105263	-0.00135685210312076	-0.070993031358885	-0.05890603085554	0.116582794152888	0.202319072371052	-0.085972850678733	0.343010752688172	0.402333333333333	0.31859649122807	0.153054221002059	0.431958762886598	-0.00124831956980987	0.104314841156946	0.0568947181850408	0.101322626358054	0.000819672131147541	0.164663461538462	-0.0506912442396313
G:	0.209401709401709	0.101020408163265	0.119894598155468	0.09625	0.156989247311828	-0.00218790218790219	0.00219912035185926	0.168070175438596	-0.167239010989011	-0.0189003436426117	-0.276252573781743	-0.142809139784946	-0.287878787878788	0.200146627565982	-0.058695652173913	-0.075083426028921	-0.0173427395649618	-0.010655737704918	-0.02479815455594	-0.0252525252525253
T:	-0.01171875	-0.139506172839506	-0.107692307692308	0.0435540069686411	0.0122720897615708	-0.0888978278358809	-0.137209302325581	-0.0665751544269046	-0.0902356902356902	-0.204661654135338	0.0692204301075269	-0.214285714285714	-0.0519736842105263	-0.197467876039305	0.05985095482068	0.0388160226869904	-0.0376623376623377	-0.0346687211093991	-0.149056603773585	-0.0934343434343434

Energy matrix for enoLOGOS

A:	1.1973442483569	-0.693618225543886	0.0800899162780538	0.749678867486434	0.984976792935742	0.323344084470288	0.610790993088947	-0.101143065169265	0.393990717174297	1.36862838435615	0.956315582977366	-2.38176170320928	0.624121748890491	0.0716379460466748	0.941778047044411	0.220382125171355	0.511685576220899	-0.445661630902073	-0.0287823136624256	-2.38914844235472
C:	1.0398771387715	0.455669471034611	0.0124970697041739	0.65386998285371	0.542544594141655	-1.07376721566413	-1.86342752027987	0.791839217500215	-3.15924578350581	-3.70562694299175	-2.93438212552785	-1.40968147079663	-3.97848723284332	0.0114974481309478	-0.960775192904106	-0.524019719851888	-0.933215876140242	-0.00754945932129195	-1.51660652759704	0.466883613325982
G:	-1.92866101806339	-0.930432343699635	-1.10427005777317	-0.886495260802708	-1.44592440248228	0.0201513238511705	-0.0202546469595638	-1.54798352216723	1.54032821468146	0.17407859809577	2.54438023316432	1.31532078564848	2.65146162223557	-1.84341856418585	0.540606934876863	0.691543910020459	0.159732534375836	0.0981429711767954	0.22839944405708	0.232584352827681
T:	0.107933676234096	1.28489933584359	0.991882809289743	-0.401147228744607	-0.113030123779511	0.818779252697802	1.26374437661999	0.613179832588668	0.831101420770915	1.88500349567813	-0.63754372198491	1.97364436542347	0.478695321964552	1.8187463508532	-0.551247665486232	-0.357508780833531	0.346882949074428	0.319310721678681	1.37286205544551	0.860562105462421

Probability matrix

A:	0.0358091158207489	0.367330775570477	0.174206105143665	0.0961831094317891	0.0590883983444605	0.142714758696127	0.065477136946391	0.162638051108708	0.027107711410935	0.00606973421489584	0.0181580294494946	0.706250467825913	0.00980080594235901	0.110820696404717	0.0732756356780564	0.181431110666934	0.127511396640347	0.37159035164635	0.155114000679199	0.855462213659274
C:	0.0419160832800768	0.11639330790101	0.186388267398072	0.105854197213099	0.0919704011292073	0.577067499908365	0.777372420206657	0.0665893665724827	0.94676862769316	0.970265887526336	0.888745186705532	0.267171216306517	0.977573619456074	0.117689999594256	0.491165629439724	0.381945478173142	0.540831190809741	0.239769937696958	0.686759768258924	0.0491860412078163
G:	0.815831435333308	0.465483595790846	0.569409059089693	0.49394683646914	0.671783284395146	0.193260825574234	0.123069183841637	0.691157441294367	0.00861479215555149	0.0200426921035795	0.00371006058475303	0.0175120191894934	0.00129062261337713	0.752175788367379	0.109442497459203	0.113263191775948	0.181301027992513	0.215721330932115	0.119938435917436	0.062172272987458
T:	0.106443365565866	0.0507923207376667	0.0699965683685696	0.304015856885973	0.177157916131186	0.0869569158212738	0.0340812590053152	0.0796151410244419	0.0175088687403535	0.00362168615518861	0.0893867232602204	0.00906629667807612	0.0113349519881901	0.0193135156336482	0.326116237423016	0.323360219383976	0.1503563845574	0.172918379724576	0.0381877951444407	0.0331794721454516



