1	CCCACGC	0.496162862086287

Enrichment score matrix

A:	-0.0974025974025974	-0.101063829787234	0.0830645161290323	-0.0271765271765272	-0.0776521449950116	-0.0546315546315546	0.076379974326059	-0.128846153846154	-0.217905086027604	0.389719019002761	-0.191666666666667	0.00468975468975469	-0.259923063472635	0.210526315789474	-0.0765250544662309	-0.053479381443299	-0.0686826066572902	-0.0183284457478006	-0.0330687830687831	-0.0138339920948617
C:	-0.216666666666667	-0.0772727272727273	-0.0833333333333333	0.0453164556962025	0.0337545726637845	-0.0111161524500907	0.330122298542469	0.454096163511476	0.394135962636222	0.101594301221167	0.495678191489362	-0.081386514719848	0.351888504040904	-0.101417552637065	0.0837116154873164	0.0579896907216495	0.00759559979046621	0.0423611111111111	0.00889192886456908	0.0189393939393939
G:	0.237662337662338	0.0672268907563025	0.0187914517317612	0.0130630630630631	-0.00187734668335419	0.090546082451975	-0.232114326291497	-0.110864548198118	-0.347763347763348	-0.154002713704206	-0.164615384615385	0.326269056793433	-0.112213740458015	-0.000770416024653313	-0.0182186234817814	-0.0727452271231073	0.0785278949835912	-0.0140625	0.085924713584288	0.116666666666667
T:	0.0535714285714286	0.0909090909090909	-0.0124378109452736	-0.0343680709534368	0.044921875	-0.0303992740471869	-0.191638558494585	-0.251679104477612	0.159888357256778	-0.338262322472849	-0.173317140874393	-0.262398097826087	0.0026196928635953	-0.101088490223745	0.0105473965287049	0.0640866873065015	-0.01589789520824	-0.0151515151515152	-0.0590277777777778	-0.082010582010582

Energy matrix for enoLOGOS

A:	0.897111075192485	0.930832271635891	-0.765052466381893	0.250305065424076	0.715202686018104	0.50317521320683	-0.703485561145806	1.18671693254309	2.00698001109899	-3.58944481444808	1.7653152379621	-0.0431942369537123	2.39397988510974	-1.9390190256792	0.704821798618003	0.49256330597553	0.6325901849482	0.168811223826543	0.304574747750535	0.127415775896904
C:	1.99557374726151	0.711708119652705	0.767528364331349	-0.417379981413604	-0.310891103344058	0.102383547692113	-3.04053873395528	-4.18238022754925	-3.63012636871609	-0.935718094100023	-4.56536485858261	0.74959750225865	-3.24101289520224	0.934090179480178	-0.771012471726177	-0.534104789612021	-0.0699580593995048	-0.390160251868436	-0.081897691406081	-0.174438264620761
G:	-2.18895102346966	-0.619182546015206	-0.173075666533082	-0.120315257111401	0.0172910019498927	-0.833960238731709	2.13785195035662	1.02110022409003	3.20301880179836	1.41841741142374	1.51616372277146	-3.00504906591114	1.03352674403092	0.00709579381508181	0.167799723376084	0.670008302240532	-0.723268641493676	0.129520411480915	-0.791395858475859	-1.07453971006389
T:	-0.493411091355867	-0.837303670179653	0.114556472288261	0.316541631409381	-0.413745758897368	0.279987661035574	1.76505635213	2.31805021675296	-1.47262619185106	3.11551112499011	1.5963098597509	2.41677579393737	-0.0241282629437497	0.93105940264988	-0.0971451120675726	-0.590260203405285	0.1464250260659	0.139550611696609	0.543665924734705	0.755345374421327

Probability matrix

A:	0.0367093249832138	0.078024751768227	0.457842908283607	0.187467393284678	0.112459369939768	0.132429624407174	0.0870038386877013	0.00460465169631402	0.00318067390771677	0.927387065576455	0.00176989450332167	0.0479114983406483	0.00337633138014493	0.796149629996981	0.107347842594249	0.131888517992791	0.117301348696348	0.207527494024713	0.159969072584422	0.160961256478196
C:	0.0122382725728215	0.0971397106959877	0.0988837877541399	0.365508660790976	0.313778018886662	0.197718249167419	0.900549752848363	0.988475829838291	0.892654381192148	0.0652772970645987	0.993863664412766	0.0216837641631626	0.945564884096408	0.0450006952838246	0.469612880844541	0.368199569895516	0.236818611972635	0.362939193027488	0.235439254935694	0.217678180001541
G:	0.80359298881618	0.367616738636259	0.253293610184728	0.271571444026102	0.225992922947224	0.504307811984975	0.00507646284658672	0.00543404471285334	0.000961802937769622	0.00619974894825594	0.00227066208724663	0.926311298309798	0.0131608020570093	0.11371238548242	0.183661888079768	0.110444375913473	0.45514000725571	0.215843723726104	0.478641128321868	0.535456245603738
T:	0.147459413627785	0.457218798899527	0.189979693777525	0.175452501898244	0.347769688226346	0.165544314440431	0.00736994561734865	0.00148547375254132	0.103203141962365	0.00113588841069045	0.00209577899666578	0.00409343918639078	0.0378979824664374	0.0451372892367738	0.239377388481441	0.38946753619822	0.190740032075307	0.213689589221695	0.125950544158015	0.0859043179165242



2	CGCCCAC	0.495072198028879

Enrichment score matrix

A:	-0.0135135135135135	0.0512820512820513	0.0618729096989967	-0.0118674429019257	-0.0576036866359447	0.0473544973544974	-0.0732631578947368	0.0697674418604651	-0.0609988562714449	-0.172727272727273	-0.180657969370391	0.311512195121951	-0.210140306122449	-0.0292397660818713	-0.0759878419452888	-0.102191780821918	-0.0274509803921569	-0.146341463414634	-0.136363636363636
C:	-0.0392156862745098	0.0269151138716356	-0.0588235294117647	-0.00539146741678387	0.0235732009925558	0.0457671957671958	0.251499400239904	-0.0571835571835572	0.440401258851298	0.462842987804878	0.335318585743997	0.0803571428571429	0.481348637015782	-0.04103644929333	0.24051754696916	0.106632653061224	0.0490018148820327	0.0351170568561873	0.120967741935484
G:	0.0369458128078818	-0.0564705882352941	-0.00068870523415978	0.0785278949835912	0.0954861111111111	-0.0196729688298416	-0.0597760895641743	0.260228166797797	-0.19557758292032	-0.0518641565153193	-0.367684478371501	-0.171013412816691	-0.244620811287478	0.173001949317739	-0.221527777777778	-0.0101449275362319	-0.00175438596491228	0.076241134751773	-0.0228758169934641
T:	0	-0.0242587601078167	-0.00769230769230769	-0.0678365636458879	-0.0680091185410334	-0.0806451612903226	-0.118410852713178	-0.272551296941541	-0.18503937007874	-0.239387227759321	0.178866587957497	-0.211414634146341	0.00353535353535354	-0.113837489943685	0.0565402339595888	-0.00299043062200957	-0.0204081632653061	0.063953488372093	0.0284090909090909

Energy matrix for enoLOGOS

A:	0.124464059080759	-0.47232514728083	-0.569870558132306	0.109303188471728	0.530549560597706	-0.436151038778766	0.67477862093636	-0.642581886416943	0.561820228561262	1.59087697334134	1.66392138881135	-2.86913334709463	1.93546374525903	0.269308198011	0.699873888448038	0.941221084588251	0.252832872956209	1.34785468858188	1.25595550526948
C:	0.36118981850887	-0.247897359908262	0.541784727763305	0.0496572500129987	-0.217117204798446	-0.421531450886741	-2.31639507955738	0.526680025340926	-4.05624549426725	-4.26294145646535	-3.08839830775189	-0.7401166370338	-4.43338478450217	0.377959665648911	-2.21524847301873	-0.982123029460726	-0.451323393908089	-0.323440046507525	-1.11415407725518
G:	-0.340283511279908	0.520113338652773	0.00634320962257313	-0.723268641493676	-0.87945958412967	0.181194739050119	0.550558130991779	-2.3967899905831	1.80133610782455	0.477686534611537	3.38649919529404	1.575091740215	2.25304093402663	-1.59340683823175	2.04034623518084	0.0934382356577294	0.01615849188066	-0.702206801409532	0.210694060796841
T:	0	0.22343143759511	0.0708487720921245	0.624797840843853	0.626387130160994	0.742769384836789	1.09060425722431	2.51029021365514	1.70427558064126	2.20483784836713	-1.64742215626256	1.94720074010462	-0.0325618093958754	1.04848202947275	-0.52075479947898	0.0275428838874886	0.18796613004033	-0.589033395882198	-0.261657396931142

Probability matrix

A:	0.221564354605815	0.374764557046143	0.41357357553998	0.201698701330841	0.123203223169765	0.353048557284918	0.0440507349691905	0.140209290436029	0.00971756260442303	0.00283167346730256	0.00692265420248475	0.878119767642497	0.00168841875238687	0.113674741171811	0.0432860897004439	0.078915703545072	0.186700044170575	0.0475634245595001	0.0523449751382256
C:	0.174860292731076	0.299426863839085	0.13607145420532	0.214095236153506	0.260213377789791	0.347924678629938	0.877007669617525	0.0435484593563263	0.984368726577707	0.987016047233698	0.802008292771116	0.104456036954576	0.984999340105049	0.101971132156815	0.798674669557238	0.540083821810065	0.377533593448674	0.252992238237941	0.560016097771179
G:	0.352644567106855	0.138914619330427	0.232437568054577	0.463750566872418	0.504639522510942	0.190425268391567	0.0498771273070183	0.810251215490758	0.00281347098455304	0.00861976917797403	0.00123642165401073	0.0103145746193568	0.00122901772490723	0.732201873227132	0.0113289226542337	0.184225967426001	0.236554273582098	0.369490697536786	0.148876542890212
T:	0.250930785556254	0.186893959784345	0.217917402200123	0.120455495643235	0.111943876529502	0.108601495693577	0.029064468106266	0.00599103471688737	0.00310023983331728	0.00153251012102516	0.189832631372388	0.00710962078356949	0.0120832234176573	0.0521522534442421	0.146710318088085	0.196774507218862	0.199212088798653	0.329953639665772	0.238762384200383



3	CGTGGGC	0.494188203031553

Enrichment score matrix

A:	-0.143356643356643	-0.0246913580246914	0.0546984572230014	0.0807217473884141	-0.016454871293581	-0.0364727608494922	0.0026196928635953	-0.209486895533407	-0.0977545489740612	-0.252	0.137437365783822	-0.180840336134454	-0.141221374045802	-0.218368902439024	-0.0789613142554319	-0.135416666666667	0.0696864111498258	0.127005347593583	0.0623376623376623	-0.0326797385620915
C:	0.0436720142602496	-0.0164835164835165	-0.0119047619047619	-0.056475170399221	0.0113752122241087	0.0483716475095785	-0.112213740458015	0.251272727272727	-0.228011825572801	-0.235714285714286	-0.317829457364341	-0.0827067669172932	-0.219402985074627	0.254	-0.0242099898063201	0.0279255319148936	0.0366666666666667	0.070048309178744	0.0634920634920635	0.0333333333333333
G:	-0.0952380952380952	0.0753968253968254	-0.0493079584775086	0.00949667616334283	0.0212224108658744	0.00598659003831418	0.351888504040904	-0.0569740853658537	0.478011825572801	0.108	0.358088761632069	0.462727272727273	0.381118881118881	-0.115454545454545	0.172405312346286	0.00598404255319149	-0.0505882352941176	-0.0433846153846154	-0.128540305010893	-0.19047619047619
T:	0.136904761904762	-0.0448979591836735	-0.00341530054644809	-0.037	-0.0154499151103565	-0.0149350649350649	-0.259923063472635	0.00990853658536585	-0.172990616075071	0.358792846497765	-0.191214470284238	-0.21163708086785	-0.0349304741162674	0.0744186046511628	-0.0770770770770771	0.0957446808510638	-0.0626952253458277	-0.147727272727273	0.00707547169811321	0.106334841628959

Energy matrix for enoLOGOS

A:	1.32036347989868	0.227415811653733	-0.503791408845822	-0.743474768867973	0.151554965390941	0.33592654172951	-0.0241282629437497	1.9294456113313	0.900352668960119	2.321005773738	-1.2658449186968	1.6656010487809	1.30069692276	2.01125191811827	0.727260580511103	1.24723359203844	-0.641835565991372	-1.16976248039804	-0.574151088123191	0.300991515424058
C:	-0.402234116066696	0.151818797340267	0.109646909190193	0.52015554194218	-0.104769576387505	-0.445519337916472	1.03352674403092	-2.31430734437656	2.10006652236116	2.17100880196581	2.92731748256607	0.76175747437397	2.02077617116492	-2.33942645448195	0.222982246518282	-0.257203654004654	-0.337712480305793	-0.645168770017655	-0.584783515681027	-0.307011345732539
G:	0.877175273521541	-0.69443042487122	0.454143080625123	-0.0874676198668203	-0.195465627588629	-0.0551385319203555	-3.24101289520224	0.524750718601539	-4.40265161535521	-0.994716760173428	-3.2981193780108	-4.26187568121443	-3.51023461729162	1.06337566112816	-1.58791160864616	-0.055115068715283	0.465934865876442	0.399587074599582	1.18389996066796	1.75435054704308
T:	-1.26093945568722	0.413525486088727	0.0314560805053831	0.340782593763119	0.142298976884522	0.137557031529514	2.39397988510974	-0.0912609945393982	1.59330245520926	-3.30460423927461	1.76115035536495	1.94924955012435	0.321721555965327	-0.685420678844739	0.709906114756923	-0.881841099444528	0.577444365132822	1.36061846404194	-0.065167502631907	-0.979380084802897

Probability matrix

A:	0.0467922431068964	0.184412095252178	0.398296121402726	0.467355645358888	0.212029860044611	0.169992966801222	0.0378979824664374	0.0121526229339901	0.00493240234267706	0.00325578494660659	0.115008844006044	0.00263554143438434	0.0078743603948187	0.010423010885553	0.0724639647037262	0.0568613822313562	0.423100001544562	0.532026680139304	0.359172709907624	0.149958319760355
C:	0.26199228049632	0.198893581580431	0.215671719449109	0.132086922579184	0.273979053339342	0.371371512916578	0.0131608020570093	0.84665897066429	0.00148603619980859	0.00378267098311998	0.00173645664941211	0.00650734938793759	0.00383255895020111	0.80810687412831	0.119985119835156	0.255968313480166	0.312150510110726	0.314851131386161	0.363011961842094	0.275437363871606
G:	0.0728866613201428	0.463598621489585	0.152820077108506	0.24251980376762	0.299989569884542	0.251343904320694	0.945564884096408	0.049513230592552	0.991114873424045	0.089671763518402	0.877681252109191	0.988872464017613	0.967333678655173	0.0268937039181392	0.733818401706035	0.209131883829536	0.139747626712086	0.110757605995163	0.0619143705405698	0.0350578079808495
T:	0.618328815076641	0.153095701677807	0.233212082039659	0.158037628294308	0.214001516731506	0.207291615961505	0.00337633138014493	0.0916751758091683	0.00246668803346937	0.903289780551871	0.00557344723535312	0.00198464516006477	0.0209594019998075	0.154576411067998	0.0737325137550828	0.478038420458941	0.125001861632626	0.0423645824793719	0.215900957709713	0.53954650838719



4	GG..CCCAC	0.493648029330889

Enrichment score matrix

A:	-0.104166666666667	-0.0612745098039216	-0.0216025137470542	-0.115646258503401	-0.0557795698924731	0.0239769820971867	-0.0548611111111111	0.0697792869269949	0.0029296875	-0.113839285714286	-0.0951056729699666	0.31708211143695	-0.15418956043956	-0.0088985088985089	-0.0826666666666667	0.149732620320856	0.122857142857143
C:	-0.0555555555555556	0.0212765957446809	-0.0621212121212121	-0.0961778147071043	-0.0454545454545455	-0.0935483870967742	0.172539893617021	-0.132992327365729	0.352011972065181	0.396057347670251	0.414214817440624	-0.0129513343799058	0.428471248246844	-0.0502958579881657	0.238095238095238	-0.117647058823529	0.145604395604396
G:	0.0512820512820513	0.0714285714285714	0.13239247311828	0.209183673469388	0.221774193548387	0.210016977928693	-0.0408927989573151	0.192361111111111	-0.222169059011164	-0.0983455882352941	-0.307869549805034	-0.104119850187266	-0.215151515151515	0.184684684684685	-0.0737976782752902	-0.142857142857143	-0.0736677115987461
T:	0.0574712643678161	-0.0336134453781513	-0.0603864734299517	0.00501089324618736	-0.116118421052632	-0.122410865874363	-0.0591755319148936	-0.0950797872340425	-0.110450563204005	-0.167916276163699	0.0171944160708206	-0.205100574712644	-0.046984572230014	-0.166092943201377	-0.0796130952380952	0.0869565217391304	-0.17

Energy matrix for enoLOGOS

A:	0.959410455414186	0.564359091420109	0.198966504500664	1.06514140356187	0.513748824512112	-0.220836166207869	0.505289506518138	-0.642690983511411	-0.026983419058524	1.04849856913122	0.875955619359248	-2.92043417219919	1.42013833345375	0.0819582957583258	0.761388137416698	-1.37908839794296	-1.13155610284279
C:	0.511685576220899	-0.195964688765451	0.572157507956096	0.885830409685287	0.418651835089827	0.861612486410675	-1.58915114795733	1.22490460189965	-3.24215007773089	-3.64782297886512	-3.81505945574412	0.11928619791021	-3.94636603595894	0.463241971371583	-2.19293818380385	1.08356945552661	-1.34106604317236
G:	-0.47232514728083	-0.657881455141156	-1.21937974010706	-1.92665283291339	-2.04261580830117	-1.93432785061707	0.376636597159665	-1.77171130766486	2.04625265361449	0.905796341729275	2.83558334387143	0.958979259703887	1.98161868609185	-1.70100880743704	0.679701735577015	1.31576291028231	0.678504698249029
T:	-0.529329906435413	0.309591273007603	0.556179974153151	-0.0461520323650223	1.06949018135118	1.12744573993121	0.54502679062891	0.875717202920608	1.01728728138535	1.54656605746242	-0.158366424509635	1.88904610359138	0.432743902470129	1.52977254026799	0.733263705209413	-0.800899162780538	1.56575786323595

Probability matrix

A:	0.0894277119546756	0.127813231665478	0.153410911732691	0.0397518331607875	0.0642579010390752	0.139923709380307	0.0891326408322463	0.223904980456386	0.0379000792481106	0.00890435712520392	0.00885599659249549	0.928795469872544	0.00457943199047542	0.127136776341358	0.044838162556372	0.583541651089991	0.405827011852755
C:	0.139931846093807	0.27338849738495	0.105628583897769	0.0475588052765826	0.0706686236660417	0.0474012542093106	0.723837023348454	0.0345921293950827	0.943994048657828	0.975414266588055	0.964982422108748	0.0444412540297348	0.980516369255149	0.0868323988258664	0.860390142808089	0.0497225213920209	0.500414587553473
G:	0.374340650832732	0.433898491983071	0.633630681592227	0.791911936041014	0.828212134285083	0.776338802057714	0.101370134483815	0.692454195105214	0.00476699978152681	0.0102701635513764	0.00124790617411846	0.0191916467847217	0.0026119435992643	0.756143058572687	0.0486545836682778	0.0394196539216346	0.0664112313178542
T:	0.396299791118784	0.1648997789665	0.107329822777313	0.120777425521616	0.0368613410098	0.0363362343526681	0.0856602013354855	0.0490486950433171	0.0133388723125345	0.00541121273536487	0.0249136751246381	0.00757162931299944	0.0122922551551112	0.0298877662600887	0.0461171109672611	0.327316173596354	0.0273471692759179



5	G..GCCCAC	0.493602199816682

Enrichment score matrix

A:	-0.0566666666666667	0.171604938271605	-0.0463768115942029	-0.0106589147286822	-0.0592566619915849	0.0173735921399473	-0.0732631578947368	0.0697792869269949	-0.0725806451612903	-0.146364795918367	-0.116023936170213	0.303157894736842	-0.124671052631579	0.00990853658536585	-0.0758928571428571	0.0116758241758242	-0.00536062378167641	0.0209677419354839	-0.0306122448979592	0.0394736842105263
C:	-0.0627240143369176	-0.0821052631578947	-0.00203527815468114	-0.127613240418118	-0.0596072931276297	0.0319913731128684	0.251499400239904	-0.132992327365729	0.354121863799283	0.435333333333333	0.356597222222222	0.144131777625257	0.45979381443299	-0.0569740853658537	0.158125577100646	0.035413744740533	0.0754892823858341	0.0508064516129032	0.0683962264150943	-0.0357142857142857
G:	0.0270655270655271	0.116326530612245	0.10935441370224	0.0554166666666667	0.0913978494623656	0.0281853281853282	-0.0597760895641743	0.192361111111111	-0.166208791208791	-0.0417057169634489	-0.296264855687606	-0.179099462365591	-0.261121856866538	0.251272727272727	-0.08022030651341	0.0121056493030081	-0.0905923344947735	-0.0395161290322581	-0.00108932461873638	0.0465686274509804
T:	0.09765625	-0.216049382716049	-0.0634615384615385	0.0792682926829268	0.02945301542777	-0.0846071332796997	-0.118410852713178	-0.0950797872340425	-0.0814814814814815	-0.214586466165414	0.0633756924079505	-0.205882352941176	-0.0490131578947368	-0.209486895533407	-0.0023084025854109	-0.05890603085554	0.0024975024975025	-0.0303030303030303	-0.0333333333333333	-0.0367647058823529

Energy matrix for enoLOGOS

A:	0.521919287745317	-1.58053989099344	0.42714622014962	0.098172232647033	0.545774026249641	-0.160016697092805	0.67477862093636	-0.642690983511411	0.66849244635311	1.34806958888299	1.0686199434241	-2.79218739697804	1.1482628292694	-0.0912609945393982	0.698999046087478	-0.107538314782689	0.0493731696353499	-0.193120040057565	0.281949195060495	-0.363566067314849
C:	0.577709521539725	0.756217420014887	0.0187456045562609	1.1753613802217	0.549003458357627	-0.294651435336406	-2.31639507955738	1.22490460189965	-3.26158289874999	-4.00956817526697	-3.2843817923679	-1.3275027303466	-4.23485753185709	0.524750718601539	-1.45639038661212	-0.32617264290659	-0.695281985209758	-0.467944712447177	-0.629952525441767	0.328940727570578
G:	-0.249282716620438	-1.07140694122988	-1.00719137137552	-0.510406362280347	-0.841805302815028	-0.259596466082726	0.550558130991779	-1.77171130766486	1.53083953984769	0.384123848690666	2.72870016113726	1.64956700882504	2.40502118030326	-2.31430734437656	0.738856327732764	-0.111497150504481	0.834386235788783	0.363956998570027	0.0100330505141353	-0.428912909479283
T:	-0.899447301950799	1.98988835197016	0.584502369760027	-0.730087956315185	-0.271272297070827	0.779260495403187	1.09060425722431	0.875717202920608	0.750472178457319	1.97641439260301	-0.583711698386891	1.89624654717157	0.451427866915938	1.9294456113313	0.0212611735271842	0.542544594141655	-0.0230028480818586	0.279101223393218	0.307011345732539	0.338615454852066

Probability matrix

A:	0.121199201916187	0.57944116029921	0.132350875307325	0.182892226467147	0.120981561709529	0.274745225464134	0.0440507349691905	0.223904980456386	0.0187778355302391	0.00462153063279407	0.0118876888147211	0.798640894865756	0.00452504074687933	0.0916751758091683	0.0796077249559446	0.265227694063178	0.21566186424034	0.284673477703373	0.173106884663705	0.32643972157423
C:	0.114622630082996	0.055997486809484	0.199109944647179	0.0622842076796966	0.12059149016347	0.314341179085767	0.877007669617525	0.0345921293950827	0.95599488083321	0.980795248027268	0.92380872903525	0.184606537321285	0.985103727833718	0.049513230592552	0.687114240974869	0.330043019494731	0.454122457846912	0.374715661956475	0.430871953642829	0.163324417922633
G:	0.262076774460982	0.348253677508376	0.555458630498481	0.336122490259946	0.484548476239741	0.30351286074401	0.0498771273070183	0.692454195105214	0.00792743968964893	0.0121177545607948	0.0022601317171255	0.00940420562102451	0.00128771358481102	0.84665897066429	0.0764971781849949	0.266279768052848	0.098366339925752	0.163084063125873	0.22719879399028	0.348483942761584
T:	0.502101393539836	0.01630767538293	0.113080549547015	0.41870107559321	0.273878471887261	0.107400734706089	0.029064468106266	0.0490486950433171	0.0172998439469023	0.00246546677914368	0.0620434504329033	0.00734836219193488	0.0090835178345919	0.0121526229339901	0.156780855884191	0.138449518389243	0.231849337986996	0.177526797214278	0.168822367703186	0.161751917741552



