1	CCCACGC	0.496709785824543

Enrichment score matrix

A:	-0.0358851674641148	-0.107407407407407	-0.0254934210526316	0.0174358974358974	-0.0220897615708275	-0.0328320802005013	0.00900562851782364	-0.177897820911921	-0.213986280487805	0.368891135827435	-0.195335820895522	-0.0671834625322997	-0.216878083157153	0.0849416755037116	-0.043010752688172	0.0439814814814815	-0.0587912087912088	0.000857632933104631	0.0657894736842105
C:	-0.0112612612612613	0.0224056603773585	0.0871710526315789	0.0670995670995671	0.191856199559795	0.0211148648648649	0.432347826086957	0.470021037868163	0.431601272534464	0.204439670605084	0.495414402173913	-0.167607906413877	0.358105830805527	-0.00446030330062444	0.0426116838487973	0.00439024390243902	-0.0344202898550725	-0.0327868852459016	-0.132432432432432
G:	0.144897959183673	0.0725338491295938	0.0253968253968254	-0.04004329004329	-0.151442307692308	0.0856749311294766	-0.318011257035647	-0.135597875846914	-0.351272727272727	-0.207321304649549	-0.223514211886305	0.310086956521739	-0.158974358974359	-0.00280172413793103	-0.0383623468729852	-0.00135623869801085	0.0661450924608819	0.0281954887218045	0.0680473372781065
T:	-0.114864864864865	-0.00825471698113208	-0.0499325236167341	-0.042042042042042	-0.00666199158485273	-0.0308816595945309	-0.152434593023256	-0.193181818181818	0.123141824025713	-0.339145299145299	-0.102797202797203	-0.102260869565217	0.00655260283946123	-0.0680196253345227	0.0396518375241779	-0.0230560578661844	0.0454545454545455	-0.00272727272727273	0.00952380952380952

Energy matrix for enoLOGOS

A:	0.330514606649863	0.989258780693738	0.23480308514084	-0.160590550075482	0.20345422280312	0.302394633766637	-0.0829449039127311	1.63849948203165	1.97088647822585	-3.39761292117558	1.79910939728714	0.61878255729039	1.99752096509913	-0.782341743155135	0.396143671912954	-0.405084414508212	0.541487043846951	-0.00789909122810993	-0.605943445524749
C:	0.103720049233966	-0.206363758334372	-0.802875065320292	-0.618009851799268	-1.7670609004195	-0.194475092313686	-3.98207063734483	-4.32905374075529	-3.97519462502047	-1.88295895180752	-4.56293526920084	1.54372586710613	-3.29827659090822	0.0410809115609999	-0.392468112070463	-0.0404356406574564	0.317022585267296	0.301978372851678	1.21974777899144
G:	-1.33455952328634	-0.668061438973127	-0.233913406272411	0.368812330912466	1.3948352005637	-0.789095277048097	2.92899191941832	1.24890259026705	3.23534138157418	1.90949978218451	2.05864196944687	-2.8560064144754	1.46420795657057	0.0258048329387264	0.35333027216801	0.0124914200343257	-0.609218815500558	-0.259690048082035	-0.626739137738024
T:	1.05794450218645	0.0760287530705581	0.459895538141861	0.38722151714014	0.0613592100517347	0.284430596117133	1.40397448620785	1.77927029913176	-1.13417811330281	3.12364364068389	0.9467972270493	0.941857415429912	-0.0603517024738155	0.626483901305249	-0.365206919971976	0.212354140583538	-0.418651835089827	0.0251191101053896	-0.0877175273521541

Probability matrix

A:	0.12462944038562	0.0830343346122706	0.160796523728531	0.266868682700185	0.103832899959721	0.150593257680361	0.0197493642219691	0.00253875415538689	0.00246399217020788	0.815452968779132	0.00171365990015061	0.0290600635244943	0.00476121236625367	0.469695197789395	0.156610964236673	0.345732908720035	0.124624034680667	0.250790938449161	0.36001061341075
C:	0.156356618612918	0.274479542377448	0.453873211116099	0.421650180476701	0.744935769354061	0.247510318172397	0.974814340600133	0.991507679715598	0.941866901658327	0.179305271278874	0.992945762113367	0.0115238815002255	0.949846023197416	0.206161803480129	0.344597331179175	0.24009093874058	0.155985950303964	0.183964391319086	0.0579999581036859
G:	0.658799334121447	0.435534674000385	0.256943503328147	0.157174056491461	0.0315445836158355	0.448573458636543	0.000971595684220047	0.00374817990113677	0.00069581459866811	0.00404156116940623	0.00132193794974811	0.93837890363823	0.00811582081020101	0.209335325168611	0.163461615490599	0.227714056179686	0.393864657659704	0.322599183398291	0.367575670994682
T:	0.0602146068800155	0.206951449009896	0.128386761827223	0.154307080331652	0.119686747070382	0.153322965510699	0.00446469949367737	0.00220538622787832	0.0549732915727974	0.00120019877258868	0.00401864003673464	0.0210371513370498	0.0372769436261288	0.114807673561865	0.335330089093553	0.186462096359698	0.325525357355665	0.242645486833462	0.214413757490882



2	CGCCCAC	0.496251444418766

Enrichment score matrix

A:	0.160714285714286	0.0465686274509804	0.0515536723163842	0.0175903614457831	-0.0178448867536033	0.0760760760760761	-0.092	-0.067941572169902	-0.0484178421654594	-0.148363636363636	-0.180279826054074	0.318163791394012	-0.2236328125	-0.00301441677588467	-0.09375	-0.0314192849404117	0.0509337860780985	-0.0528455284552846	-0.116883116883117
C:	-0.0757575757575758	0.025219298245614	0.0305514157973174	0.0333020637898687	-0.0259649122807018	0.115698267074414	0.330067972810876	-0.039891395154553	0.483084185680566	0.486661585365854	0.412459822272641	0.229846153846154	0.489340560072267	-0.0794438927507448	0.0171065493646139	0.0075187969924812	0.0760233918128655	0.0662878787878788	0.217532467532468
G:	0.0325670498084291	0.0256410256410256	-0.0461538461538462	-0.03125	-0.0174731182795699	-0.0575713594581519	-0.129148340663735	0.24301011302796	-0.239420510865421	-0.0898855666297527	-0.372577803875514	-0.273784355179704	-0.258884150675195	0.15958485958486	-0.0545138888888889	0.0127777777777778	-0.110294117647059	0.0233785822021116	-0.0524193548387097
T:	-0.12202380952381	-0.0866228070175439	-0.0493421052631579	-0.0151807228915663	0.0598118279569892	-0.140692640692641	-0.110077519379845	-0.132903981264637	-0.196021549937837	-0.247508305647841	0.113931523022432	-0.257882212968471	0.0207803223070399	-0.08984375	0.131239388794567	0.0127777777777778	-0.0349206349206349	-0.0340909090909091	-0.0666666666666667

Energy matrix for enoLOGOS

A:	-1.4802332740676	-0.428912909479283	-0.474826869459224	-0.16201321618175	0.164357480900055	-0.700686554825015	0.847351314221809	0.625765005091982	0.445944806420501	1.36647958973319	1.66043856015869	-2.93039681277727	2.05973432146733	0.0277638045288928	0.863469409872767	0.289382308545297	-0.469117506212709	0.486725304210124	1.07653329023098
C:	0.697753058483044	-0.232278320784487	-0.281388938339064	-0.306723342593954	0.239145679833768	-1.06562042020316	-3.04003837547635	0.367413327286435	-4.44936977843696	-4.48231884718506	-3.79889535289583	-2.11696131011268	-4.50699311607904	0.731705292709131	-0.157557142238107	-0.0692506794885427	-0.700201314828599	-0.610533926172664	-2.00354806792988
G:	-0.299953613646734	-0.236162573640415	0.425092632552747	0.287823136624256	0.160933366714638	0.530251816286969	1.18950017598893	-2.23820585481991	2.20514439710295	0.827876663187966	3.43156838873687	2.52164709972709	2.38441114462852	-1.46983087499058	0.502091471666757	-0.117687682530807	1.0158463645562	-0.215324699495672	0.482800100143913
T:	1.12388081919947	0.797825536607586	0.454457584143562	0.139819624923976	-0.550887293753952	1.29582710861137	1.01385142079118	1.22409090423805	1.8054251951698	2.27963573990773	-1.04934810613424	2.37518295731807	-0.191393841487207	0.827491517794735	-1.20875944100808	-0.117687682530807	0.321630933624565	0.31398887631737	0.614022691465079

Probability matrix

A:	0.66915107183496	0.340202467270759	0.380871199691086	0.283053687651178	0.200962324329829	0.348645239329753	0.0194778966871179	0.0490784844112423	0.00740241626746076	0.00285769582965612	0.00398188891284629	0.688428473911565	0.00138454235265067	0.155884515988743	0.0760233410574275	0.183952367445826	0.340138298645938	0.138842964519319	0.038227813198448
C:	0.0757943324054508	0.279473183557261	0.313883948961367	0.327126424379744	0.186480980082424	0.502195137545253	0.950197643877182	0.063546531508296	0.989422118884703	0.991098657711942	0.935508489950656	0.305202632012968	0.984463764375102	0.0771054497927217	0.211044067930899	0.263304153076881	0.428562293947261	0.415965686799163	0.831843816828574
G:	0.205558402698524	0.280560839065664	0.15486313973283	0.180512537620042	0.201651621718309	0.10181083451556	0.01383402943185	0.860395011344447	0.00127456746620246	0.0048969794325298	0.000677481169539818	0.00295165937860439	0.00100069307063705	0.696947531634368	0.109116743517408	0.276371739738647	0.077044904319886	0.280169155214959	0.069220463551322
T:	0.0494961930610651	0.0997635101063165	0.150381711614717	0.209307350349036	0.410905073869438	0.0473487886094341	0.0164904300038504	0.0269799727360141	0.00190089738163328	0.0011466670258716	0.0598321399669582	0.00341723469686241	0.0131510002016101	0.0700625025841682	0.603815847494266	0.276371739738647	0.154254503086915	0.165022193466558	0.0607079064216557



3	CCCCC.C.C	0.49520874652563

Enrichment score matrix

A:	-0.116666666666667	0.0429292929292929	-0.0258620689655172	-0.0375661375661376	0.0393848462115529	-0.0416505230530802	-0.100134408602151	0.238970588235294	-0.119475655430712	-0.00412603150787697	-0.220081135902637	0.192640692640693	-0.111345522737928	0.0536062378167641	-0.0664961636828645	-0.0759615384615385	0.0393939393939394
C:	-0.02	0.00432900432900433	0.266608391608392	0.0987442922374429	0.354732510288066	0.269230769230769	0.378306878306878	0.293004115226337	0.400563607085346	0.132950191570881	0.36164325244785	-0.0666666666666667	0.247304266291608	0.0760233918128655	0.0351473922902494	0.0711229946524064	-0.178240740740741
G:	0.32312925170068	0.0857142857142857	-0.146026831785346	0.00944444444444444	-0.221786833855799	0.0376114081996435	-0.168010752688172	-0.138784696174044	-0.11242816091954	0.0547892720306513	-0.137867647058824	0.0369181380417336	-0.0822784810126582	0.0316764132553606	-0.0186567164179104	0.15625	0.0454545454545455
T:	-0.15625	-0.148648648648649	-0.0953703703703704	-0.0141010575793184	-0.155882352941176	-0.161064425770308	-0.0656108597285068	-0.263708513708514	-0.11242816091954	-0.118154538634659	0.0428321678321678	-0.108027006751688	-0.0140350877192982	-0.06	0.13169014084507	-0.0448092280390417	0.102631578947368

Energy matrix for enoLOGOS

A:	1.07453971006389	-0.395393399807058	0.238198457895936	0.345996913444608	-0.362747839106339	0.383615493989709	0.922271986172346	-2.20100045653843	1.1004114526818	0.038002154573045	2.02702217111443	-1.77428634871403	1.02553016331193	-0.493731696353499	0.612452300949823	0.699631624409729	-0.362831590411183
C:	0.184206807439524	-0.0398716033418882	-2.45555403273841	-0.909468541296735	-3.26720716075863	-2.47970702322436	-3.48433511426612	-2.6986676316243	-3.68932716188257	-1.22451651688726	-3.33085744827321	0.614022691465079	-2.27775646798755	-0.700201314828599	-0.323719446180569	-0.655066989022905	1.64165789037538
G:	-2.97613039230523	-0.789457746169387	1.34495682418434	-0.0869865479575528	2.04273222983484	-0.346413871388053	1.54743621840998	1.27825429018424	1.03550162946428	-0.504627844135094	1.26980795569525	-0.340028617263968	0.757812815415762	-0.291750547845249	0.171834708432391	-1.43911568312128	-0.418651835089827
T:	1.43911568312128	1.36910464988835	0.878393572512543	0.129875539910357	1.43572952857276	1.48345818316143	0.604298350197532	2.42884517024336	1.03550162946428	1.08824351731902	-0.394498844603875	0.994965501548815	0.12926793504528	0.552620422318571	-1.21291102081658	0.412708242045073	-0.945271775018608

Probability matrix

A:	0.0162426354442335	0.298055808031827	0.060078538986433	0.137125770677185	0.0512527619280902	0.0477835489865218	0.0117785188934396	0.372374819976681	0.00810346153912947	0.151407531668588	0.00441170621849395	0.717985475447663	0.031289797427243	0.294320440082758	0.0884258096740715	0.0680424302975445	0.251096118172447
C:	0.0395660926492276	0.208879796005829	0.888384975481271	0.481238983337572	0.935638168382661	0.837150559307805	0.965730239607934	0.612511735768012	0.974602733810384	0.535121464751962	0.936492142567909	0.0659001224406344	0.851141776787866	0.361817059837308	0.225503490734702	0.263704748125256	0.0338299439496742
G:	0.932910906614869	0.442015562444576	0.0198637075020429	0.211427468309614	0.00462413552002764	0.0991576276262185	0.00630355151735462	0.0114804567979772	0.00864690232524342	0.260500579378954	0.00940720351963837	0.171090320687199	0.0408950664678267	0.240492272376704	0.137384214251189	0.577598385899605	0.26551094167994
T:	0.01128036529167	0.0510488335177683	0.0316727780302528	0.170207777675628	0.0084849341692213	0.0159082640794544	0.0161876899812716	0.00363298745732956	0.00864690232524342	0.0529704242004954	0.049688947693959	0.0450240814245037	0.0766733593170644	0.10337022770323	0.548686485340037	0.0906544356775947	0.449562996197939



4	AC.CCCAC	0.494736382636739

Enrichment score matrix

A:	0.0135135135135135	0.0576923076923077	0.0373641304347826	-0.0467980295566502	-0.100141793690181	0.0989417989417989	-0.0836889521100047	-0.067941572169902	-0.0651629072681704	-0.0717068419771122	-0.235119047619048	0.282110091743119	-0.215792181069959	0.00850850850850851	-0.0847123719464145	-0.115296803652968	-0.0901960784313725	-0.183333333333333	-0.025
C:	-0.0261437908496732	0.0434782608695652	-0.0343283582089552	0.0330520393811533	0.0967391304347826	0.0452380952380952	0.361111111111111	-0.039891395154553	0.460176991150442	0.456597222222222	0.416418650793651	0.0988786952089704	0.47582304526749	-0.103975535168196	0.167837078651685	0.0301587301587302	0.181578947368421	-0.0521367521367521	0.0194444444444444
G:	0.0467980295566502	0.0423529411764706	-0.0398601398601399	0.0780590717299578	0.0878472222222222	-0.0135411343893715	-0.159862385321101	0.24301011302796	-0.244665718349929	-0.14197218710493	-0.264061358655953	-0.125714285714286	-0.196135387724173	0.127721335268505	-0.213620071684588	0.0165525114155251	0.0535390199637024	0.201086956521739	-0.0117845117845118
T:	-0.0344827586206897	-0.165768194070081	0.0335664335664336	-0.0694080670508119	-0.0880608083055247	-0.144281524926686	-0.105012531328321	-0.132903981264637	-0.13302752293578	-0.212103943469341	0.0831569042578217	-0.261634199134199	-0.0614678899082569	-0.0416666666666667	0.119354838709677	0.0703030303030303	-0.147959183673469	0.0798449612403101	0.0131964809384164

Energy matrix for enoLOGOS

A:	-0.124464059080759	-0.531365790690934	-0.344136359007262	0.43102578095455	0.922340005346782	-0.911287645269601	0.770803734307158	0.625765005091982	0.60017255556737	0.660444421608713	2.16552645650631	-2.59832996732356	1.98751943726544	-0.0783662594212188	0.780229779343924	1.06192280544474	0.830736582570401	1.68856240152897	0.230258509299405
C:	0.240793212339247	-0.400449581390269	0.3161758635156	-0.304420532688383	-0.891000318593348	-0.416658254922732	-3.32595624543584	0.367413327286435	-4.23838671984745	-4.20541582956551	-3.83535751104861	-0.910706438411508	-4.38249220374381	0.957650069257462	-1.54583662142016	-0.277772169948488	-1.67240390964831	0.480197233068844	-0.179089951677315
G:	-0.43102578095455	-0.39008500398958	0.367125455386463	-0.718950619753415	-0.809102817399297	0.124718456748783	1.47238698148335	-2.23820585481991	2.2534545433569	1.3076121665903	2.43209499230781	1.15787136104843	1.80647367992915	-1.17635697058622	1.96751357050101	-0.152454264148008	-0.493112597047727	-1.85207931392999	0.108539364652918
T:	0.317597943861248	1.52678149023325	-0.30915827822018	0.639271922098923	0.811070017925229	1.32888195396255	0.967201156856647	1.22409090423805	1.2252287650794	1.95354951359103	-0.765903392494373	2.40974002697537	0.566140188002206	0.383764182165674	-1.09929868955845	-0.647514838272265	1.36275444279239	-0.735399270010502	-0.121544081155111

Probability matrix

A:	0.270601340741615	0.348040711130989	0.33632202607902	0.141712540737163	0.0719559711262715	0.482833697823049	0.0160095838385689	0.0490784844112423	0.00781165003162183	0.00759991147680341	0.00235678967560048	0.823035311641138	0.00169374992997656	0.200684673948981	0.0552698235642248	0.0729292089561644	0.056927865585484	0.0199491093925204	0.197749568140623
C:	0.187802222105844	0.305333081016367	0.173774223300597	0.295670884325153	0.441154318925145	0.294430473813261	0.962898024443444	0.063546531508296	0.986511999014087	0.986335786226609	0.95163766046487	0.152227418471638	0.989259422697952	0.0712160747020384	0.565829883790323	0.278434879371844	0.695704807051669	0.0667897528830034	0.297778488749288
G:	0.367678307807087	0.302184776272974	0.165142262193567	0.447544979500936	0.406464763501354	0.171342791988225	0.00793754700150948	0.860395011344447	0.00149531102009389	0.00397875459482101	0.00180530914796423	0.0192362741913795	0.00202990850709188	0.601679914891585	0.0168599887013954	0.245639815880871	0.213926849103548	0.688025716466233	0.223345649101374
T:	0.173918129345454	0.044441431579671	0.324761488426817	0.115071595436747	0.0804249464472296	0.051393036375465	0.0131548447164779	0.0269799727360141	0.00418103993419669	0.00208554770176628	0.0442002407115653	0.00550099569584435	0.00701691886498001	0.126419336457396	0.362040303944057	0.402996095791121	0.033440478259299	0.225235421258243	0.281126294008715



5	CCCAC.CA	0.494106771435175

Enrichment score matrix

A:	-0.0904761904761905	-0.20188679245283	-0.0421052631578947	-0.00346666666666667	-0.0037593984962406	-0.0667016806722689	-0.0178418498429917	-0.120849420849421	-0.168194980694981	0.278478260869565	-0.158903787344154	-0.0671834625322997	-0.212418300653595	0.146296296296296	0.0271577380952381	0.0370544090056285	-0.0376607470912431	0.0419287211740042	0.0656565656565657
C:	-0.0642857142857143	-0.0115089514066496	0.00453720508166969	0.131578947368421	0.211195054945055	-0.0191763191763192	0.411778846153846	0.441509433962264	0.403211009174312	0.18788682581786	0.490740740740741	-0.167607906413877	0.340434782608696	0.0349702380952381	0.0730298913043478	-0.0970919324577861	-0.0689189189189189	-0.0482180293501048	0.166666666666667
G:	0.0723981900452489	0.207446808510638	0.0807823129251701	-0.0494672754946728	-0.139423076923077	0.14083820662768	-0.223723723723724	-0.0871848739495798	-0.347058823529412	-0.172657252888318	-0.257739938080495	0.310086956521739	-0.162608695652174	-0.0356037151702786	-0.0459590704127645	0.120544090056285	0.0227272727272727	-0.0501089324618736	-0.112121212121212
T:	0.0891891891891892	-0.0465116279069767	-0.0509803921568627	-0.0745614035087719	-0.0697755960729313	-0.0597891205367841	-0.180085247454416	-0.230649412892404	0.0701754385964912	-0.291783380018674	-0.112642225031606	-0.102260869565217	0.0203359858532272	-0.151913875598086	-0.0517815517815518	-0.0551282051282051	0.0744029393753827	0.0545073375262055	-0.0439814814814815

Energy matrix for enoLOGOS

A:	0.833316509845464	1.85944607509708	0.387803805135839	0.0319291799561841	0.0346253397442714	0.614345182374462	0.164329509919644	1.11306429977936	1.54913302105874	-2.56487956880467	1.46355796783578	0.61878255729039	1.95644485025638	-1.34743868404837	-0.250132011590127	-0.341283719224258	0.346868299373261	-0.386177793374264	-0.604719317351972
C:	0.59209330962704	0.106001359779777	-0.0417892031396379	-1.2118868910495	-1.94517834092217	0.176620426695554	-3.79262333105654	-4.06645216423099	-3.71371063622342	-1.7305016171927	-4.51988925661794	1.54372586710613	-3.1355202222858	-0.322087795746191	-0.672630156241467	0.894249745309132	0.634766701311872	0.444104462380403	-1.5350567286627
G:	-0.66681197263176	-1.91065571546314	-0.744032598076307	0.455610444580253	1.28413399416976	-1.29716782041965	2.06057164478146	0.80300236436347	3.1965298938035	1.59023206679178	2.37387255717343	-2.8560064144754	1.49768143439961	0.327922335225158	0.423298681681181	-1.11025209924854	-0.209325917544913	0.461520323650223	1.03267452655491
T:	-0.821462789933011	0.428387924277962	0.469546764061531	0.686735904928049	0.642656989489222	0.550678150684893	1.65864642502673	2.12435959933551	-0.646339675226399	2.68742424485766	1.03747323279782	0.941857415429912	-0.187301351507915	1.39917850148442	0.476925716897202	0.507749533326892	-0.685276396322784	-0.502031131386543	0.405084414508212

Probability matrix

A:	0.0834237429280451	0.0184019510890081	0.152450937167986	0.177210687987254	0.110224559477626	0.0963555451486484	0.0186315995621759	0.00554556820899516	0.00492110438615564	0.687255022189399	0.00250162893393958	0.0290600635244943	0.00575298727735269	0.621096546660959	0.28416732391072	0.257994785472412	0.158706479510799	0.334766431153273	0.244251467876534
C:	0.106182164957782	0.106261327273681	0.234260988445405	0.614712957643702	0.798171443080985	0.149271933712477	0.974390240879158	0.984875809876277	0.949918917856973	0.298367957958022	0.992661100945167	0.0115238815002255	0.93606443876322	0.222769064843297	0.433573519943915	0.0749938349009354	0.119004112749653	0.145933467014246	0.619266499254247
G:	0.373927316909074	0.798359092630756	0.472803195153011	0.116007876270288	0.031595385461701	0.651682804991792	0.00279719437400233	0.00756143527441294	0.000947561062019351	0.0107789353508002	0.00100664951443265	0.93837890363823	0.00910189526079882	0.116294471312519	0.144912851862665	0.556633900367164	0.27678766843307	0.143413913776876	0.0475035505528387
T:	0.436466775205099	0.0769776290065555	0.140484879233599	0.092068478098755	0.0600086119796877	0.102689716147083	0.00418096518466392	0.00201718664031493	0.0442124166948522	0.00359808450177836	0.00383062060646024	0.0210371513370498	0.0490806786986282	0.0398399171832246	0.1373463042827	0.110377479259489	0.445501739306478	0.375886188055605	0.08897848231638



