1	CCCACGC	0.496918321182386

Enrichment score matrix

A:	-0.05625	-0.0415204678362573	0.00746268656716418	0.071080817916261	-0.0686274509803922	-0.000700934579439252	0.0407717510010921	-0.142262317834837	-0.220637898686679	0.362277353689567	-0.217279411764706	-0.0633727175080559	-0.217285664699757	0.144067796610169	-0.0424010641835717	0.00937357110196616	-0.0774725274725275	-0.00171526586620926	-0.075187969924812
C:	-0.00887573964497041	0.00617283950617284	0.0813432835820895	0.0701071080817916	0.228712174524982	0.0260499734183945	0.386154855643045	0.477034120734908	0.437838753387534	0.168518518518519	0.490397135416667	-0.157051282051282	0.339470284237726	-0.0457264957264957	0.0353741496598639	0.0234521575984991	-0.00543478260869565	0.0597189695550351	-0.127027027027027
G:	0.261278195488722	0.102727272727273	0.00937950937950938	-0.0715020576131687	-0.0967105263157895	0.07756376887038	-0.284531360112755	-0.141120507399577	-0.336077308518253	-0.207407407407407	-0.23401187446989	0.300688976377953	-0.180808080808081	0.000826787928896238	-0.0353566958698373	0.015625	0.0910384068278805	0.0676691729323308	0.223865877712032
T:	-0.212031558185404	-0.0893048128342246	-0.062962962962963	-0.0685117967332123	-0.0457236842105263	-0.0659863945578231	-0.169661733615222	-0.238333333333333	0.092797783933518	-0.318242122719735	-0.0793732782369146	-0.10886417256488	0.0401721664275466	-0.0903846153846154	0.0435406698564593	-0.0308035714285714	0.0140845070422535	-0.11	-0.00714285714285714

Energy matrix for enoLOGOS

A:	0.51808164592366	0.382417641175619	-0.0687338833729566	-0.654678526927226	0.632082182390522	0.00645584605512349	-0.375521704281519	1.31028436936511	2.03215014586191	-3.33669773653972	2.00121733817571	0.583684298546289	2.00127492983585	-1.3269134434203	0.390528233264703	-0.0863337803500282	0.713548347499254	0.0157981824562199	0.692506794885427
C:	0.0817485831832206	-0.0568539529134332	-0.749199328765227	-0.645710327928223	-2.10651697458991	-0.239929121864345	-3.55661765676377	-4.39364662101489	-4.03264394674093	-1.55211291453673	-4.5167245346296	1.44649576354754	-3.12663686400096	0.42115658965874	-0.325807958736573	-0.216002353939404	0.0500561976737836	-0.550032036265557	1.16996215535914
G:	-2.40646111222686	-0.946153147303008	-0.0863884739074245	0.658558287913935	0.890736864921381	-0.714388711829491	2.62063067313981	1.29976790661609	3.09538640275076	1.91029281789136	2.15532901495185	-2.76944781854205	1.6653039662462	-0.0076149982405756	0.325647203389646	-0.143911568312128	-0.83849471380722	-0.623256115396885	-2.06188093139901
T:	1.95288282048805	0.822527723058836	0.579910319717019	0.631016967408532	0.421130694639701	0.607757153797068	1.56264231469575	2.19513112198766	-0.854699175792804	2.93111827094897	0.731054909001553	1.0026760836361	-0.369999326277379	0.832473072082463	-0.401024389401834	0.283711377529624	-0.12972310383065	1.01313744091738	0.0657881455141156

Probability matrix

A:	0.0467051952498331	0.143447624632831	0.221466182092045	0.394247418010927	0.0541352642924406	0.204764502935685	0.0395772060055979	0.00330613587595027	0.00222362516623339	0.851044678652167	0.00146498289146933	0.0326032050493721	0.00550131036475023	0.642331585154743	0.158208519316511	0.257173745052461	0.10013394073499	0.199026485295091	0.0520745516537121
C:	0.0722540563412118	0.222569981895897	0.437350680766403	0.390727535804966	0.837218397888764	0.261974067682897	0.952746912470749	0.991988077672867	0.957123961511018	0.142862096745793	0.992061833032391	0.0137577064051146	0.927876002474234	0.111836124427707	0.323840171889156	0.29277970930173	0.194416127107541	0.350467552229838	0.0323049676950118
G:	0.869917312438511	0.54160706809937	0.225410794658243	0.106032098240649	0.0417972741766436	0.421030429647468	0.0019780291480122	0.00334108819598711	0.000767898715748155	0.00447933265376567	0.00125574859833106	0.932195647650147	0.00769797475619284	0.171709863598884	0.168813564157524	0.272415832606976	0.472742932865819	0.377093137367545	0.818165062192796
T:	0.0111234359704446	0.092375325371903	0.115772342483309	0.108992947943458	0.0668490636421522	0.11223099973395	0.00569785237564132	0.00136469825519565	0.0398845146070007	0.00161389194827427	0.00521743547780873	0.0214434408953664	0.0589247124048231	0.0741224268186664	0.34913774463681	0.177630713038833	0.23270699929165	0.0734128251075266	0.0974554184584801



2	CGCCCAC	0.495919677241885

Enrichment score matrix

A:	0.036036036036036	0.0538461538461538	0.0511705685618729	-0.0256410256410256	-0.130434782608696	0.0148005148005148	-0.134947368421053	-0.00293061070145585	-0.0291650781547846	-0.127454545454545	-0.216392512762337	0.282439024390244	-0.16422193877551	-0.0164171897633993	-0.00827067669172932	-0.00648648648648649	-0.0756991321118611	-0.149051490514905	-0.0369318181818182
C:	0.0163398692810458	0.0082815734989648	0.0522058823529412	-0.0578703703703704	0.0406732117812062	0.10482180293501	0.288684526189524	0.00615788411064002	0.470692368214005	0.476371951219512	0.422480620155039	0.253968253968254	0.491391678622669	-0.0444717444717445	0.194024725274725	0.0548289738430583	0.0767241379310345	-0.00167224080267559	0.0806451612903226
G:	-0.00246305418719212	0.0164705882352941	0.0261707988980716	0.146473779385172	0.0662774725274725	-0.0364372469635627	-0.128148740503798	0.183707317073171	-0.259626382005337	-0.104097452934662	-0.361812487766686	-0.221684053651267	-0.253086419753086	0.138888888888889	-0.179258241758242	-0.00222222222222222	-0.028448275862069	0.189716312056738	0.0261437908496732
T:	-0.0295566502463054	-0.0862533692722372	-0.124080267558528	-0.0729813664596273	0.0231107850330154	-0.0911072362685266	-0.0313953488372093	-0.18084704102855	-0.181931205967675	-0.240494647471392	0.127930511047394	-0.3	-0.0462962962962963	-0.0893141945773525	-0.0073632538569425	-0.0548996458087367	0.018796992481203	0.00581395348837209	-0.0710227272727273

Energy matrix for enoLOGOS

A:	-0.331904157548691	-0.495941404644871	-0.471298353482393	0.236162573640415	1.20134874417081	-0.136317778993213	1.24291119546036	0.0269919220581643	0.268620296780853	1.17389974559187	1.99304869648832	-2.60135954896303	1.51253995266828	0.151207905672231	0.076175747437397	0.0597427483587644	0.697214772613433	1.37281496059266	0.340154616010484
C:	-0.150495757712029	-0.0762761107410036	-0.480833945889933	0.533005808563437	-0.374614124526381	-0.965444483435659	-2.65888274632819	-0.0567162086301784	-4.33523692174253	-4.38754781439414	-3.89119031219149	-2.33913406272411	-4.52588461607151	0.409599903520317	-1.78703376035939	-0.504993511340746	-0.706655425091276	0.0154019069765488	-0.742769384836789
G:	0.0226855674186606	-0.151699723773725	-0.241041965657779	-1.34907336370718	-0.610438080972323	0.335599446752169	1.18029351828003	-1.69200691906645	2.39124734781387	0.95877297338401	3.33241616316265	2.0417855891676	2.33101206945076	-1.27921394055225	1.6510294210754	0.020467423048836	0.262018303685529	-1.7473518081586	-0.240793212339247
T:	0.272226809023927	0.794422889227056	1.14282149765992	0.672183225905094	-0.212858196417645	0.839128656383183	0.289161848887624	1.66566280313769	1.67564833124639	2.21503756084994	-1.17828355070736	2.76310211159285	0.426404646850749	0.822614132106326	0.0678180742677068	0.505644424199401	-0.173126698721357	-0.0535484905347453	0.654143492327854

Probability matrix

A:	0.324453578454136	0.37861651031749	0.333002892144562	0.137547654106676	0.0622277773402011	0.232983686168835	0.0184668127845487	0.12721853553261	0.00987816507570464	0.00380528668227526	0.00260125074719362	0.560649718993003	0.00236051732749996	0.154709090845778	0.115475875076614	0.225261382441961	0.111062768174938	0.0315459259269168	0.154522208896873
C:	0.270624992342938	0.248852052394888	0.336193459795085	0.10221998406609	0.30089589760276	0.53383945042202	0.913943871072263	0.138326176015116	0.986520387702724	0.990132618293422	0.934705395534873	0.43132886951307	0.989604501942662	0.119480660608162	0.744171219539422	0.396231123972737	0.452128177534473	0.122591477153947	0.456350809929292
G:	0.227591588760412	0.268347334545975	0.264514160634798	0.67129344732999	0.380919591237618	0.145336422316486	0.0196601332959561	0.709744609935864	0.00118258145460198	0.00471862811737464	0.000681557212377934	0.00539758259400206	0.00104123622466772	0.646755526739195	0.0239078763899615	0.234284632179302	0.171621589052679	0.714520164436519	0.276244311637437
T:	0.177329840442513	0.104184102741647	0.0662894874255554	0.0889389144972436	0.255956733819421	0.0878404410926586	0.0479291828472316	0.0247106785164095	0.00241886576696914	0.0013434669069283	0.0620117965055558	0.00262382889992462	0.00699374450517004	0.0790547218068649	0.116445028994002	0.144222861406	0.26518746523791	0.131342432482617	0.112882669536398



3	C.CCC.CGC	0.495770202846928

Enrichment score matrix

A:	0.0236686390532544	0.189613526570048	-0.0433673469387755	0.0911111111111111	-0.0686274509803922	0.0602479659046881	0.00219023779724656	-0.0488505747126437	-0.0683501683501684	0.256540697674419	-0.0964076246334311	0.00726744186046512	-0.147252747252747	0.168648648648649	-0.0351473922902494	0.0208333333333333	-0.06
C:	0.125925925925926	-0.147435897435897	0.12280701754386	0.0866587254318046	0.228712174524982	0.156084656084656	0.32793451758969	0.349425287356322	0.353631694790902	0.218946978123841	0.399233716475096	0.00484308407593956	0.205397301349325	-0.0285024154589372	0.164956011730205	-0.0675213675213675	0.154320987654321
G:	0.0120967741935484	0.136363636363636	0.0117647058823529	-0.0110653628409676	-0.0967105263157895	0.0340463458110517	-0.203030303030303	-0.0307116104868914	-0.300841514726508	-0.119549418604651	-0.231835205992509	0.192754746222394	-0.0673992673992674	-0.0297482837528604	-0.0593348450491308	0.131276901004304	0.0112781954887218
T:	-0.166666666666667	-0.218367346938776	-0.0256198347107438	-0.121408450704225	-0.0457236842105263	-0.153011204481793	-0.1015625	-0.198635057471264	0.0504908835904628	-0.278030303030303	-0.0613026819923372	-0.145348837209302	0.0133426966292135	-0.0637837837837838	-0.082010582010582	-0.0827922077922078	-0.0599078341013825

Energy matrix for enoLOGOS

A:	-0.217996221821921	-1.74640511884089	0.399428026335702	-0.839164345002275	0.632082182390522	-0.554904272701393	-0.0201728356082082	0.449930420470101	0.629528314986924	-2.36282714484563	0.887947037327616	-0.0669356131684316	1.35624792290638	-1.55331145732788	0.323719446180569	-0.191882091082837	0.552620422318571
C:	-1.15982063943404	1.35793479843239	-1.1310944316462	-0.79815635742855	-2.10651697458991	-1.43759280938253	-3.02038852672086	-3.21832583112731	-3.25706827534301	-2.0165761919362	-3.67707841670467	-0.0446064527895011	-1.89177905691265	0.262516947800287	-1.51930101443889	0.621894777253093	-1.42134882283583
G:	-0.111415407725518	-1.25595550526948	-0.108356945552661	0.101915758104729	0.890736864921381	-0.313578433341792	1.86997819673456	0.282864385955823	2.77085274865202	1.1010908366207	2.13528115739822	-1.77533682102214	0.620770193569091	0.273991818845973	0.54649411882096	-1.20910494122786	-0.103876019232814
T:	1.5350567286627	2.01123759143153	0.23596739795972	1.11821315502021	0.421130694639701	1.40928527400336	0.935425194028831	1.8294964891174	-0.46503822354999	2.56075372463277	0.56461856686444	1.33871226336863	-0.122890777435075	0.587470358861184	0.755345374421327	0.762544413913613	0.551771543021615

Probability matrix

A:	0.215665846906755	0.595045478020654	0.118206441499759	0.401403964153438	0.0541352642924406	0.230242576438524	0.0462417038109891	0.0240286189873431	0.0189214429086647	0.572765616129813	0.0101282204387469	0.129144650394911	0.030106745801831	0.69390825301821	0.114085798306551	0.217688599239156	0.0898628423464811
C:	0.553108742028334	0.0266902390255852	0.546183531795703	0.385276140237127	0.837218397888764	0.556586152462778	0.928989802522892	0.941525873943928	0.922320165826267	0.405137142494162	0.97296789375824	0.126292915691487	0.774932740768405	0.112901002016994	0.720518608755603	0.0964754652010508	0.646940145322032
G:	0.193862547650051	0.364376700030768	0.196412604584399	0.156630293357948	0.0417972741766436	0.180875254852161	0.00698476283363948	0.0283977981506559	0.00222325289339411	0.0179314939370304	0.00290952986692402	0.712895114350417	0.0628170786169005	0.111612882216372	0.0913023119099184	0.602018663836264	0.173257854892004
T:	0.03736286341486	0.0138875829229921	0.139197422120139	0.0566896022514873	0.0668490636421522	0.0322960162465366	0.0177837308324796	0.00604770891807293	0.0565351383716741	0.00416574743899502	0.0139943559360888	0.0316673195631855	0.132143434812863	0.0815778627484245	0.0740932810279274	0.0838172717235284	0.0899391574394832



4	C.CCCAC.C	0.495104161892102

Enrichment score matrix

A:	0.036036036036036	0.0538461538461538	0.0511705685618729	-0.0256410256410256	-0.130434782608696	0.0148005148005148	-0.03125	-0.00293061070145585	-0.0216494845360825	-0.104659498207885	-0.155592105263158	0.256540697674419	-0.168010752688172	-0.0164171897633993	-0.00827067669172932	-0.00648648648648649	-0.0756991321118611	-0.149051490514905	-0.0369318181818182
C:	0.0163398692810458	0.0082815734989648	0.0522058823529412	-0.0578703703703704	0.0406732117812062	0.10482180293501	0.227631578947368	0.00615788411064002	0.399013157894737	0.44627808988764	0.421710526315789	0.218946978123841	0.470723684210526	-0.0444717444717445	0.194024725274725	0.0548289738430583	0.0767241379310345	-0.00167224080267559	0.0806451612903226
G:	-0.00246305418719212	0.0164705882352941	0.0261707988980716	0.146473779385172	0.0662774725274725	-0.0364372469635627	-0.160197368421053	0.183707317073171	-0.265312701482914	-0.0974517906336088	-0.311089619600258	-0.119549418604651	-0.240986717267552	0.138888888888889	-0.179258241758242	-0.00222222222222222	-0.028448275862069	0.189716312056738	0.0261437908496732
T:	-0.0295566502463054	-0.0862533692722372	-0.124080267558528	-0.0729813664596273	0.0231107850330154	-0.0911072362685266	-0.0368421052631579	-0.18084704102855	-0.107565789473684	-0.192064606741573	0.0536082474226804	-0.278030303030303	-0.0580756013745704	-0.0893141945773525	-0.0073632538569425	-0.0548996458087367	0.018796992481203	0.00581395348837209	-0.0710227272727273

Energy matrix for enoLOGOS

A:	-0.331904157548691	-0.495941404644871	-0.471298353482393	0.236162573640415	1.20134874417081	-0.136317778993213	0.287823136624256	0.0269919220581643	0.199399121455154	0.963949601654855	1.43305624866603	-2.36282714484563	1.54743621840998	0.151207905672231	0.076175747437397	0.0597427483587644	0.697214772613433	1.37281496059266	0.340154616010484
C:	-0.150495757712029	-0.0762761107410036	-0.480833945889933	0.533005808563437	-0.374614124526381	-0.965444483435659	-2.09656432151563	-0.0567162086301784	-3.6750469971076	-4.11037310842055	-3.88409748581364	-2.0165761919362	-4.33552535272958	0.409599903520317	-1.78703376035939	-0.504993511340746	-0.706655425091276	0.0154019069765488	-0.742769384836789
G:	0.0226855674186606	-0.151699723773725	-0.241041965657779	-1.34907336370718	-0.610438080972323	0.335599446752169	1.47547228985276	-1.69200691906645	2.44362028566615	0.897564161594098	2.86524128270697	1.1010908366207	2.21956969115935	-1.27921394055225	1.6510294210754	0.020467423048836	0.262018303685529	-1.7473518081586	-0.240793212339247
T:	0.272226809023927	0.794422889227056	1.14282149765992	0.672183225905094	-0.212858196417645	0.839128656383183	0.339328329493859	1.66566280313769	0.990717533432965	1.76898040149964	-0.493750205508002	2.56075372463277	0.534896055967002	0.822614132106326	0.0678180742677068	0.505644424199401	-0.173126698721357	-0.0535484905347453	0.654143492327854

Probability matrix

A:	0.324453578454136	0.37861651031749	0.333002892144562	0.137547654106676	0.0622277773402011	0.232983686168835	0.0762942417538075	0.12721853553261	0.0201145422260234	0.00615840929641422	0.00471899987889589	0.572765616129813	0.00275380671557207	0.154709090845778	0.115475875076614	0.225261382441961	0.111062768174938	0.0315459259269168	0.154522208896873
C:	0.270624992342938	0.248852052394888	0.336193459795085	0.10221998406609	0.30089589760276	0.53383945042202	0.82797662647103	0.138326176015116	0.968636261086795	0.984507211580151	0.961746229878557	0.405137142494162	0.98825996521177	0.119480660608162	0.744171219539422	0.396231123972737	0.452128177534473	0.122591477153947	0.456350809929292
G:	0.227591588760412	0.268347334545975	0.264514160634798	0.67129344732999	0.380919591237618	0.145336422316486	0.0232649587842764	0.709744609935864	0.00213234408307255	0.00658111348165771	0.00112683391270582	0.0179314939370304	0.00140614334695939	0.646755526739195	0.0239078763899615	0.234284632179302	0.171621589052679	0.714520164436519	0.276244311637437
T:	0.177329840442513	0.104184102741647	0.0662894874255554	0.0889389144972436	0.255956733819421	0.0878404410926586	0.0724641729908865	0.0247106785164095	0.00911685260410859	0.00275326564177735	0.0324079363298411	0.00416574743899502	0.00758008472569825	0.0790547218068649	0.116445028994002	0.144222861406	0.26518746523791	0.131342432482617	0.112882669536398



5	CGTGGGC	0.494341887537981

Enrichment score matrix

A:	-0.122377622377622	-0.0037037037037037	0.00631136044880785	0.104463437796771	0.0270793036750484	-0.0766590389016018	0.0401721664275466	-0.0937615356220007	-0.0791715060007743	-0.290634146341463	0.0966356478167502	-0.211596638655462	-0.180099414166519	-0.0639880952380952	-0.0926995798319328	-0.0333333333333333	0.0862068965517241	0.0118577075098814	-0.149350649350649	-0.117647058823529
C:	-0.0793226381461676	0.118131868131868	0.00669642857142857	-0.00389483933787731	-0.00907258064516129	0.0722273998136067	-0.180808080808081	0.233636363636364	-0.224685883222469	-0.246230158730159	-0.280546327057955	-0.0818713450292398	-0.22705223880597	0.198953823953824	-0.115151515151515	0.0305921052631579	-0.0279835390946502	0.00922266139657444	0.214285714285714	0.0575757575757576
G:	0.0654761904761905	0.0198412698412698	-0.000865051903114187	-0.0147198480531814	0.00460526315789474	-0.0617283950617284	0.339470284237726	-0.0884146341463415	0.495750184774575	0.186048780487805	0.418933428775948	0.478181818181818	0.420104895104895	-0.122655122655123	0.245506829618979	-0.00690789473684211	-0.0474418604651163	-0.00242424242424242	-0.0871459694989107	0.0396825396825397
T:	0.148809523809524	-0.105102040816327	-0.0116120218579235	-0.0905	-0.0238575268817204	0.0611325611325611	-0.217285664699757	-0.0596417682926829	-0.215830273357813	0.331035767511177	-0.244186046511628	-0.193096646942801	-0.0287317808678171	-0.0151923076923077	-0.0534341681130672	0.00805931656995487	-0.0154320987654321	-0.0184453227931489	-0.0247641509433962	0.0158371040723982

Energy matrix for enoLOGOS

A:	1.12713955601107	0.0341123717480599	-0.0581297779437487	-0.962143818535024	-0.249409603883301	0.706055840872316	-0.369999326277379	0.863575656877796	0.729196518029086	2.67683941152361	-0.890047208458686	1.94887706358286	1.65877690526715	0.589352136897285	0.85379468259128	0.307011345732539	-0.793994859653119	-0.109213522197346	1.37557031529514	1.08356945552661
C:	0.730588496529305	-1.08803471427191	-0.0616763864194834	0.0358727959960124	0.0835615557941388	-0.665238936466127	1.6653039662462	-2.15187043236171	2.06943346125703	2.26786357175048	2.58392716231152	0.754062954430799	2.0912284016222	-1.83243243692095	1.06058464889423	-0.281763702169008	0.257737919874231	-0.0849438505979358	-1.97364436542347	-0.530292324447114
G:	-0.60305800054606	-0.182744848650321	0.00796742246710743	0.135574810793572	-0.0424160411867324	0.568539529134332	-3.12663686400096	0.814328874351553	-4.56602794124392	-1.71357259408376	-3.85851947222553	-4.40421730514498	-3.86930907584944	1.12969542802017	-2.26120146443556	0.0636240617800986	0.436955682763521	0.0223280978714574	0.802644041130822	-0.365489697300642
T:	-1.37058636487741	0.968025569707701	0.106950673718303	0.833535803663845	0.219735943014217	-0.56305169584153	2.00127492983585	0.549320986362147	1.98787028020212	-3.04895209407632	2.2490366024593	1.77848584303051	0.264629481285628	0.139926324881946	0.492146875814745	-0.0742290487747919	0.142134882283583	0.169887701195872	0.228086259211674	-0.145865119013197

Probability matrix

A:	0.0493016952392488	0.175235038784654	0.264032099883682	0.535258622429841	0.316921823855764	0.103674795954189	0.0589247124048231	0.0419852185276105	0.00497690248747071	0.00256505735484772	0.048693836774919	0.00172486454924321	0.00388587622004435	0.069367819636343	0.0387864086859272	0.180458442974324	0.491765539076881	0.277067516694662	0.0290663328752566	0.0729896669628464
C:	0.0732962557292	0.53822421916635	0.264970180886715	0.197301580170995	0.2271666686828	0.408525287357299	0.00769797475619284	0.856422394333386	0.00130287161610868	0.00386111761336555	0.00150919756607253	0.00569713054184861	0.00252160852458058	0.781494130901811	0.03154073633592	0.325146407769942	0.171789394638958	0.270424121647826	0.827819585926256	0.366566394307826
G:	0.278148744624249	0.217671135705128	0.247144574143156	0.178579058365504	0.257665328969204	0.118958578149475	0.927876002474234	0.0441046138330739	0.99230663394988	0.206932539609698	0.947687428312829	0.99053271458771	0.977926465708581	0.0404101008537619	0.873987471329764	0.230186028688376	0.143602851534499	0.242916946021371	0.051547660829175	0.31087068924408
T:	0.599253304407302	0.0688696063438682	0.223853145086447	0.0888607390336596	0.198246178492232	0.368841338539038	0.00550131036475023	0.05748777330593	0.00141359194654037	0.786641285422089	0.00210953734617974	0.00204529032119864	0.0156660495467937	0.108727948608084	0.0556853836483885	0.264209120567359	0.192842214749662	0.209591415636142	0.0915664203693123	0.249573249485248



