1	CATCCGG	0.494302768361346

Enrichment score matrix

A:	0.0223214285714286	0.0163636363636364	0.030791788856305	0.0220779220779221	0.0599226804123711	0.0503467406380028	0.3046	-0.2286866359447	0.222040072859745	0.0617667356797792	-0.0673992673992674	-0.203577817531306	-0.365079365079365	-0.288321167883212	-0.0655270655270655	-0.0735677083333333	-0.0215	0.0201192250372578	0	0.170138888888889
C:	0.20935960591133	0.0258358662613982	0.0404040404040404	0.0311244979919679	-0.0447809278350515	-0.0115950226244344	-0.11624704956727	0.249494949494949	-0.296136534133533	-0.18021978021978	0.466929133858268	0.497222222222222	-0.111835885800718	0.058322192513369	0.178718535469108	-0.02643831060858	-0.0189873417721519	0.0247863247863248	0.0227272727272727	-0.0770833333333333
G:	-0.173076923076923	0.041343669250646	-0.0367070563079116	0.0189933523266857	-0.00193298969072165	0.0266256355365266	0.166473093302362	-0.0854454685099846	0.136614173228346	-0.16996336996337	-0.245421245421245	-0.117361111111111	0.401511111111111	0.214732510288066	-0.184513274336283	0.0636363636363636	0.0161443494776828	0.0166666666666667	0.00121951219512195	-0.0942350332594235
T:	-0.00909090909090909	-0.0749354005167959	-0.0291005291005291	-0.0708333333333333	-0.0129419191919192	-0.0707547169811321	-0.346883468834688	0.0263888888888889	-0.0935238095238095	0.262904636920385	-0.173156661258338	-0.197368421052632	0.0686538461538461	0.00710227272727273	0.0739991003148898	0.0345052083333333	0.0227920227920228	-0.0557971014492754	-0.027355623100304	-0.0364891518737673

Energy matrix for enoLOGOS

A:	-0.205587954731611	-0.150714660632338	-0.283602856028592	-0.20334517704363	-0.551908282599088	-0.463710617895611	-2.80546967730395	2.10628175557289	-2.04506464725664	-0.568892659276652	0.620770193569091	1.87502099164739	3.36250521516591	2.65553609265007	0.603526577081061	0.677583634136269	0.198022317997488	-0.18530491061353	0	-1.5670370771765
C:	-1.92827323058615	-0.237957122072333	-0.37213496452429	-0.286667220412913	0.412447587533727	0.106794104991805	1.07067489375254	-2.29793340593749	2.72751827594719	1.65988551758692	-4.30057625242667	-4.57958590717705	1.03004657402608	-0.537167244288049	-1.64605854245158	0.24350583956505	0.17487988048056	-0.228290487852401	-0.209325917544913	0.709963737006498
G:	1.5940973720728	-0.380789266024855	0.338084482649161	-0.174935239733641	0.0178034929870674	-0.245231165911595	-1.5332738520905	0.786981848219931	-1.25826303506919	1.56542048813075	2.26041320484397	1.08093577976665	-3.69805399646368	-1.97775950868196	1.69943005978499	-0.586112569125757	-0.148694953773595	-0.15350567286627	-0.011232122404849	0.867936731283787
T:	0.0837303670179653	0.69018054467005	0.268025778020471	0.652399109681646	0.119199480824187	0.65167502631907	3.19491481737927	-0.243050648704927	0.861386118598154	-2.42144119140756	1.59483178786427	1.81783033657425	-0.632325290922211	-0.0654143492327854	-0.681556901120145	-0.317804713355949	-0.209922287680369	0.513910296117512	0.251954599841294	0.336077508642129

Probability matrix

A:	0.133090764874294	0.264467751258427	0.311952350459072	0.287038897653617	0.406825029900448	0.370814122769285	0.767210034135583	0.0103077592488554	0.658576443386106	0.131543739960653	0.00720675013917692	0.00156275617843543	0.000812534881324616	0.00697343261131355	0.0692856283841591	0.113794251426827	0.202365534272393	0.284932832736129	0.24866824448002	0.746661502318074
C:	0.745247675884761	0.288576952042039	0.340829571408024	0.311980217964497	0.155093369729702	0.209599003339257	0.0159047217624421	0.843122362126184	0.00557057164751533	0.0141619847261884	0.988673901875802	0.993325040406579	0.00837174383509718	0.169832205673424	0.6570910685564	0.175645858498115	0.207103377168523	0.297447891529552	0.306569834409976	0.0766010761371531
G:	0.0220066792889497	0.332883948371127	0.167530113061909	0.278998889397731	0.230136224828738	0.298038141008914	0.214984251621938	0.0385592818024282	0.299848992442867	0.0155650228538715	0.00139846484385892	0.00345746705264385	0.946681561924749	0.717234746909858	0.0231578547111269	0.40265825873176	0.286229206009644	0.276014731732663	0.251477061598962	0.0654075785133368
T:	0.0996548799519955	0.114071348328407	0.179687965070994	0.121981994984156	0.207945375541113	0.121548732882544	0.00190099248003671	0.108010596822533	0.0360039925235115	0.838729252459287	0.0027208831411622	0.00165473636234194	0.0441341593588295	0.105959614805404	0.250465448348314	0.307901631343298	0.30430188254944	0.141604544001656	0.193284859511042	0.111329843031436



2	ACATCCG	0.494014343508643

Enrichment score matrix

A:	0.0223214285714286	0.0163636363636364	0.030791788856305	0.0220779220779221	0.0599226804123711	0.0503467406380028	0.3046	-0.289652247667515	0.325198412698413	-0.0549748354626403	-0.0644863266814486	-0.230221345605961	-0.335395575553056	-0.288321167883212	-0.0655270655270655	-0.0735677083333333	-0.0215	0.0201192250372578	0	0.170138888888889
C:	0.20935960591133	0.0258358662613982	0.0404040404040404	0.0311244979919679	-0.0447809278350515	-0.0115950226244344	-0.11624704956727	0.394117647058824	-0.363077496274218	-0.157539384846212	0.483858267716535	0.496551724137931	-0.212842987804878	0.058322192513369	0.178718535469108	-0.02643831060858	-0.0189873417721519	0.0247863247863248	0.0227272727272727	-0.0770833333333333
G:	-0.173076923076923	0.041343669250646	-0.0367070563079116	0.0189933523266857	-0.00193298969072165	0.0266256355365266	0.166473093302362	-0.146544614877124	0.0855609756097561	-0.21099024756189	-0.250801282051282	-0.0439655172413793	0.415116279069767	0.214732510288066	-0.184513274336283	0.0636363636363636	0.0161443494776828	0.0166666666666667	0.00121951219512195	-0.0942350332594235
T:	-0.00909090909090909	-0.0749354005167959	-0.0291005291005291	-0.0708333333333333	-0.0129419191919192	-0.0707547169811321	-0.346883468834688	0.0778236914600551	-0.0250731707317073	0.442716535433071	-0.158351810790835	-0.238360208948444	0.135030045952633	0.00710227272727273	0.0739991003148898	0.0345052083333333	0.0227920227920228	-0.0557971014492754	-0.027355623100304	-0.0364891518737673

Energy matrix for enoLOGOS

A:	-0.205587954731611	-0.150714660632338	-0.283602856028592	-0.20334517704363	-0.551908282599088	-0.463710617895611	-2.80546967730395	2.66779579052576	-2.99518806937876	0.506336946504304	0.593941018074591	2.12041695392526	3.0891074100985	2.65553609265007	0.603526577081061	0.677583634136269	0.198022317997488	-0.18530491061353	0	-1.5670370771765
C:	-1.92827323058615	-0.237957122072333	-0.37213496452429	-0.286667220412913	0.412447587533727	0.106794104991805	1.07067489375254	-3.62995767601414	3.34406732209046	1.45099135642536	-4.45649933746407	-4.57341039160197	1.9603563634713	-0.537167244288049	-1.64605854245158	0.24350583956505	0.17487988048056	-0.228290487852401	-0.209325917544913	0.709963737006498
G:	1.5940973720728	-0.380789266024855	0.338084482649161	-0.174935239733641	0.0178034929870674	-0.245231165911595	-1.5332738520905	1.34972578269847	-0.788045707924206	1.94329199521253	2.30996517342031	0.404937378423091	-3.82336222418081	-1.97775950868196	1.69943005978499	-0.586112569125757	-0.148694953773595	-0.15350567286627	-0.011232122404849	0.867936731283787
T:	0.0837303670179653	0.69018054467005	0.268025778020471	0.652399109681646	0.119199480824187	0.65167502631907	3.19491481737927	-0.716782687350764	0.230932436643696	-4.07756997964064	1.45847407590236	2.19537865555053	-1.24367268366734	-0.0654143492327854	-0.681556901120145	-0.317804713355949	-0.209922287680369	0.513910296117512	0.251954599841294	0.336077508642129

Probability matrix

A:	0.133090764874294	0.264467751258427	0.311952350459072	0.287038897653617	0.406825029900448	0.370814122769285	0.767210034135583	0.00173132699562448	0.868438921562954	0.0100479705026616	0.00634146723539928	0.00122715393718401	0.000921681930109515	0.00697343261131355	0.0692856283841591	0.113794251426827	0.202365534272393	0.284932832736129	0.24866824448002	0.746661502318074
C:	0.745247675884761	0.288576952042039	0.340829571408024	0.311980217964497	0.155093369729702	0.209599003339257	0.0159047217624421	0.940716322729161	0.00153333003752826	0.00390679077826944	0.98984713523712	0.99081215119544	0.00284964935532981	0.169832205673424	0.6570910685564	0.175645858498115	0.207103377168523	0.297447891529552	0.306569834409976	0.0766010761371531
G:	0.0220066792889497	0.332883948371127	0.167530113061909	0.278998889397731	0.230136224828738	0.298038141008914	0.214984251621938	0.00646859010309993	0.0955409446506293	0.00238790312042361	0.00114006583583413	0.00682216719250677	0.926037324570908	0.717234746909858	0.0231578547111269	0.40265825873176	0.286229206009644	0.276014731732663	0.251477061598962	0.0654075785133368
T:	0.0996548799519955	0.114071348328407	0.179687965070994	0.121981994984156	0.207945375541113	0.121548732882544	0.00190099248003671	0.0510837601721147	0.0344868037488886	0.983657335598645	0.00267133169164642	0.00113852767486947	0.070191344143653	0.105959614805404	0.250465448348314	0.307901631343298	0.30430188254944	0.141604544001656	0.193284859511042	0.111329843031436



3	CATCCG.C	0.492146273835188

Enrichment score matrix

A:	0.0223214285714286	0.0163636363636364	0.030791788856305	0.0220779220779221	0.0599226804123711	0.0503467406380028	0.3046	-0.219759926131117	0.268698060941828	-0.0237416904083571	-0.121323529411765	-0.200917431192661	-0.258499730167296	-0.288321167883212	-0.0655270655270655	-0.0735677083333333	-0.0215	0.0201192250372578	0	0.170138888888889
C:	0.20935960591133	0.0258358662613982	0.0404040404040404	0.0311244979919679	-0.0447809278350515	-0.0115950226244344	-0.11624704956727	0.321791320406279	-0.311302681992337	-0.171421421421421	0.494152046783626	0.48733862959285	-0.231328320802005	0.058322192513369	0.178718535469108	-0.02643831060858	-0.0189873417721519	0.0247863247863248	0.0227272727272727	-0.0770833333333333
G:	-0.173076923076923	0.041343669250646	-0.0367070563079116	0.0189933523266857	-0.00193298969072165	0.0266256355365266	0.166473093302362	-0.137881784223248	0.0217391304347826	-0.268349817803227	-0.290204678362573	-0.063564875491481	0.446115288220551	0.214732510288066	-0.184513274336283	0.0636363636363636	0.0161443494776828	0.0166666666666667	0.00121951219512195	-0.0942350332594235
T:	-0.00909090909090909	-0.0749354005167959	-0.0291005291005291	-0.0708333333333333	-0.0129419191919192	-0.0707547169811321	-0.346883468834688	0.0452991452991453	0.00955833882663151	0.438435538387253	-0.0946969696969697	-0.24537037037037	0.0372369131138694	0.00710227272727273	0.0739991003148898	0.0345052083333333	0.0227920227920228	-0.0557971014492754	-0.027355623100304	-0.0364891518737673

Energy matrix for enoLOGOS

A:	-0.205587954731611	-0.150714660632338	-0.283602856028592	-0.20334517704363	-0.551908282599088	-0.463710617895611	-2.80546967730395	2.02406371978793	-2.47480059856424	0.218669049667051	1.11743100101182	1.85051792794751	2.3808705009048	2.65553609265007	0.603526577081061	0.677583634136269	0.198022317997488	-0.18530491061353	0	-1.5670370771765
C:	-1.92827323058615	-0.237957122072333	-0.37213496452429	-0.286667220412913	0.412447587533727	0.106794104991805	1.07067489375254	-2.96380758968947	2.86720365985849	1.57884963833926	-4.55130854638589	-4.48855465496257	2.13061257226416	-0.537167244288049	-1.64605854245158	0.24350583956505	0.17487988048056	-0.228290487852401	-0.209325917544913	0.709963737006498
G:	1.5940973720728	-0.380789266024855	0.338084482649161	-0.174935239733641	0.0178034929870674	-0.245231165911595	-1.5332738520905	1.26993816379149	-0.200224790695134	2.47159316072552	2.67288386525917	0.585454138978827	-4.10887364965354	-1.97775950868196	1.69943005978499	-0.586112569125757	-0.148694953773595	-0.15350567286627	-0.011232122404849	0.867936731283787
T:	0.0837303670179653	0.69018054467005	0.268025778020471	0.652399109681646	0.119199480824187	0.65167502631907	3.19491481737927	-0.417220546764733	-0.0880355539839517	-4.03814053971723	0.872191323103805	2.25994462830897	-0.342964644180441	-0.0654143492327854	-0.681556901120145	-0.317804713355949	-0.209922287680369	0.513910296117512	0.251954599841294	0.336077508642129

Probability matrix

A:	0.133090764874294	0.264467751258427	0.311952350459072	0.287038897653617	0.406825029900448	0.370814122769285	0.767210034135583	0.00620203076109397	0.833643606255251	0.0138992870164092	0.0034228029934981	0.00174984787855534	0.00147955715554209	0.00697343261131355	0.0692856283841591	0.113794251426827	0.202365534272393	0.284932832736129	0.24866824448002	0.746661502318074
C:	0.745247675884761	0.288576952042039	0.340829571408024	0.311980217964497	0.155093369729702	0.209599003339257	0.0159047217624421	0.909366397035203	0.00399004185960205	0.00356675763054394	0.991480570335042	0.990887930378912	0.00190027906635	0.169832205673424	0.6570910685564	0.175645858498115	0.207103377168523	0.297447891529552	0.306569834409976	0.0766010761371531
G:	0.0220066792889497	0.332883948371127	0.167530113061909	0.278998889397731	0.230136224828738	0.298038141008914	0.214984251621938	0.0131839784225836	0.0857323447336782	0.0014606965835793	0.000722532367919713	0.0062002688039434	0.974073706039257	0.717234746909858	0.0231578547111269	0.40265825873176	0.286229206009644	0.276014731732663	0.251477061598962	0.0654075785133368
T:	0.0996548799519955	0.114071348328407	0.179687965070994	0.121981994984156	0.207945375541113	0.121548732882544	0.00190099248003671	0.0712475937811199	0.076634007151469	0.981073258769468	0.0043740943035408	0.00116195293858896	0.0225464577388504	0.105959614805404	0.250465448348314	0.307901631343298	0.30430188254944	0.141604544001656	0.193284859511042	0.111329843031436



4	G..GCCGGA	0.492071152785439

Enrichment score matrix

A:	0.0785714285714286	-0.00694444444444444	0.0134920634920635	0.00384615384615385	-0.036300505050505	-0.00530932594644506	0.02355241109663	0.144142614601019	-0.143642611683849	0.0764973958333333	-0.173684210526316	-0.178419452887538	0.198709239130435	0.101187530925285	-0.00987962752668635	-0.17590206185567	-0.030321046373365	0.0460947503201024	-0.0715811965811966	-0.012987012987013
C:	-0.00666666666666667	0.0779153766769866	0.0162429378531073	0.0649382716049383	0.0547680412371134	0.0748187211601846	0.0420809659090909	-0.167644183773216	0.216776315789474	0.368489583333333	-0.12001329787234	-0.134020618556701	-0.122695035460993	0.0835110163468372	-0.043859649122807	0.126932989690722	0.00542635658914729	-0.0966183574879227	0.0650510204081633	-0.0383064516129032
G:	-0.0436507936507936	0.104848484848485	-0.0563492063492064	0.0627289377289377	0.0489690721649485	-0.0450191570881226	-0.00655624568668047	0.106715425531915	0.0257898130238556	-0.107914865314267	0.47938829787234	0.447809278350515	-0.141345820326049	-0.357610192837466	0.213146551724138	-0.131628787878788	-0.00542635658914729	0.0609903381642512	0.00773993808049536	0.0547619047619048
T:	-0.0242424242424242	-0.156	0.0254934210526316	-0.12962962962963	-0.0666881443298969	-0.0304347826086957	-0.0606032396201825	-0.0802083333333333	-0.105592105263158	-0.332535885167464	-0.193378607809847	-0.13030303030303	0.0584460631286854	0.173719181675118	-0.167045196456961	0.183311855670103	0.0318352059925094	-0.00807453416149068	0.0087719298245614	0.00952380952380952

Energy matrix for enoLOGOS

A:	-0.723669600655272	0.0639606970276124	-0.124266497082218	-0.0354243860460622	0.334340007189792	0.0489006991125236	-0.216925722780672	-1.32760254258197	1.32299734552785	-0.704567053194793	1.59969069618534	1.64330389007599	-1.83017972744771	-0.931971601221737	0.0909947322691265	1.62011786182313	0.279267157533166	-0.424548339809402	0.659287184746158	0.119614810025665
C:	0.0614022691465079	-0.717627139405781	-0.149602986267975	-0.598103584649318	-0.504432301300242	-0.689105888081277	-0.387580019204254	1.54405999393345	-1.99658365300405	-3.39391448602768	1.10536332256762	1.23437551377	1.13006303854743	-0.769164885364038	0.403962297016499	-1.16909603948409	-0.0499785911657622	0.889887958645042	-0.599142039503553	0.352815457797475
G:	0.402038667030706	-0.965690232940533	0.518995370166912	-0.577754867656015	-0.45102182233904	0.414641760041073	0.0603852543366278	-0.982885392089214	-0.237532956079334	0.993932640740363	-4.41532939374656	-4.12447587533727	1.3018431153591	3.2937115965211	-1.96315229049234	1.21234593911429	0.0499785911657622	-0.561741773894683	-0.0712874641793822	-0.504375782274886
T:	0.223280978714574	1.43681309802828	-0.23480308514084	1.1939330111821	0.614220508053824	0.280314706973188	0.558176464546313	0.738746050668923	0.972539230067222	3.06276868828873	1.78108279858758	1.20013526059084	-0.5383081348172	-1.600012792369	1.53854311687224	-1.68836458494022	-0.293213083002987	0.0743692079724785	-0.0807924594032998	-0.0877175273521541

Probability matrix

A:	0.461162786455934	0.160297248738543	0.2726197613862	0.209737688712749	0.15967810524403	0.218395213473938	0.293724044115165	0.528632641108742	0.028711024379078	0.0627819812616838	0.00242126312745485	0.00308747090330652	0.729824799133856	0.262138049904258	0.102389763169992	0.0216847821658879	0.184492228110088	0.33081218428315	0.115044825655067	0.204551385261855
C:	0.210330315691599	0.35023968440727	0.279615235177905	0.368167076430297	0.369419278477225	0.456830723644523	0.348380403936255	0.0299231136597368	0.793824315973095	0.924280449673351	0.00396940707083223	0.0046472732706063	0.0378095508294361	0.222753227852808	0.0748749339140166	0.352772944463008	0.256429324140012	0.088864656322688	0.404944922880156	0.162003601881472
G:	0.14961163385638	0.448846440647332	0.143282204219165	0.360751057911106	0.350206078198577	0.151496915707206	0.22258960151429	0.374494306491628	0.136703107444	0.0114864538592138	0.991589734278985	0.987456103161627	0.0318418563378306	0.00383123833225279	0.798658752525684	0.0326022940185329	0.232036782624887	0.379458117844776	0.238864510532875	0.381766745752795
T:	0.178895263996088	0.0406166262068549	0.30448279921673	0.0613441769458485	0.120696538080167	0.173277147174334	0.13530595043429	0.0669499387398933	0.0407615522038275	0.00145111520575158	0.00201959552272771	0.0048091526644602	0.200523793698877	0.511277483910681	0.0240765503903076	0.592939979352571	0.327041665125013	0.200865041549386	0.241145740931902	0.251678267103878



5	CCGGAT.C	0.491970825288836

Enrichment score matrix

A:	0.174107142857143	-0.005	-0.0909090909090909	-0.0114885114885115	-0.0368455074337427	0.105324074074074	0.22004132231405	-0.0533850682365534	0.0617117117117117	-0.136473429951691	-0.22501859657823	0.265151515151515	-0.0138527113426474	0.0263888888888889	-0.207177033492823	-0.124362244897959	0.0501298701298701	-0.124807395993837	-0.0313131313131313	0.125806451612903
C:	0.0357142857142857	-0.0604395604395604	0.0657894736842105	0.04995004995005	0.00205902539464653	-0.030715811965812	-0.217586649550706	0.33442265795207	0.426570048309179	-0.131341868183973	-0.152046783625731	-0.183362261343913	0.0833333333333333	-0.0854454685099846	0.216021825396825	0.126531862745098	0.0131578947368421	0.0955882352941176	0.0492424242424242	0.0555555555555556
G:	-0.151785714285714	0.00826446280991736	0.0484351713859911	0.0311181434599156	0.0137268359643102	-0.0525346927216086	0.096570752857706	-0.0486425339366516	-0.0964136003726129	0.483333333333333	0.446717171717172	-0.119142077857674	-0.320053475935829	0.249494949494949	-0.15625	-0.0130739795918367	-0.00723938223938224	0.034804753820034	-0.0408163265306122	-0.23109243697479
T:	-0.0451388888888889	0.0512820512820513	-0.0182539682539683	-0.08	-0.0120967741935484	-0.0161208428535161	-0.111157024793388	-0.231890331890332	-0.364694923148579	-0.192660550458716	-0.0248538011695906	0.0429292929292929	0.238168724279835	-0.2286866359447	0.158154235145386	0.00573979591836735	-0.0591634562465603	0.012743628185907	0.019203413940256	-0.0161290322580645

Energy matrix for enoLOGOS

A:	-1.60358604690657	0.0460517018598809	0.837303670179653	0.10581310117655	0.339359664642949	-0.970070571585455	-2.02665547441211	0.491694649239831	-0.568385869802134	1.25696674158612	2.07249786450989	-2.44213570469065	0.127588186540518	-0.243050648704927	1.90817099572521	1.14541860493326	-0.461713166699066	1.14951859804325	0.288404597506325	-1.15872024034539
C:	-0.328940727570578	0.556668923580978	-0.605943445524749	-0.460056961637172	-0.0189643247192372	0.282903083006747	2.0040471027599	-3.08014650783953	-3.92885533741786	1.20970331106562	1.4004026296572	1.68882883835269	-0.767528364331349	0.786981848219931	-1.98963453968037	-1.16540152378253	-0.12118868910495	-0.88040018261537	-0.453539488013979	-0.511685576220899
G:	1.39799809217496	-0.0761185154708776	-0.446104414439979	-0.286608693009807	-0.126428831461581	0.483862401303195	-0.889449503797464	0.448014294111964	0.888002075919455	-4.45166451312182	-4.11441720152168	1.09733908969367	2.94780145060307	-2.29793340593749	1.43911568312128	0.120415802057087	0.0666771745075496	-0.320563629245351	0.375932260080661	2.12844000192727
T:	0.415744530679481	-0.47232514728083	0.168125260758295	0.736827229758095	0.111415407725518	0.148478449764023	1.0237940330833	2.13578888568048	3.35896437413011	1.77446924597706	0.22891196830935	-0.395393399807058	-2.19361501657663	2.10628175557289	-1.45665433695856	-0.0528654740738429	0.544915569613341	-0.117373153166113	-0.17686997869371	0.148553876967358

Probability matrix

A:	0.684002643872314	0.226789708707981	0.0926271230729687	0.209485797216137	0.189386247678557	0.541695024216142	0.721597901600178	0.0264411197799834	0.0332718003778843	0.00328836416751726	0.00201767098076198	0.851606749586038	0.0730186071178052	0.108010596822533	0.0123730090856766	0.0581929289567915	0.375037612233908	0.0605588522854926	0.178295736850979	0.54599683013764
C:	0.191199323721479	0.136102186243366	0.392222437015916	0.368900148134578	0.270998302641404	0.154737402465006	0.0128169111636618	0.940829114222272	0.958318005654146	0.00344751491888249	0.00395127811997962	0.0136830838677051	0.178721879473125	0.0385592818024282	0.609917040630289	0.586741284335356	0.266800674630162	0.461062882345943	0.37442357128956	0.285881819244068
G:	0.0340005820587272	0.256260219872788	0.33428371855328	0.310156726021064	0.301743423221895	0.12656679395054	0.231426444835738	0.0276216730761732	0.00775487949110255	0.9913042321405	0.981281070139047	0.0247209253310302	0.00435141481318792	0.843122362126184	0.0197780497872709	0.162189702729521	0.221104619083986	0.263406346761723	0.163353399999694	0.0203983278192664
T:	0.09079745034748	0.380847885175864	0.180866721357835	0.111457328628221	0.237872026458144	0.177000779368313	0.0341587424004223	0.00510809292157086	0.000655314476866729	0.00195988877310061	0.0127499807602114	0.109989241215226	0.743908098595882	0.0103077592488554	0.357931900496764	0.192876083978331	0.137057094051944	0.214971918606841	0.283927291859767	0.147723022799026



