1	G..TCCGGA	0.495654298366163

Enrichment score matrix

A:	0.0835543766578249	0.0760971055088702	-0.077639751552795	-0.0675675675675676	0.0375586854460094	-0.180769230769231	0.0341463414634146	-0.0348307291666667	-0.118181818181818	-0.0824561403508772	-0.327530625402966	-0.243221690590112	0.200033255736615	0.113597972972973	-0.0142857142857143	-0.131924882629108	-0.125128205128205	0.0347826086956522	-0.0100446428571429	-0.112903225806452
C:	-0.196969696969697	0.0529411764705882	0.111111111111111	0.0469667318982387	-0.0797235023041475	0.109090909090909	-0.116803278688525	-0.0352472089314195	0.391586298636515	0.47472564017293	-0.0608552631578947	-0.0901692708333333	-0.0810546875	-0.157939189189189	-0.0233918128654971	0.0861751152073733	0.15015015015015	-0.0568312284730195	-0.125514403292181	0.220538720538721
G:	0.220538720538721	-0.125514403292181	-0.0568312284730195	0.15015015015015	0.0861751152073733	-0.0233918128654971	-0.157939189189189	-0.0748697916666667	-0.0625	-0.1259765625	0.480174731182796	0.435483870967742	-0.0806451612903226	-0.116803278688525	0.109090909090909	-0.0797235023041475	0.0469667318982387	0.111111111111111	0.0529411764705882	-0.196969696969697
T:	-0.112903225806452	-0.0100446428571429	0.0347826086956522	-0.125128205128205	-0.131924882629108	-0.0142857142857143	0.113597972972973	0.148819421350183	-0.2001953125	-0.254557291666667	-0.0766129032258065	-0.087890625	-0.0344180225281602	0.0341463414634146	-0.180769230769231	0.0375586854460094	-0.0675675675675676	-0.077639751552795	0.0760971055088702	0.0835543766578249

Energy matrix for enoLOGOS

A:	-0.769564248586869	-0.700880243058879	0.715088538196909	0.622320295403796	-0.345928276881735	1.66494614416493	-0.314499427335772	0.320802871029118	1.08849477123355	0.759449118391019	3.01666854220754	2.2401545561824	-1.84237437104878	-1.04627599664763	0.131576291028231	1.21507307254709	1.15247335936522	-0.320359665112215	0.0925145796292251	1.0398771387715
C:	1.81415795205591	-0.487606254986974	-1.0233711524418	-0.43257958694213	0.734280591867226	-1.00476440421558	1.0757979532841	0.324638791420532	-3.60664309544461	-4.37238472929697	0.560497687110393	0.830489675467905	0.746541260619163	1.45467369050637	0.2154465584088	-0.793702142654169	-1.38293398978621	0.523434957994054	1.15603037590648	-2.03123668136175
G:	-2.03123668136175	1.15603037590648	0.523434957994054	-1.38293398978621	-0.793702142654169	0.2154465584088	1.45467369050637	0.689576264828946	0.575646273248511	1.16028701951653	-4.42257271221571	-4.01095467811866	0.742769384836789	1.0757979532841	-1.00476440421558	0.734280591867226	-0.43257958694213	-1.0233711524418	-0.487606254986974	1.81415795205591
T:	1.0398771387715	0.0925145796292251	-0.320359665112215	1.15247335936522	1.21507307254709	0.131576291028231	-1.04627599664763	-1.37067752459572	1.84386696899914	2.34455930041842	0.70563091559495	0.809502571755719	0.3170017024147	-0.314499427335772	1.66494614416493	-0.345928276881735	0.622320295403796	0.715088538196909	-0.700880243058879	-0.769564248586869

Probability matrix

A:	0.209618973893065	0.413839499115521	0.0933167164200919	0.0841171297539769	0.321102006237232	0.0411006127553166	0.285857578221859	0.123224593017501	0.00888464247375922	0.00584105196551662	0.000579977869990439	0.00189442825477845	0.78996193897563	0.59423227474587	0.190450607630097	0.0674075816958488	0.0495041827220193	0.26281423809943	0.187182371949443	0.0343241807968443
C:	0.0158246566641409	0.334355309115247	0.530839094050082	0.241558121227823	0.109022030920298	0.593319819752159	0.0711788930058833	0.122752818711248	0.97210331325427	0.989049874317469	0.00676258709862633	0.0077568937274839	0.0593272740775493	0.0487312540263876	0.175128959862427	0.50246838114662	0.624820566296181	0.113029951430396	0.0646228198197886	0.74023218864595
G:	0.74023218864595	0.0646228198197886	0.113029951430396	0.624820566296181	0.50246838114662	0.175128959862427	0.0487312540263876	0.0852199239799782	0.0148377219638269	0.00391209490001972	0.986808425738524	0.982427269248448	0.0595514717429431	0.0711788930058834	0.593319819752159	0.109022030920298	0.241558121227823	0.530839094050082	0.334355309115247	0.0158246566641409
T:	0.0343241807968443	0.187182371949443	0.26281423809943	0.0495041827220193	0.0674075816958488	0.190450607630097	0.59423227474587	0.668802664291273	0.00417432230814391	0.00119697881699438	0.00584900929285886	0.00792140876928928	0.0911593152038775	0.285857578221859	0.0411006127553166	0.321102006237232	0.0841171297539769	0.0933167164200919	0.413839499115521	0.209618973893065



2	CATCCGG	0.494819893940088

Enrichment score matrix

A:	0.0840336134453782	0.160511363636364	-0.0243757431629013	-0.00686813186813187	-0.0596301020408163	0.170470423847229	-0.204081632653061	0.222040072859745	-0.0813369073546658	-0.127655677655678	-0.183720930232558	-0.378310665712241	-0.208198947547106	0.124935064935065	0.0402411208862822	0.00361663652802893	-0.0565217391304348	-0.0581818181818182	0.0161290322580645
C:	-0.106451612903226	-0.141481481481481	0.152288732394366	0.0331010452961672	0.0523273976882224	-0.0227477477477477	0.286269196025294	-0.266879219804951	-0.138913545180188	0.493700787401575	0.498784722222222	-0.161498708010336	-0.0601604278074866	-0.0202380952380952	-0.0123005319148936	0.0697791164658634	0.0345394736842105	0.0842245989304813	0.109195402298851
G:	0.0393939393939394	0.0155555555555556	-0.127972027972028	-0.0180722891566265	0.0110294117647059	-0.0246856078248719	-0.123255813953488	-0.114173228346457	-0.247474747474747	-0.263369963369963	-0.139409722222222	0.472839506172839	0.402551440329218	-0.0659777424483307	-0.0292553191489362	0.0336585365853659	-0.0384024577572965	0.0628342245989305	-0.147058823529412
T:	0	-0.0434782608695652	0.0380597014925373	-0.00872711792252022	-0.00537634408602151	-0.131884057971014	0.0198770885346649	0.148761904761905	0.433850129198966	-0.123760591310618	-0.196052631578947	0.0587786259541985	-0.135574494949495	-0.0374617737003058	0.000332446808510638	-0.0935064935064935	0.0568356374807988	-0.108333333333333	-0.0229885057471264

Energy matrix for enoLOGOS

A:	-0.773978182519007	-1.47836429266095	0.224508891350192	0.0632578322251112	0.54921353621159	-1.57009062698802	1.8796613004033	-2.04506464725664	0.749140601540365	1.17575224162407	1.69213230089795	3.48436999755864	1.91758317199606	-1.15069447244689	-0.370634420312499	-0.0333104534248687	0.520584455807349	0.535874348914978	-0.148553876967358
C:	0.980455587984561	1.30309260077589	-1.40263106016891	-0.304871893845902	-0.481953143488288	0.209514499452611	-2.63663673340493	2.45804845261105	1.27944103338742	-4.54715229388116	-4.59397706400826	1.48745807040959	0.554098017030653	0.186399745623328	0.113292085692526	-0.64268941350637	-0.318120308900493	-0.775737223842914	-1.00572682222728
G:	-0.362831590411183	-0.143271961341852	1.17866593571443	0.166451934433305	-0.10158463645562	0.227362850356189	1.1352279993366	1.05157429443823	2.27932665771128	2.42572700639226	1.28401099282932	-4.35501279316899	-3.70763578266136	0.607677464923707	0.269451447052495	-0.310006578373833	0.353699707065138	-0.578724595565348	1.35446181940826
T:	0	0.400449581390269	-0.350542805202079	0.0803797265327849	0.0495179589891193	1.21469706355048	-0.183074751008169	-1.37014777724065	-3.99590736034832	1.13987717060783	1.80571146766375	-0.541371151635241	1.24868724424361	0.345035686717762	-0.00306194826196017	0.861226632184786	-0.523475566456404	0.997786873630753	0.211731962574165

Probability matrix

A:	0.435337246889947	0.676657161058764	0.121187776339783	0.230946603653377	0.135692105406505	0.716246536764038	0.00975905208374716	0.638784128862409	0.00856030664163838	0.00324554295544571	0.00185028808892326	0.000384168335774218	0.00351871225553617	0.602766301689688	0.352606972421703	0.218969257020348	0.136319385827769	0.119181355736407	0.233840206224329
C:	0.0753155966675752	0.0419176861688568	0.616760737326295	0.333724651696522	0.38052621382716	0.120834193756313	0.892916710267755	0.00707419368978974	0.00503712549097739	0.992460479172679	0.99371526869317	0.0028298889740714	0.0137574464998518	0.158291036874419	0.217332304222161	0.402747695907816	0.315356997472641	0.442419224175343	0.551041954083207
G:	0.28858059878798	0.178051423431714	0.0466738555185101	0.208302724646604	0.260131314946357	0.118696635356593	0.0205452254183621	0.0288735984489677	0.00185326686726065	0.000929887090771199	0.00278281403567196	0.975264135668986	0.975855030285815	0.103871818531307	0.185911020847837	0.288769117087734	0.161077450197621	0.363305934933089	0.0520196902899702
T:	0.200766557654497	0.103373729340666	0.215377630815412	0.227026020003497	0.223650365819978	0.0442226341230559	0.0767790122301359	0.325268078998833	0.984549301000124	0.00336409078110444	0.00165162918223494	0.0215218070211684	0.00686881095879716	0.135070842904586	0.2441497025083	0.0895139299841028	0.387246166501969	0.0750934851551614	0.163098149402493



3	C..TTCCGG	0.494626437710873

Enrichment score matrix

A:	0.0361305361305361	0.0113378684807256	-0.0791044776119403	-0.0805749128919861	-0.10180412371134	0.0732265446224256	-0.142442342790775	0.137066831683168	0.00750938673341677	-0.139478471801092	-0.21520618556701	-0.373883161512027	-0.1965625	0.129583071443537	0.0197402597402597	0.0249335106382979	-0.181733457595527	-0.128436763550668	0.0741176470588235	-0.0972222222222222
C:	-0.0246753246753247	0.0807017543859649	0.119407687460618	0.0666376306620209	0.148916408668731	0.0272311212814645	0.12967032967033	-0.317201166180758	-0.115646258503401	0.483929654335961	0.491950464396285	-0.116599462365591	-0.110345883073156	-0.0884140890398713	0.040519877675841	0.0425219941348974	0.113846153846154	0.0527868852459016	-0.0346153846153846	0.132352941176471
G:	0.0477855477855478	-0.117021276595745	0.00838363514419853	-0.0327978580990629	0.115657216494845	0.0426829268292683	0.0622859203172886	-0.10674504950495	-0.305442176870748	-0.192949907235622	-0.16635101010101	0.449399114484503	0.410264105642257	-0.000595238095238095	0.00987012987012987	0.090093085106383	-0.0274261603375527	0.127651217596229	0.0698529411764706	-0.0252525252525253
T:	-0.0795795795795796	0.0592105263157895	-0.0437933207309389	0.0470771976796073	-0.1724818959842	-0.134436160298229	-0.0132575757575758	0.294117647058824	0.379849812265332	-0.168976897689769	-0.132659932659933	0.00460526315789474	-0.115549433731252	-0.0232334869431644	-0.0660377358490566	-0.129202037351443	0.13036963036963	-0.0548654244306418	-0.101973684210526	0.0172413793103448

Energy matrix for enoLOGOS

A:	-0.332774535584221	-0.104425627800183	0.72857916375334	0.742122373177523	0.937650630652215	-0.674441400236242	1.31194246048474	-1.26243217351035	-0.0691640077995708	1.28464419985114	1.98212221922683	3.44359117687632	1.81040752936657	-1.19350419444108	-0.18181451123901	-0.229646119647013	1.6738270014309	1.18294630857667	-0.682648756981764	0.895449758386573
C:	0.227268139048763	-0.743290626510359	-1.09978544454284	-0.613755259979249	-1.37157081081131	-0.250807895712853	-1.1943078724101	2.92153070691256	1.06514140356187	-4.45715683252698	-4.53103122324153	1.07392073557652	1.01632314175005	0.814323853735423	-0.373201865225335	-0.39164203927758	-1.04856182696344	-0.486185180291202	0.31881947441456	-1.21901563746744
G:	-0.440121159966228	1.07780578820998	-0.07721613323253	0.302079436564145	-1.06524233039286	-0.393124284169715	-0.573674526504015	0.983158238964042	2.81322641293694	1.7771343203813	1.53214942425235	-4.13911880726697	-3.77867205536958	0.00548234545950963	-0.0909072556195052	-0.829787978991205	0.252604271805254	-1.17571116295847	-0.643369364218925	0.232584352827681
T:	0.732955014586693	-0.545349100972274	0.403351389951068	-0.433597014387991	1.58861697001828	1.23820279464824	0.122106785234533	-2.70892363881652	-3.49854606119496	1.55633474272337	1.22184313352142	-0.0424160411867324	1.06424961445394	0.213988322774408	0.608230024564465	1.18999474075957	-1.20074866987302	0.505329233659149	0.939212340563361	-0.158798971930624

Probability matrix

A:	0.330144006873964	0.210302058850169	0.0921954511607577	0.103376140985252	0.052635487753355	0.39106157419212	0.0432229867394889	0.186244486652487	0.0310219742197763	0.00318473015445545	0.00147350171648537	0.000497935265007499	0.00366554670089847	0.595048296353568	0.279497042135405	0.235847188279574	0.0262627696398295	0.0530406108546285	0.395827584807166	0.0709455443178332
C:	0.188573201637893	0.398381413369653	0.573796842641568	0.401116465896447	0.529859568231316	0.256013844172382	0.529865280808198	0.00283799374447287	0.00997807701420874	0.992442021209007	0.993064017319488	0.00532485372081187	0.008109708140561	0.079903089924173	0.338450911403438	0.277322200145962	0.399630816279349	0.281516018922328	0.145403188373001	0.587794852770085
G:	0.367555955939082	0.0644773150129392	0.206377308820807	0.16051977235709	0.39005335030304	0.295168951772552	0.28485760994013	0.0197167759115973	0.00173725343145962	0.00194619744585374	0.00231084782977536	0.977916984777606	0.980494539966243	0.179406832232556	0.255209417755369	0.429802562968682	0.108785174662976	0.560996874504239	0.380581113923558	0.137658778948864
T:	0.113726835549061	0.326839212767239	0.127630397376867	0.334987620761211	0.0274515937122896	0.0577556298629458	0.142054122512184	0.791200743691443	0.957262695334555	0.00242705119068386	0.00315163313425131	0.0162602262365748	0.00773020519229712	0.145641781489703	0.126842628705788	0.0570280486057828	0.465321239417846	0.104446495718805	0.078188112896275	0.203600823963218



4	C.TCCGGA	0.494542896872878

Enrichment score matrix

A:	0.0840336134453782	0.160511363636364	-0.0243757431629013	-0.00686813186813187	-0.0596301020408163	0.170470423847229	-0.180769230769231	0.222040072859745	-0.0349557522123894	-0.0800922874093606	-0.00442260442260442	-0.266962305986696	-0.19234693877551	0.124935064935065	0.0402411208862822	0.00361663652802893	-0.0565217391304348	-0.0581818181818182	0.0161290322580645
C:	-0.106451612903226	-0.141481481481481	0.152288732394366	0.0331010452961672	0.0523273976882224	-0.0227477477477477	0.109090909090909	-0.266879219804951	-0.104613233923579	0.431135531135531	0.478571428571429	-0.146859903381643	-0.0923832923832924	-0.0202380952380952	-0.0123005319148936	0.0697791164658634	0.0345394736842105	0.0842245989304813	0.109195402298851
G:	0.0393939393939394	0.0155555555555556	-0.127972027972028	-0.0180722891566265	0.0110294117647059	-0.0246856078248719	-0.0233918128654971	-0.114173228346457	-0.0211236933797909	-0.104946675743136	-0.132003798670465	0.457881773399015	0.40969387755102	-0.0659777424483307	-0.0292553191489362	0.0336585365853659	-0.0384024577572965	0.0628342245989305	-0.147058823529412
T:	0	-0.0434782608695652	0.0380597014925373	-0.00872711792252022	-0.00537634408602151	-0.131884057971014	-0.0142857142857143	0.148761904761905	0.17046004842615	-0.220564042303173	-0.325825825825826	-0.0107600732600733	-0.111214953271028	-0.0374617737003058	0.000332446808510638	-0.0935064935064935	0.0568356374807988	-0.108333333333333	-0.0229885057471264

Energy matrix for enoLOGOS

A:	-0.773978182519007	-1.47836429266095	0.224508891350192	0.0632578322251112	0.54921353621159	-1.57009062698802	1.66494614416493	-2.04506464725664	0.321954375834566	0.737677228210354	0.0407336920627939	2.45881370462513	1.77158077563011	-1.15069447244689	-0.370634420312499	-0.0333104534248687	0.520584455807349	0.535874348914978	-0.148553876967358
C:	0.980455587984561	1.30309260077589	-1.40263106016891	-0.304871893845902	-0.481953143488288	0.209514499452611	-1.00476440421558	2.45804845261105	0.963523491849326	-3.97090498821098	-4.40780574944575	1.35262969714046	0.850881567533918	0.186399745623328	0.113292085692526	-0.64268941350637	-0.318120308900493	-0.775737223842914	-1.00572682222728
G:	-0.362831590411183	-0.143271961341852	1.17866593571443	0.166451934433305	-0.10158463645562	0.227362850356189	0.2154465584088	1.05157429443823	0.194556405941135	0.966594604501698	1.2157999161488	-4.217246983129	-3.77342006055963	0.607677464923707	0.269451447052495	-0.310006578373833	0.353699707065138	-0.578724595565348	1.35446181940826
T:	0	0.400449581390269	-0.350542805202079	0.0803797265327849	0.0495179589891193	1.21469706355048	0.131576291028231	-1.37014777724065	-1.56999506582839	2.03146990343117	3.00096675783608	0.0991039371526741	1.02432757407959	0.345035686717762	-0.00306194826196017	0.861226632184786	-0.523475566456404	0.997786873630753	0.211731962574165

Probability matrix

A:	0.435337246889947	0.676657161058764	0.121187776339783	0.230946603653377	0.135692105406505	0.716246536764038	0.0411006127553166	0.638784128862409	0.107589121454289	0.00885234275628833	0.0115124375627744	0.0012379316941726	0.00382296563613674	0.602766301689688	0.352606972421703	0.218969257020348	0.136319385827769	0.119181355736407	0.233840206224329
C:	0.0753155966675752	0.0419176861688568	0.616760737326295	0.333724651696522	0.38052621382716	0.120834193756313	0.593319819752159	0.00707419368978974	0.0566419810464197	0.981678987854927	0.984336115624837	0.00374202162147868	0.00959964073228843	0.158291036874419	0.217332304222161	0.402747695907816	0.315356997472641	0.442419224175343	0.551041954083207
G:	0.28858059878798	0.178051423431714	0.0466738555185101	0.208302724646604	0.260131314946357	0.118696635356593	0.175128959862427	0.0288735984489677	0.122207144515335	0.00704110252041349	0.00355502378586138	0.981912976860032	0.97850637525255	0.103871818531307	0.185911020847837	0.288769117087734	0.161077450197621	0.363305934933089	0.0520196902899702
T:	0.200766557654497	0.103373729340666	0.215377630815412	0.227026020003497	0.223650365819978	0.0442226341230559	0.190450607630097	0.325268078998833	0.713561752983956	0.00242756686837148	0.000596423026527693	0.0131070698243174	0.0080710183790248	0.135070842904586	0.2441497025083	0.0895139299841028	0.387246166501969	0.0750934851551614	0.163098149402493



5	CCGGAAG	0.494086894288507

Enrichment score matrix

A:	0.0172413793103448	-0.101973684210526	-0.0548654244306418	0.13036963036963	-0.129202037351443	-0.0660377358490566	-0.0232334869431644	-0.123091603053435	0.077445652173913	-0.0406053894425987	-0.237410730635415	0.364145658263305	0.148761904761905	-0.0132575757575758	-0.134436160298229	-0.1724818959842	0.0470771976796073	-0.0437933207309389	0.0592105263157895	-0.0795795795795796
C:	-0.0252525252525253	0.0698529411764706	0.127651217596229	-0.0274261603375527	0.090093085106383	0.00987012987012987	-0.000595238095238095	0.321151716500554	0.42965367965368	-0.256736803248431	-0.159036806445706	-0.249028749028749	-0.114173228346457	0.0622859203172886	0.0426829268292683	0.115657216494845	-0.0327978580990629	0.00838363514419853	-0.117021276595745	0.0477855477855478
G:	0.132352941176471	-0.0346153846153846	0.0527868852459016	0.113846153846154	0.0425219941348974	0.040519877675841	-0.0884140890398713	-0.0870229007633588	-0.125071225071225	0.499812523434571	0.492931547619048	-0.143757881462799	-0.266879219804951	0.12967032967033	0.0272311212814645	0.148916408668731	0.0666376306620209	0.119407687460618	0.0807017543859649	-0.0246753246753247
T:	-0.0972222222222222	0.0741176470588235	-0.128436763550668	-0.181733457595527	0.0249335106382979	0.0197402597402597	0.129583071443537	-0.10689193710271	-0.346395502645503	-0.201028963414634	-0.0902157738095238	0.0547710740265297	0.222040072859745	-0.142442342790775	0.0732265446224256	-0.10180412371134	-0.0805749128919861	-0.0791044776119403	0.0113378684807256	0.0361305361305361

Energy matrix for enoLOGOS

A:	-0.158798971930624	0.939212340563361	0.505329233659149	-1.20074866987302	1.18999474075957	0.608230024564465	0.213988322774408	1.13371556105432	-0.713300816851416	0.373989457702983	2.18663363711172	-3.35390545758236	-1.37014777724065	0.122106785234533	1.23820279464824	1.58861697001828	-0.433597014387991	0.403351389951068	-0.545349100972274	0.732955014586693
C:	0.232584352827681	-0.643369364218925	-1.17571116295847	0.252604271805254	-0.829787978991205	-0.0909072556195052	0.00548234545950963	-2.9579166200145	-3.95725663168241	2.36463334393113	1.46478311903705	2.29363954096221	1.05157429443823	-0.573674526504015	-0.393124284169715	-1.06524233039286	0.302079436564145	-0.07721613323253	1.07780578820998	-0.440121159966228
G:	-1.21901563746744	0.31881947441456	-0.486185180291202	-1.04856182696344	-0.39164203927758	-0.373201865225335	0.814323853735423	0.80151053618724	1.15194855364602	-4.60344346300872	-4.54006733365642	1.32405901942659	2.45804845261105	-1.1943078724101	-0.250807895712853	-1.37157081081131	-0.613755259979249	-1.09978544454284	-0.743290626510359	0.227268139048763
T:	0.895449758386573	-0.682648756981764	1.18294630857667	1.6738270014309	-0.229646119647013	-0.18181451123901	-1.19350419444108	0.984511123735828	3.19042048268686	1.85154517767433	0.830917983706929	-0.504460234323043	-2.04506464725664	1.31194246048474	-0.674441400236242	0.937650630652215	0.742122373177523	0.72857916375334	-0.104425627800183	-0.332774535584221

Probability matrix

A:	0.203600823963218	0.078188112896275	0.104446495718805	0.465321239417846	0.0570280486057828	0.126842628705788	0.145641781489703	0.0157747550311269	0.0372995807994162	0.00682751292491141	0.0011885973320886	0.933967992121611	0.325268078998833	0.142054122512184	0.0577556298629458	0.0274515937122896	0.33498762076121	0.127630397376867	0.326839212767239	0.113726835549061
C:	0.137658778948864	0.380581113923558	0.560996874504239	0.108785174662976	0.429802562968682	0.255209417755369	0.179406832232556	0.943921551478881	0.956172085682257	0.000932689044991329	0.00244641678541195	0.00329332327658991	0.0288735984489677	0.28485760994013	0.295168951772552	0.39005335030304	0.16051977235709	0.206377308820807	0.0644773150129392	0.367555955939082
G:	0.587794852770085	0.145403188373001	0.281516018922328	0.399630816279349	0.277322200145962	0.338450911403438	0.079903089924173	0.021990617920578	0.00577612312181836	0.990681795225678	0.99175377930717	0.00868396039184138	0.00707419368978974	0.529865280808198	0.256013844172382	0.529859568231316	0.401116465896447	0.573796842641568	0.398381413369653	0.188573201637893
T:	0.0709455443178332	0.395827584807166	0.0530406108546285	0.0262627696398295	0.235847188279574	0.279497042135405	0.595048296353568	0.0183130755694139	0.000752210396508388	0.0015580028044189	0.00461120657532961	0.054054724209958	0.638784128862409	0.0432229867394889	0.39106157419212	0.052635487753355	0.103376140985252	0.0921954511607577	0.210302058850169	0.330144006873964



