1	G..ACATCC	0.487702048032328

Enrichment score matrix

A:	-0.0972972972972973	0.0144124168514412	0.0115546218487395	-0.118625277161863	0.00653907496012759	-0.00237079184447606	-0.0576149676516874	0.306622930334271	-0.234213917525773	0.269886363636364	-0.0997474747474748	-0.0527146464646465	-0.119140625	-0.212983630952381	-0.137869520897044	-0.112373737373737	-0.0488621151271754	-0.141904761904762	-0.102436323366556	-0.0227272727272727
C:	-0.0339366515837104	0.0408163265306122	0.0151515151515152	-0.0296052631578947	0.00646258503401361	0.0445736434108527	0.0708955223880597	-0.115432677288347	0.347537878787879	-0.294507575757576	-0.038961038961039	0.430239898989899	0.456937799043062	-0.00930059523809524	0.0425425425425425	0.123067010309278	0.0750915750915751	0.024790236460717	0.0730994152046784	-0.00862068965517241
G:	0.0935672514619883	0.0986111111111111	-0.0028735632183908	0.0526695526695527	0.0958532695374801	0.0406403940886699	-0.00981404958677686	0.0825892857142857	-0.211984536082474	0.115657216494845	-0.202844774273346	-0.137261356155365	-0.0856335217825075	0.188653846153846	0.16025974025974	0.0264175257731959	-0.0165505226480836	0.027363184079602	0.0111111111111111	-0.0459770114942529
T:	0.0395833333333333	-0.183006535947712	-0.0204545454545455	0.0805675805675806	-0.110677083333333	-0.0874396135265701	-0.0020616856341745	-0.277742346938776	0.0914948453608247	-0.0924950625411455	0.339517625231911	-0.250966494845361	-0.263346354166667	0.0375175315568022	-0.0615615615615616	-0.0347938144329897	-0.0070242656449553	0.102006688963211	0.0333333333333333	0.0868055555555556

Energy matrix for enoLOGOS

A:	0.896141225381467	-0.132743264784579	-0.106422000096363	1.09257917938077	-0.0602271061006417	0.0218357998387297	0.530653462592438	-2.82410155423137	2.15718990026633	-2.48574527084584	0.918708193669342	0.485519836527785	1.09732570837998	1.96165173473079	1.26982521438306	1.03500037008318	0.450036711615971	1.3069911575471	0.943473404659797	0.209325917544913
C:	0.312568112171137	-0.375932260080661	-0.139550611696609	0.272674550486137	-0.0595226078461046	-0.410538427433047	-0.652971892043088	1.06317424787416	-3.20094215579097	2.71251501485283	0.358844430076994	-3.96265591130162	-4.20855265800826	0.085661647804838	-0.391831297106094	-1.13348905350996	-0.691618965661215	-0.228326515704978	-0.673270495027499	0.0793994859653119
G:	-0.861786233635198	-0.908241897792096	0.0264664953217706	-0.485104507326307	-0.882841238206968	-0.374311862407899	0.0903907371216671	-0.760675432506962	1.95244973091505	-1.06524233039286	1.86826941373419	1.26422381010996	0.788713882867931	-1.73756613555935	-1.4760467557167	-0.243314404156587	0.152435946922951	-0.252024239034174	-0.10233711524418	0.42346392514833
T:	-0.364575973057391	1.68555248637473	0.188393325790422	-0.742054839974031	1.01937360887757	0.805348602573763	0.0189888264307607	2.55810155101762	-0.842698668054522	0.851911008731174	-3.12707289067095	2.31148683948758	2.42550955759399	-0.345549235554506	0.567002935812348	0.320462873767213	0.0646958774532171	-0.939516325569477	-0.307011345732539	-0.799508712845155

Probability matrix

A:	0.0825029021678504	0.216953319299036	0.273679032402416	0.0695562745999752	0.216662663724501	0.223025165082934	0.133558161740111	0.867967519387187	0.0042618758344356	0.779642742626229	0.0165856301404169	0.0114822501501409	0.00489849286605381	0.0172445827432318	0.0419011981334426	0.0650242025272482	0.143912040009823	0.0503737841978354	0.0808119786739736	0.175796826759108
C:	0.147880805897316	0.276682657116124	0.282897493078251	0.157912449175593	0.216510079010227	0.343662077002084	0.436226849938543	0.0177943055250913	0.904915397713668	0.00430843835049788	0.0290320510951271	0.981398039133518	0.98713414873543	0.112560194099134	0.220736776057105	0.568640810762802	0.450725252192049	0.233875414801734	0.407022759953927	0.200187687977933
G:	0.478550110491842	0.471152040232943	0.239623156900742	0.336911342840533	0.493220201762109	0.331435186689692	0.207431212129525	0.110247536805258	0.00523020026763622	0.188355823475416	0.00641715867796073	0.00527035859174298	0.00666946338695568	0.696951567023372	0.652744898197747	0.233474840398621	0.193795415698282	0.239483921629461	0.229966978150865	0.141909698207251
T:	0.291066181442992	0.0352119833518966	0.203800317618591	0.435619933383899	0.0736070555031634	0.101877571225289	0.22278377619182	0.00399063828246464	0.0855925261842605	0.0276929955478573	0.947965160086495	0.00184935212459781	0.0012978950115604	0.173243656134262	0.0846171276117057	0.132860146311329	0.211567292099845	0.476266879370969	0.282198283221234	0.482105787055707



2	CATCCGG	0.484689808377283

Enrichment score matrix

A:	-0.0446428571428571	0.0581818181818182	0.000733137829912023	-0.0354978354978355	0.0202963917525773	0.0178918169209431	0.207	-0.185563114134543	0.154644808743169	0.0332551516166862	-0.145604395604396	-0.184257602862254	-0.323908375089477	-0.294941436088949	-0.0947293447293447	-0.131510416666667	-0.024	0.00447093889716841	-0.0254901960784314	0.100694444444444
C:	0.214285714285714	-0.013677811550152	-0.0176767676767677	0.0210843373493976	-0.0444587628865979	-0.02460407239819	-0.0684500393391031	0.252122854561879	-0.230495123780945	-0.129327179123025	0.417235345581802	0.440451388888889	0.0322997416020672	0.0780414438502674	0.153318077803204	0.0493847688726305	-0.0233690360272639	0.00512820512820513	0.0748663101604278	0.0125
G:	-0.0807692307692308	0.0490956072351421	0.0381325730577334	0.0859449192782526	0.0306056701030928	0.0830880385335831	0.197057684862563	-0.163441860465116	0.162795275590551	-0.112193362193362	-0.0970695970695971	-0.0267361111111111	0.222222222222222	0.191522633744856	-0.124336283185841	0.0779904306220096	0.0275403608736942	0.080952380952381	-0.0121951219512195	-0.0565410199556541
T:	-0.0454545454545455	-0.0788113695090439	-0.0253212396069539	-0.0652777777777778	-0.00631313131313131	-0.0849056603773585	-0.330042586140147	0.0705780679854043	-0.112380952380952	0.187855297157623	-0.191004146385434	-0.254323308270677	0.0715648854961832	0.0168876262626263	0.0654520917678812	0.00358072916666667	0.0180436847103514	-0.0826086956521739	-0.0501519756838906	-0.0759368836291913

Energy matrix for enoLOGOS

A:	0.411175909463222	-0.535874348914978	-0.00675244895306172	0.326947147403484	-0.186936676364207	-0.164789723714969	-1.90654045699907	1.709099441663	-1.42433132528375	-0.306291265511354	1.34106604317236	1.69707523848577	2.98330638390782	2.71651101617868	0.872489508171533	1.21125569996041	0.221048168927428	-0.0411788690252288	0.234773382030765	-0.92743010690038
C:	-1.97364436542347	0.125977299920647	0.162809046979377	-0.194193923505522	0.409480338702549	0.226611881324075	0.630448160788299	-2.32213730606915	2.12293854410329	1.19114733907059	-3.84287954802751	-4.05670720897632	-0.297491614081918	-0.71878826098143	-1.41211168174463	-0.454850530508302	0.215236775976074	-0.047232514728083	-0.689544198971479	-0.115129254649702
G:	0.743912106967307	-0.452187253404515	-0.351213977120973	-0.791581959794724	-0.2818886389619	-0.765269115734173	-1.81496835049782	1.50535516591276	-1.49939989913864	1.03333905327727	0.894044028781571	0.246248683556308	-2.0467423048836	-1.76398864572746	1.14517948872801	-0.718318411785702	-0.253656097613779	-0.74559898249331	0.11232122404849	0.520762038770272
T:	0.418651835089827	0.72587953835988	0.23321723542041	0.601230552059556	0.0581460882069203	0.782010031582884	3.03980455559802	-0.650048028942049	1.03506682275542	-1.73021122750044	1.75921320066861	2.34240423369996	-0.659136954101349	-0.155540785953512	-0.602836043240007	-0.0329797344048626	-0.166188477746959	0.760854204641511	0.461916766375705	0.699404545011998

Probability matrix

A:	0.0737103139559768	0.367813230157418	0.247407395374004	0.153741748363176	0.291288096825707	0.257262404231122	0.500322929028819	0.0144637327412506	0.456152849575349	0.177335950361727	0.00550639041256031	0.00311359209081442	0.0045720039786577	0.00724675935821174	0.0626740921691547	0.0600659010981636	0.196607651206782	0.223355787440069	0.183579899792328	0.533224932902102
C:	0.800281074766315	0.189753077291048	0.208820463391713	0.258893118585195	0.16043610856038	0.173937316985152	0.0395776723702866	0.814749801185135	0.0131386475344852	0.0396704807690132	0.982258883231196	0.981968784589689	0.121601537594595	0.224944490083169	0.615570419379113	0.317840136694648	0.197753541910824	0.224712005131884	0.462648494652753	0.2366642561047
G:	0.0528472954552401	0.338284814490362	0.349148690956782	0.470503474296129	0.320302148214496	0.468987438336272	0.456542429751399	0.0177323135902396	0.491713644482152	0.0464518196770034	0.00861006032967938	0.0132845755313423	0.699244387047768	0.639735011300728	0.0477155899890056	0.413648435256523	0.316054412788028	0.451775815284427	0.207493943630144	0.125305054769147
T:	0.0731613158224678	0.104148878061172	0.1946234502775	0.1168616587555	0.227973646399417	0.0998128404474541	0.00355696884949499	0.153054152483375	0.0389948584080141	0.736541749192257	0.0036246660265645	0.00163304778815435	0.174582071378979	0.128073739257891	0.274039898462727	0.208445526950665	0.289584394094366	0.10015639214362	0.146277661924775	0.10480575622405



3	C.TCCGGC	0.484685863874346

Enrichment score matrix

A:	0.100840336134454	-0.0269886363636364	-0.0231866825208086	-0.027014652014652	-0.0570790816326531	0.116674429436423	-0.163411310470134	0.154644808743169	0.062768375852488	-0.205140879881364	-0.171343766864544	-0.302008928571429	-0.179012345679012	-0.14	-0.041544477028348	0.0122061482820976	-0.0644927536231884	-0.0836363636363636	-0.0225806451612903
C:	-0.0354838709677419	0.0911111111111111	0.0334507042253521	-0.00827526132404181	0.00328022492970947	-0.0554054054054054	0.256034482758621	-0.230495123780945	-0.253207753207753	0.439823008849557	0.440776699029126	-0.0308908045977011	0.0203775203775204	0.183095238095238	0.0927526595744681	-0.0220883534136546	0.00411184210526316	0.0441176470588235	0.0747126436781609
G:	-0.0575757575757576	0.0037037037037037	0.0587412587412587	-0.0158411423471664	0.0603553921568627	0.16208663251048	-0.100877192982456	0.162795275590551	-0.0310160427807487	-0.0716707021791768	-0.0711640211640212	0.2890625	0.232743362831858	-0.16984631690514	-0.0628324468085106	0.06	0.0737327188940092	0.112299465240642	-0.109243697478992
T:	0.0164835164835165	-0.0698757763975155	-0.0619402985074627	0.0483184333759046	-0.00928641251221896	-0.242995169082126	0.00329320917556212	-0.112380952380952	0.191105769230769	-0.179733110925771	-0.246087425796006	0.04477969348659	-0.0951573849878935	0.10474006116208	-0.0199468085106383	-0.0458874458874459	-0.0299539170506912	-0.0986111111111111	0.0201149425287356

Energy matrix for enoLOGOS

A:	-0.928773819022808	0.248574527084584	0.213557238113598	0.248814140085437	0.525717769956549	-1.07461120781557	1.50507379006061	-1.42433132528375	-0.578118106197545	1.88941732791405	1.57813441343898	2.7816050275187	1.64876463448956	1.28944765207667	0.382638774006831	-0.112422780308932	0.594000212395565	0.770319376565281	0.207975427754301
C:	0.326818529328187	-0.839164345002275	-0.308092371597795	0.0762179734614754	-0.0302119880992658	0.510302642231113	-2.35816473316976	2.12293854410329	2.33212959186675	-4.05091961493112	-4.05970342609436	0.284514824709034	-0.187683898613843	-1.68636946334516	-0.854283565086887	0.203441253196261	-0.0378714653452968	-0.406338545822479	-0.688128878366037
G:	0.530292324447114	-0.0341123717480599	-0.541026986885314	0.145902312898329	-0.555893705048808	-1.49287305516894	0.929113283137948	-1.49939989913864	0.28566831100247	0.660111561768753	0.655444857159152	-2.66236401377437	-2.14364559099977	1.56434238962288	0.578708221510472	-0.552620422318571	-0.679103437565064	-1.03431629845722	1.00617163727471
T:	-0.151818797340267	0.643579684377218	0.57049123199554	-0.445029217632736	0.0855310200721151	2.23806821599228	-0.0303315774230422	1.03506682275542	-1.76014918166372	1.65540312774051	2.26654895284465	-0.412436218764259	0.876431904645676	-0.964691613884356	0.18371689571761	0.422638995424015	0.275885771510807	0.908241897792096	-0.185265467252394

Probability matrix

A:	0.50577487163701	0.167562491224129	0.181443734181848	0.188744322478212	0.13800742036924	0.36222666119552	0.01816815446225	0.456152849575349	0.211103366559258	0.00259238290156535	0.00351033336762146	0.0037189581264431	0.0185865925706106	0.0323704438938902	0.154153597682208	0.25854451989704	0.127753355041863	0.0893460313218638	0.185806074087554
C:	0.144098818559539	0.497251152614524	0.305697243194685	0.224301128947111	0.240624400247017	0.0742439506574662	0.865155128261049	0.0131386475344852	0.011497161793708	0.985268738371337	0.985894005204438	0.0451745447219452	0.116616296040734	0.634643165210324	0.531058312710795	0.188519956175136	0.240320432687578	0.289795280907811	0.455232293347754
G:	0.117569013382474	0.222303432668608	0.385881306527223	0.209203013147592	0.407043040110424	0.55033765010167	0.0323182088727138	0.491713644482152	0.0889933355284976	0.00886298183386642	0.00883216848298706	0.860413077680206	0.824560664612416	0.0245902750946851	0.126707343500176	0.401523292379397	0.456324938993622	0.543023446427776	0.0836387816502055
T:	0.232557296420978	0.112882923492739	0.126977716096244	0.377751535427085	0.21432513927332	0.013191738045344	0.0843585084039876	0.0389948584080141	0.688406136118537	0.00327589689323077	0.00176349294495334	0.0906934194714051	0.0402364467762392	0.308396115801101	0.188080746106821	0.151412231548426	0.175601273276936	0.0778352413425496	0.275322850914487



4	ACATCCG	0.482419399283549

Enrichment score matrix

A:	-0.0972972972972973	0.0144124168514412	0.0115546218487395	-0.118625277161863	0.00653907496012759	-0.00237079184447606	-0.0576149676516874	0.207	-0.200334448160535	0.2288	-0.0794285714285714	-0.0889792231255646	-0.146109637488948	-0.212983630952381	-0.137869520897044	-0.112373737373737	-0.0488621151271754	-0.141904761904762	-0.102436323366556	-0.0227272727272727
C:	-0.0339366515837104	0.0408163265306122	0.0151515151515152	-0.0296052631578947	0.00646258503401361	0.0445736434108527	0.0708955223880597	-0.0684500393391031	0.323345588235294	-0.291697971450038	-0.064952380952381	0.451953125	0.452826086956522	-0.00930059523809524	0.0425425425425425	0.123067010309278	0.0750915750915751	0.024790236460717	0.0730994152046784	-0.00862068965517241
G:	0.0935672514619883	0.0986111111111111	-0.0028735632183908	0.0526695526695527	0.0958532695374801	0.0406403940886699	-0.00981404958677686	0.197057684862563	-0.225752508361204	0.1192	-0.169167291822956	-0.134068773603657	-0.0417771883289125	0.188653846153846	0.16025974025974	0.0264175257731959	-0.0165505226480836	0.027363184079602	0.0111111111111111	-0.0459770114942529
T:	0.0395833333333333	-0.183006535947712	-0.0204545454545455	0.0805675805675806	-0.110677083333333	-0.0874396135265701	-0.0020616856341745	-0.330042586140147	0.135847107438017	-0.0367820613690008	0.326771653543307	-0.210227272727273	-0.28240952817224	0.0375175315568022	-0.0615615615615616	-0.0347938144329897	-0.0070242656449553	0.102006688963211	0.0333333333333333	0.0868055555555556

Energy matrix for enoLOGOS

A:	0.896141225381467	-0.132743264784579	-0.106422000096363	1.09257917938077	-0.0602271061006417	0.0218357998387297	0.530653462592438	-1.90654045699907	1.84514845579055	-2.10732587710815	0.731564178116966	0.819528931020464	1.34571949289926	1.96165173473079	1.26982521438306	1.03500037008318	0.450036711615971	1.3069911575471	0.943473404659797	0.209325917544913
C:	0.312568112171137	-0.375932260080661	-0.139550611696609	0.272674550486137	-0.0595226078461046	-0.410538427433047	-0.652971892043088	0.630448160788299	-2.97812292542392	2.68663760286984	0.598233536541691	-4.1626421134283	-4.17068239017965	0.085661647804838	-0.391831297106094	-1.13348905350996	-0.691618965661215	-0.228326515704978	-0.673270495027499	0.0793994859653119
G:	-0.861786233635198	-0.908241897792096	0.0264664953217706	-0.485104507326307	-0.882841238206968	-0.374311862407899	0.0903907371216671	-1.81496835049782	2.07925744183409	-1.09787257233956	1.55808833749485	1.2348190381431	0.384782124293435	-1.73756613555935	-1.4760467557167	-0.243314404156587	0.152435946922951	-0.252024239034174	-0.10233711524418	0.42346392514833
T:	-0.364575973057391	1.68555248637473	0.188393325790422	-0.742054839974031	1.01937360887757	0.805348602573763	0.0189888264307607	3.03980455559802	-1.25119809805255	0.338775304791413	-3.00967815304734	1.93626473729045	2.60108787875553	-0.345549235554506	0.567002935812348	0.320462873767213	0.0646958774532171	-0.939516325569477	-0.307011345732539	-0.799508712845155

Probability matrix

A:	0.0825029021678504	0.216953319299036	0.273679032402416	0.0695562745999752	0.216662663724501	0.223025165082934	0.133558161740111	0.500322929028819	0.00674401750335141	0.685246714080592	0.0223561016836488	0.00676690476346221	0.00395823975145318	0.0172445827432318	0.0419011981334426	0.0650242025272482	0.143912040009823	0.0503737841978354	0.0808119786739736	0.175796826759108
C:	0.147880805897316	0.276682657116124	0.282897493078251	0.157912449175593	0.216510079010227	0.343662077002084	0.436226849938543	0.0395776723702866	0.838762169529542	0.00567355247292332	0.0255447018551257	0.98655080849033	0.98456636170558	0.112560194099134	0.220736776057105	0.568640810762802	0.450725252192049	0.233875414801734	0.407022759953927	0.200187687977933
G:	0.478550110491842	0.471152040232943	0.239623156900742	0.336911342840533	0.493220201762109	0.331435186689692	0.207431212129525	0.456542429751399	0.0053363763156485	0.249716340379393	0.00978230489291527	0.00446716364701533	0.0103474155978568	0.696951567023372	0.652744898197747	0.233474840398621	0.193795415698282	0.239483921629461	0.229966978150865	0.141909698207251
T:	0.291066181442992	0.0352119833518966	0.203800317618591	0.435619933383899	0.0736070555031634	0.101877571225289	0.22278377619182	0.00355696884949499	0.149157436651458	0.0593633930670923	0.94231689156831	0.00221512309919273	0.00112798294511055	0.173243656134262	0.0846171276117057	0.132860146311329	0.211567292099845	0.476266879370969	0.282198283221234	0.482105787055707



5	CGTCC.GC	0.482231658333536

Enrichment score matrix

A:	-0.138709677419355	0.00505050505050505	-0.0395580898075552	0.0404339250493097	-0.023445294313269	0.096969696969697	-0.202211302211302	0.114035087719298	-0.130977130977131	-0.0321502057613169	-0.137455288707205	-0.340145148968678	-0.0522911051212938	-0.116809116809117	-0.0838815789473684	-0.103074141048825	-0.0209471766848816	0.00177304964539007	-0.236111111111111
C:	0.227272727272727	0.0609375	0.0422794117647059	0.106999426276535	0.00618489583333333	0.114021164021164	0.218636127017179	-0.163616071428571	-0.114623419461242	0.344652406417112	0.347443650357339	0.0416842105263158	0.0355135411343894	0.142894325871942	0.0444078947368421	0.0921951219512195	-0.00910746812386157	-0.0159574468085106	0.115384615384615
G:	-0.0192307692307692	-0.00340136054421769	0.0759637188208617	-0.0634398496240602	0.0546875	0.0452380952380952	-0.0675233644859813	0.166999002991027	0.0283068783068783	-0.220636524374842	-0.037037037037037	0.257317073170732	0.214953271028037	-0.0325929502655722	0.0483552631578947	-0.000975609756097561	0.0318518518518519	0.0424242424242424	0.0144927536231884
T:	-0.138461538461538	-0.0642276422764228	-0.0631944444444444	-0.0613793103448276	-0.0371610845295056	-0.231553398058252	0.0680680680680681	-0.0962053571428571	0.223749312809236	-0.0733771154331902	-0.157142857142857	0.063374650139944	-0.199835074216603	0.0195195195195195	-0.00907258064516129	0.0181255526083112	-0.00910746812386157	-0.0256410256410256	0.114942528735632

Energy matrix for enoLOGOS

A:	1.27756334191928	-0.0465168705655363	0.364343471592786	-0.372410212279116	0.215939140746365	-0.893123914858297	1.86243492042663	-1.0503019722429	1.20634395724428	0.296114338090798	1.26600999492161	3.13285259787807	0.481618876593903	1.07585172436189	0.772577893044055	0.949347922608757	0.192930627099683	-0.0163303907304542	2.17466369893882
C:	-2.09325917544913	-0.561255116417299	-0.389407773079875	-0.985501135613057	-0.0569649957902173	-1.05017373024385	-2.01371314743883	1.50695970818271	1.05572070783784	-3.17436597312227	-3.20007427987298	-0.383925767084481	-0.327091801661903	-1.31610537850467	-0.409011825729206	-0.849148453806585	0.0838828813476884	0.146973516574088	-1.06273158138187
G:	0.177121930230311	0.031327688340055	-0.699651706261229	0.584302608184579	-0.503690489092448	-0.416658254922732	0.621913169976897	-1.53811765932803	-0.260715984074458	2.03213748798212	0.341123717480599	-2.36997782742314	-1.97979279023787	0.300192165672811	-0.44536843246069	0.0089856979238792	-0.293366397033316	-0.390741712750505	-0.133483193796756
T:	1.27527789765824	0.591558446655381	0.582042342951273	0.565324340073021	0.342266237108525	2.13268561040419	-0.62693007536975	0.886084084893245	-2.06080732896883	0.675828208653468	1.44733920131054	-0.583702098743793	1.84054905179403	-0.179781418672208	0.0835615557941388	-0.166942508952707	0.0838828813476884	0.236162573640415	-1.05865981287083

Probability matrix

A:	0.0293167139361866	0.242329251444452	0.146471868546348	0.276106092537099	0.190520708178471	0.352168889203627	0.0154442340345781	0.35081619224833	0.0305478593416101	0.0294009912238117	0.0109443832673949	0.0031134827558368	0.0656888073762011	0.0567634890321963	0.103825492837653	0.0790203202283249	0.205900525899197	0.245078225453468	0.0161585118900812
C:	0.853188333134929	0.40546541918228	0.311246322085546	0.509727418058689	0.250301209228915	0.412056581966834	0.744999688237802	0.0271941190103468	0.035513676006591	0.945306014635641	0.952329088104543	0.104848905834695	0.147472133080483	0.620701582638942	0.338424577990369	0.477326820181164	0.229623477682179	0.208153031977226	0.411513671510741
G:	0.0881111606543749	0.224180781294852	0.424464580580703	0.106067147935509	0.391267129688191	0.218687812579428	0.0533971558061732	0.571393494524467	0.132469781309968	0.00518103705023006	0.0275971541937809	0.764003509010984	0.769961272585014	0.123291673688288	0.350954947954298	0.202363839358737	0.334852518736446	0.35637686097219	0.1624863268192
T:	0.0293837922745089	0.128024548078416	0.117817228787403	0.108099341468702	0.167910952904423	0.0170867162501104	0.186158921921447	0.0505961942168555	0.801468683341831	0.0201119570903168	0.00912937443428143	0.128034102398484	0.0168777869583012	0.199243254640574	0.20679498121768	0.241289020231774	0.229623477682179	0.190391881597117	0.409841489779978



