1	CCGGAAG	0.498610092864125

Enrichment score matrix

A:	0.00397877984084881	-0.0109649122807018	-0.0279503105590062	0.0924075924075924	-0.0568760611205433	0.0314465408805031	0.124615975422427	-0.066793893129771	0.155061141304348	-0.159468438538206	-0.186504303241165	0.470188075230092	0.32152380952381	0.217424242424242	-0.0747903075489282	-0.0223831468071099	0.0805443998215083	0.0141776937618147	0.00109649122807018	0.100600600600601
C:	0.0286195286195286	0.107843137254902	0.0310290652003142	-0.0875527426160338	0.136968085106383	-0.0301298701298701	-0.13015873015873	0.342377260981912	0.396464646464646	-0.166482096714655	-0.199688701702985	-0.231546231546232	-0.12992125984252	-0.12466197944835	0.0213414634146341	0.0367268041237113	-0.0153949129852744	0.0560026827632461	0.0127659574468085	-0.00116550116550117
G:	0.161764705882353	-0.161538461538462	-0.0213114754098361	0.0430769230769231	-0.0457803844900619	0.0142711518858308	-0.0331664580725907	-0.0293893129770992	-0.145394112060779	0.492875890513686	0.491071428571429	-0.189365279529214	-0.365716429107277	0.325274725274725	-0.183066361556064	0.018266253869969	0.0853658536585366	0.0444234404536862	0.0578947368421053	-0.141558441558442
T:	-0.15	0.0564705882352941	0.0263157894736842	-0.0484622553588071	-0.0206117021276596	-0.0181818181818182	0.0403310287031217	-0.225995316159251	-0.380291005291005	-0.164443597560976	-0.0987723214285714	-0.027599486521181	0.169216757741348	-0.363115978098557	0.22883295194508	-0.0338273195876289	-0.148954703832753	-0.105373134328358	-0.0521541950113379	0.0501165501165501

Energy matrix for enoLOGOS

A:	-0.0366459165993747	0.100990574254125	0.257431873750887	-0.851105379028768	0.523847881937525	-0.289633345030698	-1.14775554942637	0.615194490494592	-1.42816588988014	1.46875859752444	1.71776811368939	-4.33059221171349	-2.96134372340872	-2.00255127784634	0.688844189050409	0.206156400689395	-0.741841337412629	-0.130581385235957	-0.0100990574254125	-0.926565773156763
C:	-0.263595599871372	-0.993272000899392	-0.285788251919135	0.806390559993695	-1.26152268392759	0.277506359259542	1.19880620714611	-3.15341110926833	-3.6515743393946	1.53335677658223	1.83920091112251	2.1326196043892	1.19661902470557	1.14817926216361	-0.196562142084858	-0.33826636675428	0.141792388591334	-0.515803769993301	-0.11757881325927	0.0107346624382007
G:	-1.48990800134909	1.48782421393461	0.196285942353591	-0.396753123715897	0.421652923513409	-0.131442166368671	0.305474367781438	0.270685575817621	1.33912926016102	-4.53955471277191	-4.52293500409545	1.74411867909847	3.36837279170172	-2.99589093418126	1.68610350059061	-0.168238415463342	-0.78624856833943	-0.409155007072666	-0.533230232061779	1.30380142927975
T:	1.38155105579643	-0.520113338652773	-0.2423773782099	0.44635386704824	0.18984079224153	0.167460734035931	-0.371462501907692	2.08149378429907	3.50260959913115	1.51458150552886	0.90972669968738	0.254200664951846	-1.55854393544005	3.34442175279075	-2.10762937573826	0.311561127273679	1.37192352230656	0.970522433226147	0.480357887880844	-0.461590484842629

Probability matrix

A:	0.147624119251755	0.163992880694487	0.184060291426645	0.476485473486579	0.105641898502628	0.327444499651874	0.558777856472615	0.0217572492820618	0.0970043150775905	0.0024408743537038	0.00193293340464075	0.986129154149859	0.791559170023625	0.266821731091119	0.0495549565664166	0.196940159479638	0.387676716957765	0.242501319103028	0.226597186121499	0.470074280329429
C:	0.185233833470575	0.48984332331424	0.316867435034992	0.090825610313122	0.629814684526812	0.185708616931256	0.0534737159805959	0.942515723639917	0.896200277833103	0.00228818319427488	0.00171190357031763	0.00153814249740989	0.0123795000806483	0.0114255288160846	0.120119684734201	0.339448652489126	0.160218428539199	0.356462674573792	0.252308787984446	0.18412047335963
G:	0.631394833279385	0.0409761166729671	0.195666035636995	0.302501120457057	0.117008901971368	0.279534968404556	0.130650011823195	0.030705933729382	0.00609494849670896	0.992939392157463	0.992018608425228	0.00226840386997618	0.00141098510749079	0.720481989516373	0.0182802816936767	0.286372880542559	0.405280337708804	0.320403382354212	0.382338027218681	0.0505277920757347
T:	0.0357472139982854	0.305187679318306	0.303406237901368	0.130187795743241	0.147534514999192	0.207311915012314	0.257098415723594	0.00502109334863919	0.000700458592597985	0.00233155029455834	0.00433655459981413	0.0100642994827548	0.194650344788236	0.00127075057642354	0.812045077005706	0.177238307488678	0.0468245167942323	0.0806326239689678	0.138755998675375	0.295277454235206



2	A.TTCCGG	0.497405315726777

Enrichment score matrix

A:	-0.0851648351648352	-0.0347222222222222	-0.0468975468975469	-0.0853909465020576	0.0402376910016978	0.22883295194508	-0.24071411454589	0.202187902187902	-0.067379679144385	-0.0982608695652174	-0.134290540540541	-0.350403034613561	-0.2	0.1125	-0.00771324863883848	0.0922619047619048	-0.099290780141844	0.102272727272727
C:	-0.129032258064516	0.0762032085561497	0.0251748251748252	0.0134508348794063	0.0448803191489362	-0.183066361556064	0.244883040935673	-0.320175438596491	-0.229224551654458	0.471434997750787	0.481704260651629	-0.106194690265487	-0.025140977443609	-0.0634973404255319	0.0339539978094195	-0.0945165945165945	-0.00317460317460317	0.0909090909090909
G:	-0.0113636363636364	-0.00801282051282051	0.0398601398601399	0.00827653359298929	-0.000332446808510638	0.0213414634146341	-0.112132352941176	-0.126332754773122	-0.168981481481481	-0.218611847922193	-0.183069862315145	0.363996273870517	0.289708646616541	-0.131316489361702	-0.0555555555555556	0.0453333333333333	0	-0.0173611111111111
T:	0.238709677419355	-0.0391304347826087	-0.0195804195804196	0.056980056980057	-0.0648271276595745	-0.0747903075489282	0.131539796677411	0.278265107212476	0.446375372393247	-0.131299734748011	-0.188733125649014	0.0863996273870517	-0.0662111801242236	0.0871010638297872	0.0685117967332123	0.00318979266347687	0.0878787878787879	-0.0899470899470899

Energy matrix for enoLOGOS

A:	0.784397119591378	0.319803485138062	0.431942369537123	0.78647968196916	-0.37060282990804	-2.10762937573826	2.21705892730651	-1.86221939824641	0.620589779074331	0.905016053942008	1.23686158711505	3.22733121616425	1.84206807439524	-1.03616329184732	0.0710416453373844	-0.849763546223993	0.914501880905437	-0.94196662895211
C:	1.18843101573886	-0.701857488238827	-0.231868708665135	-0.123886767526581	-0.413363015364623	1.68610350059061	-2.25545615834212	2.94892476822044	2.1112361423512	-4.34207679254658	-4.43666019923264	0.978089243041719	0.231556959539815	0.584832118034392	-0.312727876814087	0.870530006297893	0.0292391757840514	-0.837303670179653
G:	0.104662958772457	0.0738008042626297	-0.367125455386463	-0.0762296914915263	0.00306194826196017	-0.196562142084858	1.0327771372988	1.16356767158985	1.55637696100523	2.01348952871009	1.6861357437733	-3.35252957647852	-2.66831524404291	1.20946956347427	0.511685576220899	-0.417535430196254	0	0.159901742569031
T:	-2.1985973791169	0.360404623251242	0.180342328961771	-0.524805719200922	0.597079911082233	0.688844189050409	-1.2115262998595	-2.56291635107135	-4.11126911340943	1.20931524777937	1.73829632669436	-0.795769976246661	0.609827505374324	-0.802230444633564	-0.631016967408532	-0.0293790761466545	-0.809393547840331	0.828443313881456

Probability matrix

A:	0.042757271575391	0.166197992708553	0.154997213149642	0.104539679113437	0.321351461412398	0.812045077005706	0.00815141826734196	0.325540453955683	0.00868629616693416	0.0052061432245782	0.00340946059896445	0.00127098121126336	0.00996105727405331	0.477332142985765	0.194957180648556	0.440851554613879	0.0867642980880388	0.416122078333457
C:	0.0285456734040542	0.461665580923096	0.301032494863798	0.259805468595398	0.33539052696284	0.0182802816936767	0.713874387002452	0.00264942482684163	0.00195638868737774	0.989235244319675	0.992350015253281	0.0120495966046002	0.0498587662164109	0.0943694270993532	0.286159535057387	0.078918419583754	0.210283775374628	0.374771203575664
G:	0.0843751930396917	0.212551111820751	0.344631235238499	0.247714302793119	0.221156510099566	0.120119684734201	0.0266415951705366	0.0157950984401459	0.00340743377266794	0.00171835225927978	0.00217554659280084	0.915664473347945	0.906024671052329	0.0505306311478487	0.125478699259412	0.286139682488327	0.216523071072401	0.138256451285352
T:	0.844321861980863	0.1595853145476	0.199339056748061	0.387940549498047	0.122101501525196	0.0495549565664166	0.25133259955967	0.656015022777329	0.98594988137302	0.00384026019646717	0.00206497755495375	0.0710149488361915	0.0341555054572072	0.377767798767033	0.393404585034644	0.19409034331404	0.486428855464932	0.0708502668055277



3	AC.TCCGG	0.497390847227112

Enrichment score matrix

A:	0	0.0227272727272727	0.0291319857312723	0.0192307692307692	-0.0347576530612245	0.1988821611551	-0.24071411454589	0.169216757741348	-0.0658800393313668	-0.080399826162538	-0.122072072072072	-0.356256206554121	-0.215151515151515	0.0550649350649351	0.0461062235255784	0.0131103074141049	-0.0231884057971014	0.0345454545454545	0.0516129032258065
C:	-0.258064516129032	-0.0674074074074074	0.0765845070422535	0.0457317073170732	0.0104654795376445	-0.106531531531532	0.244883040935673	-0.365716429107277	-0.183578104138852	0.47390535161433	0.490048651039363	-0.0754845754845755	-0.0217171717171717	-0.0138095238095238	-0.0222739361702128	-0.0426706827309237	0.0197368421052632	0.0294117647058824	-0.0632183908045977
G:	0.190909090909091	0.0881481481481481	-0.0237762237762238	-0.0917001338688086	0.00306372549019608	0.0270144387517466	-0.112132352941176	-0.12992125984252	-0.162155388471178	-0.205661211853162	-0.167521367521368	0.357994041708044	0.281189083820663	-0.134870164281929	-0.0621675531914894	0.0892682926829268	-0.0268817204301075	-0.0200534759358289	-0.130252100840336
T:	0.0467032967032967	-0.046583850931677	-0.0761194029850746	0.024904214559387	0.0213424568263278	-0.131642512077295	0.131539796677411	0.32152380952381	0.442152678994784	-0.174534161490683	-0.184265010351967	0.0706422018348624	-0.0545454545454545	0.0904689092762487	0.0408909574468085	-0.054978354978355	0.0130568356374808	-0.0361111111111111	0.10632183908046

Energy matrix for enoLOGOS

A:	0	-0.209325917544913	-0.268315504296571	-0.177121930230311	0.320129815224937	-1.83177239815269	2.21705892730651	-1.55854393544005	0.606777585961066	0.740509764804691	1.12432533369619	3.28124092199251	1.98161868609185	-0.507166794508818	-0.424654011936993	-0.120750393665149	0.21357311007481	-0.318175394668268	-0.475372406295545
C:	2.37686203147772	0.620845165814691	-0.705369377079162	-0.421204590181838	-0.0963906286976577	0.981191665753319	-2.25545615834212	3.36837279170172	1.69081682396091	-4.36482959246903	-4.51351487490031	0.695238633047069	0.200022543431806	0.127190414660624	0.205150533551331	0.393011511856413	-0.181783033657425	-0.270892363881652	0.582262897078954
G:	-1.75833770737727	-0.811874447603827	0.218987113739294	0.844589445087508	-0.0282179545710055	-0.24881217586149	1.0327771372988	1.19661902470557	1.49350632096957	1.89420976248073	1.54292881445071	-3.29724697527052	-2.58984717087245	1.24220011906091	0.572584324986551	-0.822191360034947	0.247589794945596	0.184699339010218	1.19966618290446
T:	-0.430153259130756	0.429053122918145	0.701085610404157	-0.229376292788679	-0.196571291744686	1.21247234365387	-1.2115262998595	-2.96134372340872	-4.07237666992309	1.60751903386665	1.69714346398733	-0.650638723524923	0.502382202107792	-0.833249447515684	-0.376619636221101	0.506369362441981	-0.120257900402147	0.332595624543584	-0.979260326905514

Probability matrix

A:	0.11858010226407	0.263790229346562	0.282347834492464	0.270997429028945	0.178256683647067	0.761599921200816	0.00815141826734196	0.194650344788236	0.0091383292855405	0.00600111519321423	0.00353260308454655	0.00127432370596636	0.00925800298658224	0.323657054390886	0.350300274728699	0.241020459189304	0.206280180319853	0.324648933913523	0.313507059187822
C:	0.0110091491632569	0.115005863972401	0.437113828933729	0.345914624222656	0.270357457059363	0.0457164100775809	0.713874387002452	0.00141098510749079	0.00309082590770156	0.989584021738982	0.99215091274882	0.0169186726096913	0.0549863244451952	0.171627644393183	0.186603523147337	0.144188275923126	0.306308108856705	0.309655801958953	0.108873490852475
G:	0.68809465475909	0.481883667673701	0.173440941819314	0.0975532086156368	0.252540674861798	0.156406933304588	0.0266415951705366	0.0123795000806483	0.00376500369339503	0.00189315607972137	0.00232432932753339	0.916812984266339	0.895116808606252	0.0562787807236041	0.129224651928331	0.486055487482912	0.199381217591052	0.196344282458448	0.0587201705030877
T:	0.182316093813583	0.139320239007336	0.107097394754493	0.285534738132762	0.298845184431772	0.0362767354170157	0.25133259955967	0.791559170023625	0.984005841113363	0.0025217069880828	0.00199215483910069	0.0649940194180036	0.0406388639619701	0.448436520492327	0.333871550195633	0.128735777404658	0.28803049323239	0.169350981669076	0.518899279456616



4	ACTTCCG	0.496971363115693

Enrichment score matrix

A:	0.0486111111111111	0.14124597207304	-0.0230880230880231	-0.0132275132275132	-0.0814035087719298	-0.00404040404040404	0.305664830841857	-0.35387291704816	0.168452380952381	-0.0839598997493734	-0.100658149438637	-0.2072	-0.397946084724005	-0.2	-0.0564152159896841	-0.0937662337662338	-0.0111111111111111	-0.0621212121212121	-0.0142857142857143
C:	-0.034435261707989	0.0257861635220126	0.0828173374613003	0.0123456790123457	0.0569828722002635	-0.00533101909248698	-0.184635612321563	0.328701077708452	-0.367734724292101	-0.219200461272343	0.494492525570417	0.494056159048985	-0.141996891996892	-0.025140977443609	0.0682123655913978	0.0372839506172839	-0.0882768361581921	0.158730158730159	0.1
G:	-0.043424317617866	-0.0455594002306805	-0.0434782608695652	-0.0235294117647059	0.0578947368421053	0.0249194148276717	0.0704517198508081	-0.199565135186236	-0.145073170731707	-0.179547228727557	-0.208672086720867	-0.165505226480836	0.35630081300813	0.289708646616541	-0.0993421052631579	0.0382498624105669	0.0798771121351766	-0.0406162464985994	-0.0428571428571429
T:	0.0416666666666667	-0.132222222222222	-0.00727513227513227	0.0223752151462995	-0.0356182795698925	-0.0159090909090909	-0.17634533488192	0.215462833099579	0.364585365853659	0.488300614713464	-0.1832	-0.138441661697476	0.179289687633718	-0.0662111801242236	0.0920698924731183	0.0175308641975309	0.0299145299145299	-0.0501672240802676	-0.0333333333333333

Energy matrix for enoLOGOS

A:	-0.447724879193287	-1.30092347896334	0.212648551156737	0.121829899100214	0.749754023262623	0.037213496452429	-2.81527713179602	3.25929001443764	-1.55150376504123	0.773299254288727	0.927095817543092	1.90838252507347	3.66521889000336	1.84206807439524	0.519603341423544	0.863618928385299	0.10233711524418	0.572157507956096	0.131576291028231
C:	0.317160481128656	-0.237499342925172	-0.76277586671939	-0.113707905826866	-0.524831648337246	0.0491005003713087	1.70055683426983	-3.02744880633023	3.38696197732507	2.01891085801246	-4.55444447190168	-4.55042538771236	1.30783970705412	0.231556959539815	-0.628259104674451	-0.343397875597137	0.813059707978124	-1.46195878920257	-0.921034037197618
G:	0.399952745681348	0.419617583267658	0.400449581390269	0.216713891105322	-0.533230232061779	-0.229516292433327	-0.648884319617054	1.83806282144467	1.33617328128084	1.65369108942586	1.92194094482972	1.52435946922951	-3.28165176261672	-2.66831524404291	0.914974602742371	-0.352294251982578	-0.735695390695486	0.374089454884187	0.394728873084694
T:	-0.383764182165674	1.21781167140574	0.0670064445051177	-0.206083347393615	0.328056478302915	0.146528142281439	1.62420055727261	-1.98448603035742	-3.35795531415366	-4.49741486535621	1.68733435614604	1.27509482589573	-1.65131904829184	0.609827505374324	-0.847995047688667	-0.16146522627415	-0.275523002580484	0.462057209296464	0.307011345732539

Probability matrix

A:	0.353127563471732	0.623129732243099	0.177372442966568	0.219147523625518	0.102995571021592	0.23864530050323	0.879254754368513	0.00136626208232152	0.139827397144402	0.0050953535920874	0.00413131362199241	0.00155605291536939	0.000796729457858559	0.00996105727405331	0.114275395011768	0.0952000276336113	0.190032350755285	0.0910669829796223	0.182720596647249
C:	0.164341076173881	0.215148954316863	0.470443627245324	0.277350744774623	0.368437709413645	0.235825316665823	0.00961419558057037	0.734226397603168	0.00100194493101377	0.00146626369392728	0.992409390437007	0.993228099650941	0.00841603718633765	0.0498587662164109	0.36013311499771	0.31830085997159	0.0933608163515796	0.696251962287014	0.523516485139093
G:	0.151282921553394	0.111521084628289	0.147002661075384	0.199309946846989	0.371545094916842	0.311596206649284	0.100753996391854	0.00565933161988013	0.00778914998791345	0.00211263763111447	0.00152768008045387	0.0022845646666748	0.828511356591229	0.906024671052329	0.0769564763295105	0.321145217704369	0.439319452528228	0.111014782210851	0.140443547344227
T:	0.331248438800993	0.0502002288117489	0.205181268712724	0.30419178475287	0.157021624647921	0.213933176181664	0.0103770536590628	0.25874800869463	0.851381507936671	0.991325745082871	0.00193161586054627	0.00293128276701486	0.162275876764575	0.0341555054572072	0.448635013661011	0.26535389469043	0.277287380364908	0.101666272522512	0.153319370869431



5	ACTTCC.G	0.495568689136289

Enrichment score matrix

A:	0.0928571428571429	-0.152173913043478	0.00298507462686567	-0.0818273092369478	-0.00100806451612903	-0.0391304347826087	-0.0529100529100529	0.221358526668261	-0.250355618776671	0.131454783748362	-0.0609536662168241	-0.140489546149924	-0.140328518833192	-0.397946084724005	-0.17062389492296	-0.0393145161290323	-0.00278706800445931	0.0389805097451274	0.150641025641026	0.1
C:	-0.135294117647059	0.127536231884058	-0.0592686002522068	0.00976230899830221	-0.0103159252095422	0.0494555353901996	0.0532173913043478	-0.123294346978557	0.244665718349929	-0.312454212454212	-0.184897025171625	0.443396226415094	0.452505903962215	-0.141996891996892	-0.010427807486631	-0.0251450676982592	-0.0244618395303327	-0.0502645502645503	-0.0231884057971014	-0.105769230769231
G:	0.144117647058824	0.0753205128205128	0.0456656346749226	-0.0162037037037037	0.0540994623655914	-0.00958650958650959	0.0298854688618468	-0.00473550473550474	-0.124099099099099	-0.0749385749385749	-0.157444894287	-0.202104695089045	-0.26734693877551	0.35630081300813	0.188305127557464	-0.0404605263157895	-0.0282051282051282	-0.0560661764705882	-0.0349544072948328	-0.1625
T:	-0.123529411764706	-0.0387596899224806	0.0216783216783217	0.0853658536585366	-0.0414473684210526	-0.000219298245614035	-0.03559670781893	-0.09375	0.136320531057373	0.265849962111644	0.414492078285182	-0.116137566137566	-0.0670748299319728	0.179289687633718	-0.00797325102880658	0.106854838709677	0.0595238095238095	0.0494752623688156	-0.068922305764411	0.203703703703704

Energy matrix for enoLOGOS

A:	-0.855245891683503	1.40157353486594	-0.0274935533491826	0.75365736979524	0.00928461731045986	0.360404623251242	0.487319596400856	-2.03878737485385	2.30586046296986	-1.21074330184693	0.561404012776776	1.29395653874525	1.29247342234897	3.66521889000336	1.57150414783276	0.362100075107935	0.0256698449609147	-0.359023762625758	-1.38745512013744	-0.921034037197618
C:	1.2461048738556	-1.17465210541146	0.545883981693418	-0.0899141886907692	0.0950131824317337	-0.455502314222053	-0.490150287621689	1.13558290161305	-2.2534545433569	2.87780964736106	1.70296453559651	-4.08383016493284	-4.16773339582076	1.30783970705412	0.0960436562853131	0.231594632177351	0.225301868199026	0.462953616580813	0.21357311007481	0.974170616266712
G:	-1.3273725830201	-0.693727560068719	-0.420596038658355	0.149241626397762	-0.498274462328013	0.0882950162709659	-0.275255340393705	0.0436156104471037	1.14299494255831	0.690209782175119	1.45012106621307	1.86145303254457	2.46235630352833	-3.28165176261672	-1.73435431859264	0.372655218997721	0.259778831004456	0.5163885686494	0.321941988686098	1.49668031044613
T:	1.13774792830294	0.356989936898302	-0.199664721350533	-0.78624856833943	0.381744370680592	0.0020198114850825	0.327857795134132	0.863469409872767	-1.25555849072696	-2.44856863892522	-3.81761312249432	1.06966651409988	0.617782014065886	-1.65131904829184	0.0734363558465179	-0.984169434908745	-0.548234545950963	-0.455684006409616	0.634797895311642	-1.8761804461433

Probability matrix

A:	0.349408642710239	0.0398128415240283	0.23623517059031	0.101843479619104	0.234295631078645	0.166528653349288	0.143381672343414	0.818766131020365	0.00741123693711538	0.216717762280474	0.0122714285019342	0.00455869862355293	0.00419428107769315	0.000796729457858559	0.0269410845832636	0.143431550176897	0.228024575688509	0.338096223564316	0.660056934337523	0.260520892104416
C:	0.0427295777468394	0.523436200531924	0.133146531103295	0.23675093459476	0.215046682726827	0.37655884290168	0.381068822803757	0.0342411525728787	0.707906738538837	0.00363294248963591	0.00391851655154885	0.98715186900353	0.986268635611842	0.00841603718633765	0.117814684651889	0.163426502303983	0.186759443066144	0.148614121917851	0.133126241898533	0.0391530531179986
G:	0.560241995155744	0.32359431160127	0.349998993835916	0.186392164341204	0.389219237840766	0.218607305305628	0.307380086584902	0.102043123511636	0.023709193252453	0.0323832977489756	0.00504580205241423	0.00258452231407475	0.00130191865914051	0.828511356591229	0.734735739018293	0.141925571419549	0.180430276832061	0.140881372826827	0.119453716488027	0.0232189489491501
T:	0.0476197843871774	0.113156646342778	0.280619304470478	0.475013421444932	0.161438448353762	0.238305198443404	0.168169418267927	0.0449495928951207	0.260972831271595	0.747265997480915	0.978764252894103	0.00570491005884268	0.00823516465132387	0.162275876764575	0.120508491746554	0.551216376099571	0.404785704413287	0.372408281691006	0.0873631072759161	0.677107105828435



