1	C.C.TCCGG	0.490047368903978

Enrichment score matrix

A:	0.201680672268908	0.110795454545455	-0.0124851367419738	-0.0499084249084249	-0.0204081632653061	0.0232883092687471	-0.236549165120594	0.0515482695810565	-0.0163265306122449	-0.136666666666667	-0.15513801130695	-0.354818523153942	-0.204377104377104	-0.0109090909090909	0.0252525252525253	0.0185352622061483	0.00289855072463768	0.0163636363636364	-0.0516129032258065
C:	-0.187096774193548	-0.00814814814814815	-0.011443661971831	-0.0235191637630662	0.0310840362386754	0.0328828828828829	0.155534941249227	-0.17854463615904	-0.15470297029703	0.467272727272727	0.469059011164274	-0.0283873214907698	-0.0287925696594427	0.0302380952380952	-0.00365691489361702	-0.019578313253012	0.0287828947368421	0.053475935828877	0.0890804597701149
G:	-0.0181818181818182	-0.00222222222222222	-0.0153846153846154	0.0649263721552878	-0.032781862745098	0.0724266418258035	-0.000618429189857761	-0.00708661417322835	-0.102727272727273	-0.0939393939393939	-0.103259062188227	0.336044657097289	0.263888888888889	0.0185479597244303	0.015625	0.0302439024390244	0.0192012288786482	-0.0106951871657754	-0.0168067226890756
T:	0.043956043956044	-0.110248447204969	0.0417910447761194	0.00744997871434653	0.0232974910394265	-0.143961352657005	0.0833333333333333	0.132190476190476	0.271212121212121	-0.23202614379085	-0.221212121212121	0.052734375	-0.0438144329896907	-0.0395005096839959	-0.0382313829787234	-0.0277056277056277	-0.0683563748079877	-0.0569444444444444	-0.0316091954022989

Energy matrix for enoLOGOS

A:	-1.85754763804562	-1.02046384803145	0.114992358984245	0.459673580835808	0.18796613004033	-0.214493255053008	2.17869832546746	-0.474777108427916	0.150372904032264	1.25874651750341	1.4288738887685	3.26799936852972	1.88238269555203	0.100476440421558	-0.232584352827681	-0.170716073802452	-0.0266966387593513	-0.150714660632338	0.475372406295545
C:	1.72322497282135	0.0750472178457319	0.105400021862404	0.216619503522088	-0.286294553893043	-0.302862543763181	-1.4325297486407	1.6444568706154	1.42486701299136	-4.30374086472342	-4.32019314736554	0.261456893178704	0.265189366747302	-0.278503149343089	0.0336814308815618	0.180322928969413	-0.265100257417078	-0.492531570693914	-0.82046135497489
G:	0.167460734035931	0.020467423048836	0.141697544184249	-0.597993986667798	0.301932113909758	-0.667074023214856	0.00569594333455546	0.0652701286203037	0.946153147303008	0.865213792518975	0.951051109244631	-3.09508567205005	-2.43050648704927	-0.170833022267709	-0.143911568312128	-0.278556635640255	-0.176849853532569	0.0985063141387827	0.154795636503801
T:	-0.404850126240711	1.01542572423961	-0.384909746888557	-0.0686168397231091	-0.214577822286183	1.32593305838111	-0.767528364331349	-1.2175192796479	-2.4979559493693	2.13703975951081	2.03743893077049	-0.485701543053432	0.403545841040194	0.363813139056144	0.352124050125419	0.255178261388085	0.629585478575945	0.524477715626422	0.291131448539477

Probability matrix

A:	0.717470621582178	0.550037265022458	0.215896613855621	0.145968045595389	0.200210670731992	0.257795341491529	0.0151906208948752	0.262844200410885	0.0630469070157128	0.00379697399748375	0.0031540332780381	0.00155296590164986	0.011753279074718	0.22021788464085	0.308770748182276	0.288100432929486	0.253163906998303	0.27056505604003	0.138230965654303
C:	0.0199845483088343	0.183915233625151	0.217977531434739	0.186129340165145	0.321703672390109	0.281613428282618	0.562227327320913	0.0315737943470635	0.0176261729386252	0.988997511339356	0.990043692187592	0.0313968968889275	0.0592239251118931	0.321692792873425	0.23659109241929	0.202810113950262	0.321321041098158	0.380821012908712	0.505101657791509
G:	0.0947009118699175	0.194232279417649	0.210207359209701	0.420336381675495	0.178645640543254	0.405348336782491	0.133443821046849	0.153164763213893	0.0284485946419598	0.00562790443053131	0.00508606689185518	0.900771508759679	0.8774512993182	0.288855598382648	0.282569998377005	0.320906468933293	0.294179565376179	0.21088049476844	0.190471527241248
T:	0.16784391823907	0.0718152219347414	0.355918495499938	0.247566232563971	0.299440016334646	0.0552428934433614	0.289138230737364	0.552417242028158	0.890878325403702	0.00157761023262869	0.00171620764251422	0.066278628449744	0.0515714964951892	0.169233724103077	0.172068161021429	0.188182984186958	0.131335486527361	0.137733436282818	0.16619584931294



2	G..TCCGGA	0.489069333578004

Enrichment score matrix

A:	-0.00806451612903226	-0.131578947368421	0.036969696969697	-0.0973856209150327	-0.0807511737089202	-0.0843700159489633	0.100125156445557	-0.0110677083333333	-0.149760765550239	-0.0585326953748006	-0.324629271437782	-0.289154704944179	0.138440860215054	0.155890410958904	0.104414261460102	-0.0566860465116279	-0.204761904761905
C:	-0.135416666666667	0.00961538461538462	0.0549872122762148	0.028175313059034	-0.0788018433179724	-0.0009765625	-0.0146484375	-0.0304625199362041	0.397572331227137	0.450116395078151	-0.0898026315789474	0.00553385416666667	-0.108223684210526	0.000534188034188034	-0.138447971781305	0.0663956639566396	-0.107142857142857
G:	0.125	0.0766509433962264	-0.0285714285714286	0.0471541337764853	0.128110599078341	0.0681020733652313	-0.0380859375	-0.0836588541666667	0.025390625	-0.130859375	0.459005376344086	0.435816428333888	-0.0628360215053763	-0.253972602739726	0.230899830220713	-0.153409090909091	0.15
T:	0.0994152046783626	0.0525793650793651	-0.0691699604743083	0.01484375	-0.0657276995305164	0.0162760416666667	-0.052734375	0.128533422015298	-0.26171875	-0.25	-0.0288978494623656	-0.137044270833333	0.0335267569310123	0.109234234234234	-0.152263374485597	0.112698412698413	0.122377622377622

Energy matrix for enoLOGOS

A:	0.0742769384836789	1.2118868910495	-0.340503492539726	0.896954715963694	0.743745795295729	0.777076564079011	-0.922186770660945	0.101937360887757	1.37934762508543	0.53910604729111	2.98994608464862	2.66321325269423	-1.27508744396982	-1.43580374565875	-0.961690887736053	0.522097782713766	1.88592683807131
C:	1.24723359203844	-0.0885609651151556	-0.506450941170046	-0.259504223360689	0.725791798897662	0.00899447301950799	0.13491709529262	0.28057017720055	-3.66177649308198	-4.14572520567668	0.827112803141282	-0.0509686804438786	0.996776967888212	-0.00492005361750865	1.27515294391557	-0.611526664264001	0.986822182711734
G:	-1.15129254649702	-0.705981278512325	0.263152582056462	-0.434305622027128	-1.1799422227693	-0.627243275731073	0.350784447760812	0.770526522004518	-0.233856298507208	1.20525938461407	-4.22759574869606	-4.01401764465407	0.578741145685331	2.33917411638957	-2.12666602816428	1.41294994342816	-1.38155105579643
T:	-0.915647873237398	-0.484273848923351	0.637078879484519	-0.136715989896521	0.605374484543036	-0.149907883658467	0.485701543053432	-1.18383656593575	2.41051876922814	2.30258509299405	0.266159029566516	1.26222438040429	-0.308792842903134	-1.00608447756947	1.40239750519802	-1.03799074033382	-1.12713955601107

Probability matrix

A:	0.135014934695543	0.0590655419250936	0.322212758733841	0.0928002253062152	0.0998733729935852	0.102508785604308	0.53415422806222	0.167607769925758	0.0062104391198478	0.00909279998794846	0.000720425910355798	0.00122809607226947	0.609664513557636	0.522813796183616	0.226928558821667	0.107799912388512	0.0199791539764378
C:	0.0417804591651778	0.216826081312329	0.380375726202578	0.294980132608564	0.101682692831513	0.220970807311072	0.185597573769317	0.140189310998551	0.960405626996694	0.98467746731784	0.00626463659954176	0.0185347434393291	0.0628684480007009	0.125003492684534	0.0242348436399386	0.334923213704635	0.0490968110272072
G:	0.459875078753522	0.402025643740267	0.176188773010352	0.35132418656479	0.683749164359143	0.417493238073305	0.14956235488949	0.0858874214506202	0.0311693589952153	0.00467079621521933	0.982037145134252	0.975252058143865	0.0954956062375569	0.0119920929093494	0.727497374080633	0.0442309462294734	0.524354154121437
T:	0.363329527385757	0.322082733022311	0.121222742053229	0.260895455520431	0.114694769815758	0.259027169011315	0.130685843278974	0.606315497625071	0.0022145748882428	0.00155893647899218	0.0109777923558504	0.00498510234453646	0.231971432204106	0.340190618222501	0.0213392234577619	0.513045927677381	0.406569880874918



3	CCGGA.GC	0.488393715315176

Enrichment score matrix

A:	-0.0316091954022989	-0.0569444444444444	-0.0683563748079877	-0.0277056277056277	-0.0382313829787234	-0.0395005096839959	-0.111253744116389	0.0583120204603581	-0.234708392603129	-0.168549905838041	0.340100250626566	0.132190476190476	0.136883116883117	-0.143961352657005	0.0232974910394265	0.00744997871434653	0.0417910447761194	-0.110248447204969	0.043956043956044
C:	-0.0168067226890756	-0.0106951871657754	0.0192012288786482	0.0302439024390244	0.015625	0.0185479597244303	0.325910931174089	0.355618776671408	-0.0311594202898551	-0.125	-0.220992984349703	-0.00708661417322835	-0.0457957957957958	0.0724266418258035	-0.032781862745098	0.0649263721552878	-0.0153846153846154	-0.00222222222222222	-0.0181818181818182
G:	0.0890804597701149	0.053475935828877	0.0287828947368421	-0.019578313253012	-0.00365691489361702	0.0302380952380952	-0.0028735632183908	-0.000983284169124877	0.465533302282254	0.481397459165154	-0.152725310307609	-0.17854463615904	0.162075750122971	0.0328828828828829	0.0310840362386754	-0.0235191637630662	-0.011443661971831	-0.00814814814814815	-0.187096774193548
T:	-0.0516129032258065	0.0163636363636364	0.00289855072463768	0.0185352622061483	0.0252525252525253	-0.0109090909090909	-0.209803023362345	-0.389340560072267	-0.198198198198198	-0.181760204081633	0.0071392146863845	0.0515482695810565	-0.252252252252252	0.0232883092687471	-0.0204081632653061	-0.0499084249084249	-0.0124851367419738	0.110795454545455	0.201680672268908

Energy matrix for enoLOGOS

A:	0.291131448539477	0.524477715626422	0.629585478575945	0.255178261388085	0.352124050125419	0.363813139056144	1.02468485096868	-0.537073556217537	2.16174418403424	1.5524020024329	-3.13243906886508	-1.2175192796479	-1.26074009767051	1.32593305838111	-0.214577822286183	-0.0686168397231091	-0.384909746888557	1.01542572423961	-0.404850126240711
C:	0.154795636503801	0.0985063141387827	-0.176849853532569	-0.278556635640255	-0.143911568312128	-0.170833022267709	-3.00175060706106	-3.27536997580945	0.286988866663026	1.15129254649702	2.03542060567957	0.0652701286203037	0.421794866884795	-0.667074023214856	0.301932113909758	-0.597993986667798	0.141697544184249	0.020467423048836	0.167460734035931
G:	-0.82046135497489	-0.492531570693914	-0.265100257417078	0.180322928969413	0.0336814308815618	-0.278503149343089	0.0264664953217706	0.00905638188001591	-4.28772016850964	-4.43383445311558	1.40665209134876	1.6444568706154	-1.49277282467592	-0.302862543763181	-0.286294553893043	0.216619503522088	0.105400021862404	0.0750472178457319	1.72322497282135
T:	0.475372406295545	-0.150714660632338	-0.0266966387593513	-0.170716073802452	-0.232584352827681	0.100476440421558	1.93235725623687	3.58595907888142	1.8254728665178	1.67407334567169	-0.0657545972502124	-0.474777108427916	2.32332910284084	-0.214493255053008	0.18796613004033	0.459673580835808	0.114992358984245	-1.02046384803145	-1.85754763804562

Probability matrix

A:	0.16619584931294	0.137733436282818	0.131335486527361	0.188182984186958	0.172068161021429	0.169233724103077	0.0166174708588216	0.058630371564114	0.00155937535116706	0.00249194391595593	0.940773437935158	0.552417242028158	0.404068873013176	0.0552428934433613	0.299440016334646	0.247566232563971	0.355918495499938	0.0718152219347414	0.16784391823907
C:	0.190471527241248	0.21088049476844	0.294179565376179	0.320906468933293	0.282569998377005	0.288855598382648	0.931587445198022	0.906462143350002	0.0101659168780565	0.00372167021843407	0.00535934983729812	0.153164763213893	0.0751172613047981	0.405348336782491	0.178645640543254	0.420336381675495	0.210207359209701	0.194232279417649	0.0947009118699175
G:	0.505101657791508	0.380821012908712	0.321321041098158	0.202810113950262	0.23659109241929	0.321692792873425	0.0450905621180802	0.0339579471411809	0.9860920208667	0.991579920723467	0.0100503874202899	0.0315737943470635	0.509595904837384	0.281613428282618	0.321703672390109	0.186129340165145	0.217977531434739	0.183915233625151	0.0199845483088343
T:	0.138230965654303	0.27056505604003	0.253163906998303	0.288100432929486	0.308770748182276	0.22021788464085	0.00670452182507609	0.0009495379447028	0.00218268690407628	0.00220646514214286	0.0438168248072545	0.262844200410885	0.0112179608446418	0.257795341491529	0.200210670731992	0.145968045595389	0.215896613855621	0.550037265022458	0.717470621582178



4	CGGAAG..C	0.48826803682295

Enrichment score matrix

A:	0.0596816976127321	0.0116279069767442	0.0462264150943396	-0.0206384149697303	-0.0422036082474227	0.0240893066980024	-0.0648076923076923	0.0798969072164948	-0.162847222222222	-0.152477552377785	0.405942275042445	0.239960500329164	0.0803056027164686	-0.179742388758782	-0.00155844155844156	-0.0779847023611573	-0.0112813963388676	-0.0461538461538462	-0.0794871794871795	-0.230769230769231
C:	-0.157407407407407	-0.0189393939393939	0.0328947368421053	0.0540740740740741	-0.0161082474226804	-0.0356051703877791	0.237723214285714	0.296576695194207	-0.0728900255754476	-0.110026041666667	-0.212393887945671	-0.114551083591331	-0.132127728901922	0.0560757608001703	0.024915336236091	0.0926172264715663	-0.0448412698412698	-0.0346320346320346	-0.00232558139534884	0.0555555555555556
G:	0.103125	-0.0552325581395349	0.0367647058823529	0.0241558441558442	0.0995489690721649	0.0686147186147186	-0.00865384615384615	-0.040719696969697	0.488455008488964	0.476720984369804	-0.0771276595744681	-0.269974226804124	0.28981324278438	0.00833333333333333	0.0179220779220779	-0.0162760416666667	0.0585355470412942	0.0638461538461538	0.0178294573643411	0.152777777777778
T:	-0.0570291777188329	0.0581395348837209	-0.107547169811321	-0.0585185185185185	-0.0404040404040404	-0.064176245210728	-0.153005464480874	-0.321969696969697	-0.251782682512733	-0.199311639549437	-0.112367021276596	0.154317010309278	-0.227393617021277	0.121653777513385	-0.0423037716615698	0.00187734668335419	0.000793650793650794	0.017531556802244	0.0565891472868217	0.0341880341880342

Energy matrix for enoLOGOS

A:	-0.549688748990621	-0.107096981069491	-0.425761017195125	0.190086826609305	0.388709596884304	-0.221870714013527	0.596900904876149	-0.735877710132118	1.49987834529751	1.40437015648523	-3.73886652451529	-2.2101178838613	-0.739641934795371	1.65548857974045	0.0143537772030798	0.718265652553513	0.103905500152137	0.425092632552747	0.732103978285286	2.12546316276373
C:	1.44977579929255	0.174438264620761	-0.302971722762374	-0.498040627521675	0.148362441558895	0.327935738273653	-2.18951171789166	-2.73157230913448	0.671341945271921	1.01337729353123	1.956220000907	1.05505446985486	1.2169413557629	-0.516476843587088	-0.22947872721663	-0.853036180111529	0.413003357949726	0.318972826735106	0.0214193962138981	-0.511685576220899
G:	-0.949816350860044	0.50871066008008	-0.338615454852066	-0.222483546647736	-0.916879888833969	-0.631964912968929	0.0797048686036401	0.375042268934636	-4.49883688457988	-4.39076252850943	0.710371996774759	2.48655452052708	-2.66927861035031	-0.0767528364331349	-0.165068437835417	0.149907883658467	-0.539132312110143	-0.588044808364633	-0.164215370973219	-1.40713533460747
T:	0.525258137924371	-0.535484905347453	0.990546040004986	0.538975473619347	0.37213496452429	0.591085062186211	1.40923240664116	2.96545049855294	2.31900420571149	1.83572804034694	1.03493851254254	-1.42131219013421	2.09437261118075	-1.12047269843494	0.389632136021419	-0.0172910019498927	-0.00730979394601284	-0.161471605399302	-0.52120530787152	-0.314883431520553

Probability matrix

A:	0.33684338504484	0.261123189165312	0.328558072893193	0.192080400757769	0.14330205733855	0.283481558420999	0.0516959949586946	0.114793979280544	0.00245916800782989	0.00301364698307075	0.977041400201947	0.665910594460686	0.123653345453258	0.0317632970287316	0.240398808884311	0.103466987756772	0.21034939108477	0.150060367040979	0.111261145348661	0.0164844918500313
C:	0.0456112109852566	0.197049908525218	0.290593188052732	0.382237251274267	0.182235871804345	0.163586290065819	0.838649562384908	0.844575079364627	0.00563140791480122	0.0044555202391764	0.00328524917213015	0.0254313601809641	0.0174772276933762	0.278739280114594	0.30678026813331	0.497977271099425	0.15441936604271	0.166860388520577	0.226459173903324	0.230342835917919
G:	0.502575406517026	0.141059902976198	0.301137822489064	0.29017506451284	0.528765041540036	0.427195293435377	0.0867106182832889	0.0377965964721361	0.990825381452449	0.990573088202453	0.0114191355438584	0.00607682900435196	0.851601526039663	0.179567800970348	0.287643384026503	0.182657053825176	0.400137295723223	0.413300570137726	0.272652870153705	0.563979863828676
T:	0.114969997452878	0.400766999333272	0.0797109165650107	0.135507283455124	0.145697029317069	0.125736858077804	0.0229438243731082	0.00283434488269304	0.00108404262491944	0.00195774457529935	0.00825421508206469	0.302581216353998	0.00726790081370221	0.509929621886327	0.165177538955875	0.215898687318627	0.235093947149297	0.269778674300718	0.389626810594309	0.189192808403374



5	CC.TCCGG	0.488103978341669

Enrichment score matrix

A:	0.201680672268908	0.110795454545455	-0.0124851367419738	-0.0499084249084249	-0.0204081632653061	0.0232883092687471	-0.197062279670975	0.0515482695810565	-0.0130434782608696	-0.229582577132486	-0.138862781954887	-0.367953667953668	-0.162861136999068	-0.0109090909090909	0.0252525252525253	0.0185352622061483	0.00289855072463768	0.0163636363636364	-0.0516129032258065
C:	-0.187096774193548	-0.00814814814814815	-0.011443661971831	-0.0235191637630662	0.0310840362386754	0.0328828828828829	0.269419642857143	-0.17854463615904	-0.131661092530658	0.439805825242718	0.448181818181818	-0.024805577902923	-0.0526315789473684	0.0302380952380952	-0.00365691489361702	-0.019578313253012	0.0287828947368421	0.053475935828877	0.0890804597701149
G:	-0.0181818181818182	-0.00222222222222222	-0.0153846153846154	0.0649263721552878	-0.032781862745098	0.0724266418258035	-0.104719764011799	-0.00708661417322835	-0.127495462794918	-0.071957671957672	-0.118387618387618	0.34127358490566	0.289380530973451	0.0185479597244303	0.015625	0.0302439024390244	0.0192012288786482	-0.0106951871657754	-0.0168067226890756
T:	0.043956043956044	-0.110248447204969	0.0417910447761194	0.00744997871434653	0.0232974910394265	-0.143961352657005	0.0222701149425287	0.132190476190476	0.267982456140351	-0.192554240631164	-0.224941724941725	0.0182748538011696	-0.0873718546132339	-0.0395005096839959	-0.0382313829787234	-0.0277056277056277	-0.0683563748079877	-0.0569444444444444	-0.0316091954022989

Energy matrix for enoLOGOS

A:	-1.85754763804562	-1.02046384803145	0.114992358984245	0.459673580835808	0.18796613004033	-0.214493255053008	1.81501067024725	-0.474777108427916	0.120134874417081	2.11453367886568	1.27897348680402	3.38897852297039	1.50000650512846	0.100476440421558	-0.232584352827681	-0.170716073802452	-0.0266966387593513	-0.150714660632338	0.475372406295545
C:	1.72322497282135	0.0750472178457319	0.105400021862404	0.216619503522088	-0.286294553893043	-0.302862543763181	-2.48144661361055	1.6444568706154	1.21264347595361	-4.05076134806331	-4.12790709398569	0.228467815609492	0.484754756419799	-0.278503149343089	0.0336814308815618	0.180322928969413	-0.265100257417078	-0.492531570693914	-0.82046135497489
G:	0.167460734035931	0.020467423048836	0.141697544184249	-0.597993986667798	0.301932113909758	-0.667074023214856	0.964504670221695	0.0652701286203037	1.17427660822382	0.662754651105165	1.09039026117759	-3.14324587694565	-2.66529318728868	-0.170833022267709	-0.143911568312128	-0.278556635640255	-0.176849853532569	0.0985063141387827	0.154795636503801
T:	-0.404850126240711	1.01542572423961	-0.384909746888557	-0.0686168397231091	-0.214577822286183	1.32593305838111	-0.205115338743722	-1.2175192796479	-2.46820963477081	1.77349009628042	2.07178985057273	-0.168317623756875	0.804724519918702	0.363813139056144	0.352124050125419	0.255178261388085	0.629585478575945	0.524477715626422	0.291131448539477

Probability matrix

A:	0.717470621582178	0.550037265022458	0.215896613855621	0.145968045595389	0.200210670731992	0.257795341491529	0.0118596860469706	0.262844200410885	0.0667040740457962	0.00207202930067299	0.00443271882133729	0.00133944944837067	0.0142498219045197	0.22021788464085	0.308770748182276	0.288100432929486	0.253163906998303	0.27056505604003	0.138230965654303
C:	0.0199845483088343	0.183915233625151	0.217977531434739	0.186129340165145	0.321703672390109	0.281613428282618	0.870965359831549	0.0315737943470635	0.0223708199686889	0.986164811717552	0.988208498162978	0.0315877496925513	0.0393303370978151	0.321692792873425	0.23659109241929	0.202810113950262	0.321321041098158	0.380821012908712	0.505101657791509
G:	0.0947009118699175	0.194232279417649	0.210207359209701	0.420336381675495	0.178645640543254	0.405348336782491	0.0277615209015356	0.153164763213893	0.0232457959748184	0.00884902685696806	0.00535267454449027	0.920100653491876	0.917859291028258	0.288855598382648	0.282569998377005	0.320906468933293	0.294179565376179	0.21088049476844	0.190471527241248
T:	0.16784391823907	0.0718152219347414	0.355918495499938	0.247566232563971	0.299440016334646	0.0552428934433614	0.0894134332199449	0.552417242028158	0.887679310010697	0.00291413212480703	0.00200610847119453	0.0469721473672019	0.028560549969407	0.169233724103077	0.172068161021429	0.188182984186958	0.131335486527361	0.137733436282818	0.16619584931294



