1	CATCCGG	0.493388959938014

Enrichment score matrix

A:	-0.0294117647058824	-0.0241477272727273	0.0511296076099881	0.0206043956043956	-0.0357142857142857	0.206567303213787	-0.211262282690854	0.189071038251366	-0.0208577651197856	-0.138644688644689	-0.250805008944544	-0.326771653543307	-0.258954337124427	-0.0298701298701299	-0.00602802215705442	-0.0203435804701627	-0.0746376811594203	-0.0927272727272727	0.0516129032258065
C:	-0.267741935483871	0.0155555555555556	0.0105633802816901	0.0230836236933798	-0.00234301780693533	-0.0972972972972973	0.234056007226739	-0.304763690922731	-0.19873957038878	0.37244094488189	0.378819444444444	0.0119970468807678	0.0792112299465241	0.0535714285714286	0.0329122340425532	-0.016566265060241	0.0649671052631579	0.072192513368984	-0.0545977011494253
G:	0.136363636363636	0.097037037037037	0.0356643356643357	-0.0899152164212405	0.0551470588235294	0.108756404285049	-0.232651162790698	-0.0269685039370079	-0.0851370851370851	-0.0928571428571429	-0.103645833333333	0.221164021164021	0.211604938271605	-0.179915209326974	-0.0804521276595745	0.0648780487804878	0.0192012288786482	0.0855614973262032	-0.100840336134454
T:	0.123626373626374	-0.0916149068322981	-0.111194029850746	0.0440613026819923	-0.0197132616487455	-0.234782608695652	0.187728058382946	0.118095238095238	0.290180878552972	-0.155850009013881	-0.0343984962406015	0.0967557251908397	-0.0369318181818182	0.145005096839959	0.0309175531914894	-0.0238095238095238	-0.0230414746543779	-0.0930555555555556	0.0775862068965517

Energy matrix for enoLOGOS

A:	0.270892363881652	0.22240878739147	-0.470921089173574	-0.189773496675333	0.328940727570578	-1.90255517232019	1.94579753134342	-1.74140861677801	0.192107116151958	1.27696477318424	2.30999949937578	3.00967815304734	2.38505758571544	0.275114063059029	0.0555201358362852	0.187371300514886	0.687438448053295	0.854049743583246	-0.475372406295545
C:	2.46599435765814	-0.143271961341852	-0.0972923278729878	-0.212608031234642	0.0215799914994756	0.896141225381467	-2.15573549266398	2.8069773264181	1.83045908866099	-3.43030787082263	-3.48905602285626	-0.110496885230427	-0.729562389090359	-0.493411091355867	-0.303132877934057	0.152580939897196	-0.59836915245569	-0.664917620436783	0.502863411113642
G:	-1.25595550526948	-0.89374413979917	-0.328480670608941	0.828149747859527	-0.507923182278098	-1.00168350109755	2.14279639723837	0.248389100582822	0.784141532390469	0.855245891683503	0.954613403137115	-2.03699591295558	-1.94895350587249	1.65708031599677	0.74099147939436	-0.597548911937967	-0.176849853532569	-0.788050513110262	0.928773819022808
T:	-1.138640980052	0.843804475072352	1.02413486225705	-0.405819594933816	0.181565849626771	2.16242773950745	-1.72903931507715	-1.08769733916671	-2.67266466091195	1.4354316299934	0.316821858660083	-0.891153161945024	0.340154616010484	-1.33554629756739	-0.284761188362296	0.219293818380385	0.212219824239083	0.857073340170006	-0.714595373687807

Probability matrix

A:	0.101946834917437	0.165788670156461	0.359750062844785	0.275816308786579	0.171593289445756	0.673732736033273	0.00983320191274946	0.599729187135514	0.051833481766931	0.00876211280625633	0.00292222650626629	0.00437448600754563	0.00930208371639258	0.118852592833907	0.230383129002664	0.192447724942063	0.116288933646773	0.0852478928331582	0.345803925840061
C:	0.0113514950454908	0.238983534128782	0.247591635803896	0.282186903799151	0.233337946423514	0.0410231729315452	0.59424853074859	0.00634769817685482	0.010071245004656	0.970401310208765	0.96429893983451	0.099083612777779	0.209528214433469	0.256315514470661	0.329770419905945	0.199260879557009	0.420685490896022	0.389370278014479	0.130013216243078
G:	0.469326796598167	0.506167090499997	0.311989365375301	0.0996647298641184	0.396228470401562	0.273680625716567	0.00807494246404983	0.081996821243521	0.0286743183277604	0.0133585408629215	0.0113331484673179	0.680251848417118	0.709279397949059	0.0298420286313738	0.116079158329239	0.421890064974923	0.275990433276013	0.440391302275518	0.0849213641617842
T:	0.417374873438905	0.0890607052147603	0.0806689359760185	0.342332057550152	0.198840293729167	0.0115634653186142	0.387843324874611	0.31192629344411	0.909420954900653	0.00747803612205692	0.0214456851919054	0.216290052797557	0.0718903039010798	0.594989864064058	0.323767292762152	0.186401330526004	0.187035142181193	0.0849905268768457	0.439261493755078



2	AC.GGA.GT	0.492120934493816

Enrichment score matrix

A:	-0.00714285714285714	-0.0235294117647059	-0.0745156482861401	-0.00988142292490119	0.132631578947368	-0.145847632120796	0.107077326343381	0.00711064862989941	-0.160539215686275	0.351178451178451	0.118843142207628	0.0944148936170213	-0.179106858054226	-0.0154569892473118	-0.0224358974358974	-0.0476190476190476	-0.0452196382428941	0.0825892857142857
C:	-0.0478927203065134	-0.00122549019607843	0.00873015873015873	-0.000496031746031746	-0.0672043010752688	0.217543859649123	0.239076464746773	-0.101109954908082	-0.0955882352941176	-0.142676767676768	-0.0197925197925198	-0.153922872340426	0.0655502392344498	-0.0757894736842105	-0.0105485232067511	0.0991228070175439	0.0782312925170068	0.103174603174603
G:	-0.00574712643678161	0.0465686274509804	-0.0333333333333333	0.0216	0.0329444063143445	0.0120967741935484	0.00368550368550369	0.364539007092199	0.353333333333333	-0.0779569892473118	-0.28998778998779	0.225694444444444	-0.0657552083333333	0.0567876344086021	0.0188008130081301	0	0.0792682926829268	-0.161157024793388
T:	0.0571428571428571	-0.0192743764172336	0.0927536231884058	-0.0120614035087719	-0.0920698924731183	-0.0776209677419355	-0.343843098311817	-0.257133152173913	-0.0714285714285714	-0.111111111111111	0.20694626474443	-0.156582446808511	0.189795918367347	0.0319148936170213	0.0161744022503516	-0.0612903225806452	-0.138181818181818	-0.0381944444444444

Energy matrix for enoLOGOS

A:	0.0657881455141156	0.216713891105322	0.686314483753814	0.0910112684977884	-1.22158198617789	1.3433063342793	-0.986218621743715	-0.0654914941468997	1.47862081952069	-3.23447306665696	-1.09458579060742	-0.869593306396688	1.64963512563465	0.142364132093718	0.206642251935363	0.438587636760771	0.416488259714685	-0.760675432506962
C:	0.441108255362844	0.0112871818284022	-0.0804077334061413	0.00456862121625803	0.618974487363991	-2.00365299320184	-2.20197561524654	0.931257099698598	0.88040018261537	1.3141015934764	0.182295844108183	1.41768204528756	-0.60374001481375	0.698046849244511	0.0971554891558669	-0.912954791257288	-0.720536831821266	-0.95027321298167
G:	0.0529329906435413	-0.428912909479283	0.307011345732539	-0.198943352034686	-0.303429195507795	-0.111415407725518	-0.0339447433856616	-3.35752833418139	-3.25432026476492	0.718010405342229	2.67088624950469	-2.0787226533974	0.605627849980205	-0.523033441822572	-0.173161887074755	0	-0.730087956315185	1.48431105168211
T:	-0.526305164112925	0.177523567260312	-0.85429244029924	0.111089631679537	0.847995047688667	0.714915532905409	3.16691197000671	2.36828385244089	0.657881455141156	1.0233711524418	-1.90604553700529	1.44217763138324	-1.74808500937507	-0.293947033148176	-0.148971750038996	0.56450473247596	1.27270157867307	0.351783833651868

Probability matrix

A:	0.221838878700716	0.19322926785596	0.10774252067541	0.22692318600087	0.593745212032496	0.0281103538767418	0.209449345636687	0.0352679240382236	0.00842315765587309	0.957907623760169	0.281432165633383	0.21972253286362	0.0231180447343072	0.197396953647281	0.199809776461968	0.137069225582482	0.13004499366036	0.378294696080803
C:	0.152418684417972	0.237295003956869	0.231937173253282	0.247411816075774	0.094244627102127	0.798789375852487	0.706440454851869	0.0130165977034456	0.0153207085519454	0.0101368437966259	0.0784930282832239	0.0223112310097922	0.220079448423992	0.113242776350575	0.222928826990113	0.529550494155031	0.405412710775505	0.457268749618627
G:	0.224709060633468	0.36852339651212	0.157440475092708	0.303252621687134	0.23705626089387	0.120404838126501	0.080818673365264	0.948622301819029	0.957117210294665	0.0183984767375407	0.00651703425617227	0.736194892373892	0.0656685910891701	0.383989139030117	0.292121536121923	0.212527997195076	0.409303408740823	0.0400723682990905
T:	0.401033376247844	0.200952331675051	0.5028798309786	0.222412376236222	0.0749538999715073	0.0526954321442703	0.00329152614617935	0.00309317643930212	0.0191389234975164	0.013557055705664	0.63355777182722	0.0217713437526961	0.691133915752531	0.305371130972027	0.285139860425996	0.120852283067412	0.0552388868233123	0.12436418600148



3	AC.TCCGG	0.491711961108673

Enrichment score matrix

A:	0.056547619047619	0.011968085106383	-0.0603864734299517	-0.0300751879699248	0.00731382978723404	-0.0142443264123612	0.206567303213787	-0.218667625209681	0.286111111111111	-0.00221238938053097	-0.121468926553672	-0.218018018018018	-0.343843098311817	-0.281565656565657	-0.0805921052631579	-0.0411458333333333	-0.0229508196721311	0.124803767660911	0.0304659498207885
C:	-0.119047619047619	-0.0242966751918159	0.0942028985507246	-0.0265822784810127	0.015625	0.0469387755102041	-0.0972972972972973	0.217836257309942	-0.338114754098361	-0.228971962616822	0.40203449800973	0.421937195931004	0.00368550368550369	0.073989898989899	0.0638157894736842	0.0263157894736842	0.033955857385399	-0.014945652173913	0.0686274509803922
G:	0.0627240143369176	0.158892128279883	-0.0121759622937942	0.12379746835443	-0.0215277777777778	-0.0386286817962337	0.108756404285049	-0.102678571428571	-0.10019512195122	-0.0807017543859649	-0.115214506855374	-0.0636752136752137	0.239076464746773	0.213450292397661	-0.133223684210526	0.0432911392405063	-0.0492359932088285	-0.0813953488372093	-0.0954415954415954
T:	-0.0267857142857143	-0.131648936170213	-0.00470809792843691	-0.0631163708086785	-0.00232712765957447	0.00875875875875876	-0.234782608695652	0.117158442846516	0.172975609756098	0.350165955429113	-0.152795031055901	-0.132919254658385	0.107077326343381	-0.0136363636363636	0.153225806451613	-0.0300625300625301	0.0344827586206897	-0.00297619047619048	0.0327380952380952

Energy matrix for enoLOGOS

A:	-0.520822818653415	-0.110230137430566	0.556179974153151	0.277002717954171	-0.0673628617631237	0.131195094627377	-1.90255517232019	2.01400325651288	-2.63518071753763	0.0203768592300358	1.1187701581779	2.00802015316958	3.16691197000671	2.59331553402865	0.742280720767817	0.378967129888603	0.211384860996175	-1.14948517986202	-0.280601767605009
C:	1.09646909190193	0.223780648423974	-0.867640759678916	0.244831832672785	-0.143911568312128	-0.43232209909276	0.896141225381467	-2.00634607518195	3.11415197003293	2.10890971134034	-3.7028745679462	-3.88618519012175	-0.0339447433856616	-0.681472153785107	-0.587765142159006	-0.2423773782099	-0.312745004141806	0.137654543602905	-0.632082182390522
G:	-0.577709521539725	-1.46345058388543	0.112144757082192	-1.14021682073325	0.198278160785598	0.355783307464073	-1.00168350109755	0.945704591765412	0.922831176782394	0.743290626510359	1.06116482392738	0.58647039120703	-2.20197561524654	-1.9659498454803	1.22703547718762	-0.398726127495678	0.453480256005619	0.749678867486434	0.879049579661545
T:	0.246705545677933	1.21253151173623	0.0433631844254999	0.581323258191791	0.0214336378337212	-0.0806711494041958	2.16242773950745	-1.07906913606713	-1.59316424190378	-3.22514763618038	1.40729424317152	1.22423157739311	-0.986218621743715	0.125595550526948	-1.4112618311899	0.276886134318668	-0.317597943861248	0.0274117272975482	-0.30152900027303

Probability matrix

A:	0.367494371574294	0.170872615428862	0.119304244153604	0.14501261730421	0.26586546544227	0.208695574285808	0.673732736033273	0.0122435444097631	0.722322588540747	0.0366510098502868	0.00787539159959696	0.00270079311472692	0.00329152614617935	0.00742134733234333	0.0713654148272981	0.162724709266798	0.19337965175242	0.576705692635604	0.266246837757017
C:	0.0729238752705288	0.122352662871751	0.495465456927791	0.149753654365662	0.287016331514514	0.366644898809564	0.0410231729315452	0.682217241346913	0.00230052912326523	0.00453991427510131	0.97788065851661	0.980194302002569	0.080818673365264	0.196202700232119	0.269848105573982	0.302900503683318	0.326616019734053	0.159204947176953	0.37838199524515
G:	0.389005976003699	0.661254498609857	0.185993573308666	0.598268884911796	0.203842857223059	0.166715437994893	0.273680625716567	0.0356339015651979	0.020582885784099	0.0177880558885651	0.00834237747473101	0.0111908361000203	0.706440454851869	0.708837285343332	0.0439502630533764	0.354161537682365	0.151799408624315	0.0863292111225349	0.0834938096113539
T:	0.170575777151479	0.0455202230895305	0.199236725609939	0.106964843418332	0.243275345820157	0.257944088909735	0.0115634653186142	0.269905312678126	0.254793996551889	0.941021019986047	0.00590157240906191	0.00591406878268411	0.209449345636687	0.0875386670922051	0.614836216545343	0.180213249367519	0.328204919889212	0.177760149064908	0.271877357386479



4	ACATCC.G	0.491573154825427

Enrichment score matrix

A:	-0.0381944444444444	-0.138181818181818	-0.0612903225806452	0.0161744022503516	0.0319148936170213	0.216502463054187	-0.19464656964657	0.20694626474443	-0.10625	-0.0960950364620089	-0.166414141414141	-0.343843098311817	-0.102701325178389	-0.0920698924731183	-0.0120614035087719	0.0927536231884058	-0.0192743764172336	0.0571428571428571
C:	-0.161157024793388	0.0792682926829268	0	0.0188008130081301	0.0567876344086021	-0.101791175185671	0.253369272237197	-0.28998778998779	-0.190116151654613	0.369532237673831	0.401930501930502	0.00368550368550369	-0.00125125125125125	0.0329444063143445	0.0216	-0.0333333333333333	0.0465686274509804	-0.00574712643678161
G:	0.103174603174603	0.0782312925170068	0.0991228070175439	-0.0105485232067511	-0.0757894736842105	0.14954954954955	-0.177890011223345	-0.0197925197925198	-0.0361319966583124	-0.0436507936507936	-0.110377358490566	0.239076464746773	0.218441558441558	-0.0672043010752688	-0.000496031746031746	0.00873015873015873	-0.00122549019607843	-0.0478927203065134
T:	0.0825892857142857	-0.0452196382428941	-0.0476190476190476	-0.0224358974358974	-0.0154569892473118	-0.270739064856712	0.117195767195767	0.118843142207628	0.362101534828808	-0.209808612440191	-0.111840411840412	0.107077326343381	-0.108358358358358	0.132631578947368	-0.00988142292490119	-0.0745156482861401	-0.0235294117647059	-0.00714285714285714

Energy matrix for enoLOGOS

A:	0.351783833651868	1.27270157867307	0.56450473247596	-0.148971750038996	-0.293947033148176	-1.99406137610026	1.79276115868247	-1.90604553700529	0.978598664522469	0.885067993872564	1.53273088513442	3.16691197000671	0.945914161545974	0.847995047688667	0.111089631679537	-0.85429244029924	0.177523567260312	-0.526305164112925
C:	1.48431105168211	-0.730087956315185	0	-0.173161887074755	-0.523033441822572	0.937531370323482	-2.33361723710448	2.67088624950469	1.75103446694923	-3.40351768739398	-3.70191672865915	-0.0339447433856616	0.0115244499148851	-0.303429195507795	-0.198943352034686	0.307011345732539	-0.428912909479283	0.0529329906435413
G:	-0.95027321298167	-0.720536831821266	-0.912954791257288	0.0971554891558669	0.698046849244511	-1.37740225382707	1.63842755214167	0.182295844108183	0.332787987542164	0.402038667030706	1.01661304105775	-2.20197561524654	-2.01192110463168	0.618974487363991	0.00456862121625803	-0.0804077334061413	0.0112871818284022	0.441108255362844
T:	-0.760675432506962	0.416488259714685	0.438587636760771	0.206642251935363	0.142364132093718	2.49359893932085	-1.0794129060279	-1.09458579060742	-3.33507838498831	1.9324087335462	1.03008826039219	-0.986218621743715	0.998017362629051	-1.22158198617789	0.0910112684977884	0.686314483753814	0.216713891105322	0.0657881455141156

Probability matrix

A:	0.12436418600148	0.0552388868233123	0.120852283067412	0.285139860425996	0.305371130972027	0.623323402296334	0.0122256218347931	0.63355777182722	0.0128066990563933	0.0131864902299922	0.00520856231339842	0.00329152614617935	0.0421032559158136	0.0749538999715073	0.222412376236222	0.5028798309786	0.200952331675051	0.401033376247845
C:	0.0400723682990905	0.409303408740823	0.212527997195076	0.292121536121923	0.383989139030117	0.0332306533121578	0.757415739100887	0.00651703425617227	0.00591524309932308	0.960811768496059	0.977454246343207	0.080818673365264	0.107180549077055	0.23705626089387	0.303252621687134	0.157440475092708	0.36852339651212	0.224709060633468
G:	0.457268749618627	0.405412710775505	0.529550494155031	0.222928826990113	0.113242776350575	0.336435471393739	0.0142658348375398	0.0784930282832239	0.0244291984528764	0.0213750032080908	0.00872700040193031	0.706440454851869	0.810750483495724	0.094244627102127	0.247411816075774	0.231937173253282	0.237295003956869	0.152418684417972
T:	0.378294696080803	0.13004499366036	0.137069225582482	0.199809776461968	0.197396953647281	0.0070104729977689	0.21609280422678	0.281432165633383	0.956848859391407	0.00462673806585842	0.00861019094146404	0.209449345636687	0.0399657115114076	0.593745212032496	0.22692318600087	0.10774252067541	0.19322926785596	0.221838878700716



5	A.ATCCGG	0.491527342107816

Enrichment score matrix

A:	-0.148351648351648	-0.120833333333333	-0.0173160173160173	-0.107510288065844	-0.00220713073005093	0.23639751552795	-0.218667625209681	0.236936936936937	0.0410731244064577	-0.117614269788183	-0.195148247978437	-0.336538461538462	-0.177631578947368	0.0444444444444444	-0.0303992740471869	0.0952380952380952	-0.0815602836879433	0.204545454545455
C:	-0.0419354838709677	0.164438502673797	0.0230769230769231	0.0306122448979592	0.0475398936170213	-0.14	0.217836257309942	-0.314327485380117	-0.201092117758784	0.421968787515006	0.4455525606469	0.0134770889487871	-0.0232456140350877	-0.0069813829787234	0.0410733844468784	-0.121212121212121	0.128571428571429	0.0151515151515152
G:	0.00378787878787879	0.0144230769230769	0.0384615384615385	0.0569620253164557	0.0282579787234043	0.145911654135338	-0.102678571428571	-0.0457475824448302	-0.175425425425425	-0.144938484783078	-0.0960654062340317	0.301617250673854	0.282232893157263	-0.112699468085106	-0.0408357075023742	0.0366666666666667	-0.0257452574525745	0.0451388888888889
T:	0.212903225806452	-0.0652173913043478	-0.0447552447552448	0.0123456790123457	-0.0608377659574468	-0.227913533834586	0.117158442846516	0.150341130604288	0.355102040816327	-0.124526198439242	-0.155162738496072	0.0346344145134689	-0.0578595317725753	0.0771276595744681	0.0576225045372051	0.0239234449760766	-0.0242424242424242	-0.153439153439153

Energy matrix for enoLOGOS

A:	1.3663691760624	1.11291612828046	0.159486413367553	0.990206346575629	0.0203284252692174	-2.17730158110195	2.01400325651288	-2.18226983588265	-0.378297455923998	1.0832674573506	1.79738178687621	3.09963377903045	1.63604730291682	-0.409348460976719	0.279987661035574	-0.877175273521541	0.751197973600894	-1.88393325790422
C:	0.38624008011513	-1.51453457988378	-0.212546316276373	-0.281949195060495	-0.437858601460304	1.28944765207667	-2.00634607518195	2.89506312861824	1.85212685067992	-3.8864761593633	-4.10369073716351	-0.124128576441728	0.214100017418745	0.0643009135011635	-0.378299850984783	1.11640489357287	-1.18418661925408	-0.139550611696609
G:	-0.0348876529241522	-0.132841447672733	-0.354243860460622	-0.524639641441681	-0.260265602266614	-1.34389599882453	0.945704591765412	0.421350805511928	1.61572787806689	1.33493277785064	0.884795089387594	-2.77799754076586	-2.59946101014598	1.0380004608045	0.376110765427328	-0.337712480305793	0.237122584102368	-0.415744530679481
T:	-1.96091117596912	0.600674372085403	0.412211037626906	-0.113707905826866	0.560336531938711	2.09916122199645	-1.07906913606713	-1.38469298477322	-3.27061066270175	1.14692867285367	1.42910163459675	-0.318994746253161	0.532905981388589	-0.710371996774759	-0.530722879873401	-0.220343071099909	0.223280978714574	1.41322682956248

Probability matrix

A:	0.0280997047169437	0.0500424309146558	0.204128416378287	0.0824184537827577	0.222823138963568	0.675823227589052	0.0122435444097631	0.653312633418293	0.0518709619271757	0.00681636337841732	0.00270003774161105	0.00241772079193009	0.0129440463233495	0.311608053227285	0.16422141437596	0.446875544386558	0.0885410495457069	0.693441255697222
C:	0.0748800997228994	0.692509510826437	0.296125105128128	0.294113252912793	0.352328995255935	0.0210980856951639	0.682217241346913	0.00407439722297931	0.00557523699384496	0.981487931220967	0.98667260313895	0.0607390992758542	0.0536554594593609	0.194046298750834	0.317190683082536	0.0608675361573519	0.613297952423232	0.121180828806789
G:	0.114093227237476	0.173925811882373	0.341203666574787	0.374898511571688	0.294999123606096	0.293690344393867	0.0356339015651979	0.04834849712246	0.007062038852803	0.00529975599154519	0.00672513802052656	0.863036163540691	0.894392084346774	0.0732880257921566	0.14917088090754	0.260555877314587	0.14804875876888	0.159728867860602
T:	0.782926968322681	0.083522246376534	0.158542811918798	0.248569781732761	0.129848742174402	0.00938834232191756	0.269905312678126	0.294264472236268	0.935491762226176	0.00639594940907068	0.00390222109891237	0.0738070163915243	0.0390084098705154	0.421057622229724	0.369417021633964	0.231701042141503	0.150112239262181	0.0256490476353878



