1	CCGGAAG	0.498693007261556

Enrichment score matrix

A:	0.00397877984084881	-0.0339912280701754	-0.0403726708074534	0.0914085914085914	-0.067402376910017	0.00895016932752782	0.133640552995392	-0.0759541984732824	0.165930706521739	-0.196936138796604	-0.181560153817982	0.464385754301721	0.323238095238095	0.228787878787879	-0.070596458527493	-0.0200789993416722	0.0975011155734047	0.034341524889729	0.0109649122807018	0.0975975975975976
C:	0.0387205387205387	0.0992647058823529	0.0231736056559309	-0.0791139240506329	0.139960106382979	-0.0392207792207792	-0.123412698412698	0.346622369878184	0.397727272727273	-0.149501661129568	-0.187603003112983	-0.204351204351204	-0.133464566929134	-0.137101135749054	0.0283101045296167	0.0373711340206186	-0.0229808121374386	0.0372233400402414	-0.00957446808510638	0.0034965034965035
G:	0.139705882352941	-0.184615384615385	0.0101639344262295	0.0287179487179487	-0.0526230042359075	0.0186034658511723	-0.0524763096728053	-0.0200381679389313	-0.162108262108262	0.493250843644544	0.493303571428571	-0.155947877259353	-0.372280570142536	0.319047619047619	-0.193363844393593	0.0130030959752322	0.070993031358885	0.0393824826717076	0.0473684210526316	-0.141558441558442
T:	-0.141666666666667	0.110588235294118	0.0106048703849175	-0.0419384902143523	-0.00498670212765957	0.0106493506493506	0.0459878483134297	-0.230010036801606	-0.37880291005291	-0.143673780487805	-0.118303571428571	-0.0845100556268721	0.177231329690346	-0.355317736850838	0.22837528604119	-0.03125	-0.143728222996516	-0.102985074626866	-0.0317460317460317	0.0477855477855478

Energy matrix for enoLOGOS

A:	-0.0366459165993747	0.313070780187787	0.371846039862393	-0.841904239796025	0.620798833221485	-0.0824341058933524	-1.23087498058668	0.699564020619565	-1.52827828522771	1.81384886985947	1.67223081465197	-4.27715086101575	-2.97713287833211	-2.10721423661879	0.650217412094311	0.184934418265486	-0.898018461078445	-0.316297133127096	-0.100990574254125	-0.898907093361039
C:	-0.356629341002445	-0.914261728100577	-0.213436795737076	0.728666168669002	-1.28908021828523	0.361236726277507	1.136672958605	-3.1925100071191	-3.66320355703598	1.37696118517916	1.72788751347548	1.88214414749785	1.22925408901572	1.2627481256333	-0.260745698683995	-0.344200864416636	0.211661101810251	-0.342839631552433	0.0881841099444528	-0.032203987314602
G:	-1.28673872843785	1.70037053021099	-0.0936132955840202	-0.264502082477265	0.484675780408652	-0.171344252587732	0.483324673551763	0.184558347148378	1.49307227112662	-4.54300815873066	-4.54349379956861	1.4363330298458	3.42883076488611	-2.93853716629716	1.78094682249883	-0.119762939821362	-0.65386998285371	-0.362726070099881	-0.436279280777819	1.30380142927975
T:	1.30479821936329	-1.01855528819501	-0.0976744658457804	0.386267769560977	0.0459292239294025	-0.0980841442210451	-0.423563735941498	2.11847072791356	3.48890373548238	1.32328442082127	1.08961616007754	0.778366377178133	-1.63236087102602	3.27259729659648	-2.10341411698678	0.287823136624256	1.3237858548572	0.948527590546801	0.292391757840514	-0.440121159966228

Probability matrix

A:	0.163152373881934	0.118356347539949	0.167015407105643	0.484940487102371	0.0936768696203787	0.266635936645976	0.581438000102516	0.01925741083953	0.105132869837633	0.00172231786352457	0.00198296573783761	0.988348396775042	0.782992832316208	0.299818225947508	0.0512582466589914	0.201779464436016	0.450156588771087	0.297910725764846	0.256360518009062	0.462344566322899
C:	0.224677939688299	0.403845539319837	0.299875953819468	0.100832000238271	0.632531710530818	0.171094042694783	0.0544866875367436	0.943852584122617	0.889047130249867	0.00266594519194965	0.00187561550074994	0.00208911442354604	0.011666676019251	0.0103110281358726	0.127464720745093	0.342513346032472	0.148400683184713	0.305923895063992	0.212174710850452	0.194339634484558
G:	0.569510594044435	0.0295593532947894	0.266013059043542	0.272223663066034	0.10733710069226	0.291428397647813	0.104721525771283	0.0322301270821491	0.00512368763416571	0.992798782238421	0.992590493430849	0.0032626879266963	0.00129325189939663	0.688488976526991	0.0165460450766711	0.273656234167208	0.352639757571622	0.312068526722973	0.358480201935847	0.0510906703904425
T:	0.0426590923853324	0.448238759845425	0.267095580031347	0.142003849593324	0.166454319156543	0.270841623011428	0.259353786589457	0.00465987795570353	0.000696312278333924	0.00281295470610518	0.00355092533056358	0.00629980087471612	0.204047239765145	0.00138176938962805	0.804730987519245	0.182050955364304	0.0488029704725785	0.084096852448189	0.172984569204639	0.2922251288021



2	A.TTCCGG	0.497752559718732

Enrichment score matrix

A:	-0.0549450549450549	-0.0486111111111111	-0.0137085137085137	-0.103909465020576	0.0371816638370119	0.22837528604119	-0.245506829618979	0.208108108108108	-0.0885026737967914	-0.12804347826087	-0.0976914414414414	-0.358700806069227	-0.203181818181818	0.123958333333333	0.0108892921960073	0.0930059523809524	-0.106382978723404	0.0946969696969697
C:	-0.161290322580645	0.0935828877005348	0.0475524475524476	0.00788497217068646	0.0492021276595745	-0.193363844393593	0.243664717348928	-0.322124756335283	-0.209775195756504	0.466261808367072	0.476942355889724	-0.0945505356311132	-0.0305451127819549	-0.0492021276595745	0.0125958378970427	-0.106782106782107	0.0253968253968254	0.0848484848484849
G:	0.00378787878787879	-0.0192307692307692	0.0104895104895105	0.0233690360272639	0.00166223404255319	0.0283101045296167	-0.0955882352941176	-0.133275477312175	-0.156121399176955	-0.214633068081344	-0.192758796532381	0.355612482533768	0.285714285714286	-0.154920212765957	-0.056980056980057	0.0546666666666667	-0.018970189701897	-0.00694444444444444
T:	0.22258064516129	-0.0333333333333333	-0.0447552447552448	0.0650522317188984	-0.0678191489361702	-0.070596458527493	0.121125712868832	0.280458089668616	0.431976166832175	-0.100132625994695	-0.207684319833853	0.0912901723334886	-0.0522981366459627	0.085438829787234	0.0676043557168784	0.00239234449760766	0.0878787878787879	-0.0899470899470899

Energy matrix for enoLOGOS

A:	0.506062657800889	0.447724879193287	0.126260077249313	0.957041540709459	-0.342455779535278	-2.10341411698678	2.26120146443556	-1.91674650984369	0.815139749498427	1.17932401719434	0.899771427104655	3.3037565155998	1.87137370285152	-1.14169844194288	-0.100294087535131	-0.85661647804838	0.979823443827254	-0.872191323103805
C:	1.48553876967358	-0.861930248714349	-0.437974227478588	-0.0726232775155822	-0.453168342770105	1.78094682249883	-2.244234983425	2.96687864808784	1.93210095451534	-4.29442995751386	-4.39280143555656	0.870842615515214	0.281330885422205	0.453168342770105	-0.116011954302	0.98349954909991	-0.233913406272411	-0.78148342550101
G:	-0.0348876529241522	0.177121930230311	-0.0966119619438061	-0.215236775976074	-0.0153097413098008	-0.260745698683995	0.88040018261537	1.22751250928272	1.43793122576892	1.97684361211071	1.77537412575574	-3.27531200465944	-2.63152582056462	1.42686789007344	0.524805719200922	-0.503498607001365	0.174721904075429	0.0639606970276124
T:	-2.05004350214954	0.307011345732539	0.412211037626906	-0.599153196087719	0.624637445439874	0.650217412094311	-1.1156090433202	-2.58311446592217	-3.9786475291059	0.922255567750931	1.91284327559215	-0.840813559807793	0.481683639329438	-0.786920703323763	-0.622659126780604	-0.0220343071099909	-0.809393547840331	0.828443313881456

Probability matrix

A:	0.0625833477217036	0.139533355514659	0.210125475481529	0.0849602084660208	0.310728964549988	0.804730987519245	0.00801518603297682	0.333575654885488	0.00815517237963718	0.00414771048736936	0.00498419746315096	0.00125730653064224	0.00998043020874011	0.504818437514688	0.236012680765928	0.435663560292931	0.0794424556860553	0.401931533956061
C:	0.0235005334292802	0.51695653955535	0.369421829059754	0.237899384340065	0.347107176695925	0.0165460450766711	0.725437154057868	0.00252500876227227	0.00266896609942594	0.988620430668762	0.991129560356295	0.0143232724557021	0.0489436195354538	0.102445612729786	0.239751603607866	0.0691829377296267	0.267406449004716	0.367077817722596
G:	0.107495559808589	0.182893977911405	0.262585539515485	0.274365546309617	0.224028885654504	0.127464720745093	0.0318851147366997	0.0143767263262426	0.00437480040689071	0.00186831489193349	0.0020764707576307	0.905095333505964	0.901018436712176	0.0386919861722001	0.126315876850826	0.306051204745243	0.177706705869398	0.157610963512753
T:	0.806420559040427	0.160616127018585	0.157867155943232	0.402774860884298	0.118134973099582	0.0512582466589914	0.234662545172456	0.649522610025997	0.984801061114046	0.00536354395193514	0.00180977142292303	0.0793240875076914	0.0400575135436299	0.354043963583325	0.39791983877538	0.1891022972322	0.475444389439831	0.0733796848085902



3	AC.TCCGG	0.497496949557987

Enrichment score matrix

A:	0.0294117647058824	0.0582386363636364	0.0124851367419738	0.00778388278388278	-0.0261479591836735	0.200978108989287	-0.245506829618979	0.177231329690346	-0.100294985250737	-0.0827900912646675	-0.0716216216216216	-0.361221449851043	-0.210353535353535	0.0480519480519481	0.0480612577386771	0.0158227848101266	-0.0072463768115942	0.0181818181818182	0.0419354838709677
C:	-0.241935483870968	-0.0851851851851852	0.0809859154929577	0.0352787456445993	0.00609184629803187	-0.120495495495495	0.243664717348928	-0.372280570142536	-0.169781931464174	0.467713401149934	0.484520123839009	-0.064018564018564	-0.00353535353535354	-0.0173809523809524	-0.0123005319148936	-0.0512048192771084	0.0164473684210526	0.0441176470588235	-0.0488505747126437
G:	0.196969696969697	0.0807407407407407	-0.0293706293706294	-0.0765283355644801	0.00490196078431373	0.0335351653469958	-0.0955882352941176	-0.133464566929134	-0.133834586466165	-0.187085360459973	-0.190598290598291	0.34682224428997	0.268031189083821	-0.138314785373609	-0.0631648936170213	0.0863414634146341	-0.0291858678955453	-0.00133689839572193	-0.121848739495798
T:	0.00824175824175824	-0.0590062111801242	-0.0529850746268657	0.0312899106002554	0.0151515151515152	-0.1256038647343	0.121125712868832	0.323238095238095	0.433380749170223	-0.183850931677019	-0.203105590062112	0.0766710353866317	-0.0638888888888889	0.104485219164118	0.0299202127659574	-0.0476190476190476	0.000768049155145929	-0.0583333333333333	0.0948275862068965

Energy matrix for enoLOGOS

A:	-0.270892363881652	-0.53639766370884	-0.114992358984245	-0.071692209855126	0.240831604114173	-1.85107679110746	2.26120146443556	-1.63236087102602	0.923750951761623	0.76252491997456	0.659659513128024	3.32697250278683	1.93742765905459	-0.44257479709496	-0.44266054247849	-0.1457332337338	0.0667415968983781	-0.167460734035931	-0.38624008011513
C:	2.22830815451037	0.784584550205379	-0.74590784702624	-0.324929255283132	-0.0561079778986366	1.10980452680344	-2.244234983425	3.42883076488611	1.56374937779658	-4.30779962112553	-4.46259525762933	0.589632764736122	0.0325618093958754	0.160084487417681	0.113292085692526	0.471613814227696	-0.151485861381187	-0.406338545822479	0.449930420470101
G:	-1.81415795205591	-0.743649704107707	0.270513493442657	0.704852018649672	-0.0451487273136087	-0.308870287276332	0.88040018261537	1.22925408901572	1.23266209489606	1.72311984845021	1.75547513072708	-3.1943509184833	-2.4686584817675	1.27392625176777	0.581770169772432	-0.795234266263309	0.268811777369505	0.0123132892673478	1.12226836465256
T:	-0.0759093986701334	0.543467289029651	0.488010571947992	-0.288190726837058	-0.139550611696609	1.15685434623855	-1.1156090433202	-2.97713287833211	-3.99158421051979	1.69332965845028	1.87067161592311	-0.706166332582709	0.588438412654034	-0.962344432342058	-0.275575343576415	0.438587636760771	-0.00707399414130275	0.537269855031944	-0.873394345618431

Probability matrix

A:	0.151863814128276	0.352508993836686	0.243510276019293	0.250632675707923	0.194566009888584	0.760412545368861	0.00801518603297682	0.204047239765145	0.00721362560195262	0.00621106840895504	0.00590509587283977	0.00132914979403493	0.010692884298978	0.293367994151674	0.359886484492726	0.249286847332954	0.241690919901247	0.277814506056314	0.304665866097643
C:	0.0124757110893089	0.0940751491996281	0.457636239199819	0.32286215560023	0.261834092893856	0.0393690427691644	0.725437154057868	0.00129325189939663	0.0038036961166726	0.988963543318304	0.990361924030619	0.020529835601328	0.0718402102847841	0.160576182807479	0.206404127854303	0.134458712651657	0.300632075828544	0.352775352219553	0.132032110518793
G:	0.710699536548072	0.433689212243372	0.165612925346826	0.115289250860491	0.258980253989315	0.162658775547194	0.0318851147366997	0.011666676019251	0.00529657581533886	0.00237675948549753	0.00197387786604576	0.90312674771891	0.876261570020888	0.052716406445085	0.129199529360544	0.477280927121657	0.197470565717355	0.23210262506552	0.0674041918986751
T:	0.124960938234343	0.119726644720313	0.133240559434063	0.311215917831356	0.284619643228245	0.0375596363147798	0.234662545172456	0.782992832316208	0.983686102466036	0.00244862878724356	0.00175910223049511	0.0750142668857266	0.04120533539535	0.493339416595762	0.304509858292427	0.138973512893733	0.260206438552854	0.137307516658613	0.49589783148489



4	ACTTCCG	0.49646735395189

Enrichment score matrix

A:	0.0486111111111111	0.118689581095596	-0.0230880230880231	0.0127865961199295	-0.0778947368421053	-0.00505050505050505	0.322187254130606	-0.363394982603919	0.190277777777778	-0.138680033416876	-0.1488579171506	-0.190514285714286	-0.424689773213522	-0.203181818181818	-0.0357833655705996	-0.0714285714285714	-0.0103174603174603	-0.0378787878787879	-0.0457142857142857
C:	-0.0922865013774105	0.0283018867924528	0.0921052631578947	0.011522633744856	0.066205533596838	-0.0132655591371188	-0.170360631104433	0.330969937606353	-0.363077496274218	-0.216509705938881	0.496459480723839	0.494261119081779	-0.120629370629371	-0.0305451127819549	0.0588037634408602	0.00567901234567901	-0.0896892655367232	0.157142857142857	0.117142857142857
G:	-0.0260545905707196	-0.0236447520184544	-0.0815217391304348	-0.0108597285067873	0.0435087719298246	0.0368212248946194	0.0486945710733527	-0.187275477405937	-0.170634146341463	-0.132123341139735	-0.193573364305072	-0.196864111498258	0.367276422764228	0.285714285714286	-0.128289473684211	0.0492570170610897	0.0729646697388633	-0.0742296918767507	-0.0171428571428571
T:	0.078125	-0.131111111111111	0.0218253968253968	-0.0141996557659208	-0.0346102150537634	-0.0189393939393939	-0.186991869918699	0.211430575035063	0.36380487804878	0.489292088042832	-0.151	-0.122739018087855	0.170945656824989	-0.0522981366459627	0.109543010752688	0.0180246913580247	0.0384615384615385	-0.0351170568561873	-0.0422222222222222

Energy matrix for enoLOGOS

A:	-0.447724879193287	-1.09317144049771	0.212648551156737	-0.11776890246354	0.717437039501303	0.0465168705655363	-2.96745427405527	3.34699147925045	-1.75252309855658	1.27729031056645	1.37103208402046	1.75470141715249	3.91153736379391	1.87137370285152	0.329576976560076	0.657881455141156	0.095027321298167	0.348876529241522	0.42104413129034
C:	0.849990089424799	-0.260670010527628	-0.848320823734648	-0.106127378771742	-0.609775498935182	0.122180314877443	1.5690793984565	-3.04834577824623	3.34406732209046	1.99412808553357	-4.57256079836111	-4.55231313937704	1.11103756235377	0.281330885422205	-0.541602676443492	-0.0523056366803586	0.826068663305774	-1.44733920131054	-1.0789255864315
G:	0.239971647408809	0.217776214100936	0.750842965106754	0.100021795894764	-0.400730598640367	-0.339136014192527	-0.448493573852964	1.72487089023301	1.57159856688647	1.21690094297968	1.78287657219825	1.81318547392563	-3.38274086426036	-2.63152582056462	1.18158971877326	-0.453673892840874	-0.672029443423761	0.68368072789179	0.157891549233877
T:	-0.719557841560639	1.20757795988132	-0.201019333515353	0.130783662769025	0.318771860992455	0.174438264620761	1.72225876874351	-1.94734756111558	-3.35076675581456	-4.50654667218942	1.3907613961684	1.13046813351129	-1.57446768446918	0.481683639329438	-1.00892841440331	-0.166013542507225	-0.354243860460622	0.323440046507525	0.388881037927883

Probability matrix

A:	0.323807375315387	0.55410622245779	0.167075263322468	0.279904382163052	0.107300780747179	0.23377459097909	0.908724888861273	0.0012432938991852	0.167043557727498	0.00305292819656206	0.00260453742280423	0.00181088796681569	0.000577834820087145	0.00998043020874011	0.131068065528994	0.119720131759313	0.192233907550884	0.114050598701262	0.127954722628286
C:	0.0884496841579493	0.241013988575131	0.482708892233723	0.276664762309694	0.40457958424324	0.216739012074949	0.00973286909100828	0.744789393784958	0.00102190055472875	0.0014907262533028	0.993116490651587	0.993100503501082	0.00950703995339515	0.0489436195354538	0.313217057756722	0.243555264418181	0.092542829319439	0.687359832484446	0.573435916692462
G:	0.162788578058486	0.149367356433643	0.0975387734653674	0.225125349105716	0.328259207827454	0.343782864229813	0.073191675780035	0.00629581304880989	0.00601425772415014	0.00324297319593868	0.00172531664928409	0.0017080173571933	0.850488592039532	0.901018436712176	0.0559078069846147	0.363839243565059	0.41396012955171	0.0816007129879579	0.166472320762231
T:	0.424954362468178	0.0555124325334357	0.252677070978441	0.218305506421538	0.159860427182127	0.205703532716148	0.00835056626768314	0.247671499267047	0.825920283993623	0.992213372354196	0.00255365527632497	0.00338059117490889	0.139426533186986	0.0400575135436299	0.49980706972967	0.272885360257446	0.301263133577967	0.116988855826334	0.132137039917021



5	ACTTCC.G	0.495904664457374

Enrichment score matrix

A:	0.147619047619048	-0.176811594202899	0.00746268656716418	-0.0717871485943775	0.0524193548387097	-0.0317725752508361	-0.053968253968254	0.230447261420713	-0.253674727358938	0.138007863695937	-0.0524066576698156	-0.187914329423763	-0.165250637213254	-0.424689773213522	-0.156478908815357	-0.0433467741935484	-0.0384615384615385	0.0562218890554723	0.171474358974359	0.117777777777778
C:	-0.15	0.104347826086957	-0.0353089533417402	-0.0216468590831919	-0.0257898130238556	0.0596642468239564	0.0579130434782609	-0.129873294346979	0.2475106685633	-0.300976800976801	-0.205491990846682	0.441611422743498	0.445945945945946	-0.120629370629371	-0.0125668449197861	0.0135396518375242	-0.0146771037181996	-0.0414462081128748	-0.0072463768115942	-0.115384615384615
G:	0.114705882352941	0.0865384615384615	0.0402476780185759	-0.0319444444444444	0.0315860215053763	-0.0206745206745207	0.0332856120257695	0.0125895125895126	-0.133558558558559	-0.0956865956865957	-0.154071075123707	-0.142201834862385	-0.16421768707483	0.367276422764228	0.202955291740338	-0.05625	-0.0179487179487179	-0.0716911764705882	-0.0547112462006079	-0.154166666666667
T:	-0.147058823529412	-0.00516795865633075	-0.0041958041958042	0.128292682926829	-0.0559210526315789	-0.00679824561403509	-0.0438271604938272	-0.113956766917293	0.146752015173068	0.266860318262187	0.423112767940354	-0.123809523809524	-0.139455782312925	0.170945656824989	-0.0352366255144033	0.0866935483870968	0.0725108225108225	0.0374812593703148	-0.0827067669172932	0.182539682539683

Energy matrix for enoLOGOS

A:	-1.35962167395839	1.62849496432043	-0.0687338833729566	0.661184072887849	-0.482800100143913	0.292636232554427	0.497065988328873	-2.12249771547454	2.33643058274408	-1.27109939864888	0.482683154896638	1.73075493476452	1.52201461542002	3.91153736379391	1.44122401122487	0.399238544349774	0.354243860460622	-0.517822734556382	-1.57933721122028	-1.08477342158831
C:	1.38155105579643	-0.961078995336645	0.325207478455653	0.199374940140401	0.237532956079334	-0.549528021286238	-0.533398842411838	1.19617724616552	-2.27965750316338	2.77209878106487	1.89265117941296	-4.06739151562028	-4.10731394966505	1.11103756235377	0.11574491911307	-0.12470480194165	0.135181120919416	0.381733683847337	0.0667415968983781	1.06273158138187
G:	-1.05648021913844	-0.7970486860364	-0.370694813732788	0.294219206327017	-0.290918009061076	0.190419372439794	-0.306571816246881	-0.11595369606669	1.23011978391484	0.881306115309214	1.41904704336565	1.30972730060212	1.51250079305786	-3.38274086426036	-1.86928731722224	0.51808164592366	0.16531380154829	0.660300136961528	0.503909199682588	1.419927474013
T:	1.35446181940826	0.0475986582531069	0.0386447847775225	-1.18161927699012	0.515051928696037	0.0626141560375574	0.403663065685376	1.04958061099823	-1.35163601001737	-2.45787436296864	-3.89701260845963	1.140327855578	1.28443522194226	-1.57446768446918	0.324541314547515	-0.798477088699548	-0.667849355976628	-0.345215156370921	0.76175747437397	-1.68125260758295

Probability matrix

A:	0.534972503015387	0.0327957254342481	0.254771391855423	0.0966696903739274	0.373041786543078	0.175819939064002	0.140175310209289	0.824694863030356	0.00689234714590077	0.226744880559851	0.0122774784801251	0.00299386689237686	0.00354921036424005	0.000577834820087145	0.02839471280776	0.14515553807326	0.16046543748445	0.391224997187602	0.70743772017955	0.33176409812913
C:	0.0345028738161656	0.436973321672602	0.171816196203905	0.153409228417794	0.18151846524398	0.408145876801593	0.392822825989187	0.0298545869077605	0.696800938705738	0.00397739599105541	0.00299755975187397	0.987041689625065	0.98836662932061	0.00950703995339515	0.106877364523274	0.245120319543758	0.19976492817478	0.159130785823232	0.136397141645178	0.0387418017465112
G:	0.395074318190876	0.370866379673311	0.344580443401527	0.139527927745159	0.307910251892515	0.194742321783044	0.313102827701857	0.110882317424593	0.0208368381604367	0.0263487279141046	0.00481339510263225	0.00456123518635694	0.00358313805628182	0.850488592039532	0.777990479955037	0.128890440146066	0.19383526241611	0.120440994805881	0.0880938908101034	0.0271051371581611
T:	0.035450304977572	0.159364573219838	0.228831968539144	0.61039315346312	0.137529496320427	0.221291862351361	0.153899036099666	0.03456823263729	0.275469875987925	0.742928995534989	0.979911566665369	0.00540320829620141	0.00450102225886861	0.139426533186986	0.0867374427139291	0.480833702236915	0.445934371924659	0.329203222183285	0.0680712473651689	0.602388962966197



