1	CATCCGG	0.4935285124535

Enrichment score matrix

A:	-0.0126050420168067	0.0298295454545455	0.0225921521997622	0.0164835164835165	-0.000318877551020408	0.194690265486726	-0.248299319727891	0.207285974499089	-0.0975875356006031	-0.120879120879121	-0.0719141323792487	-0.35361488904796	-0.290018672551349	-0.0184415584415584	-0.0151515151515152	0.0393309222423146	-0.0485507246376812	-0.107272727272727	0.0774193548387097
C:	-0.258064516129032	-0.0185185185185185	0.0334507042253521	0.0174216027874564	-0.0301468291159013	-0.0673423423423423	0.26513098464318	-0.340585146286572	-0.160926682052192	0.410586176727909	0.443402777777778	0.0321151716500554	0.085394385026738	0.0397619047619048	0.0392287234042553	-0.0331325301204819	0.0148026315789474	0.0427807486631016	-0.0545977011494253
G:	0.154545454545455	0.0466666666666667	0.020979020979021	-0.0805443998215083	0.0597426470588235	0.111783884489986	-0.239348837209302	-0.0122047244094488	-0.112914862914863	-0.145604395604396	-0.219444444444444	0.265432098765432	0.246337448559671	-0.161367249602544	-0.106050531914894	0.0302439024390244	0.0506912442396313	0.0909090909090909	-0.121848739495798
T:	0.0879120879120879	-0.062111801242236	-0.0791044776119403	0.0444870157513836	-0.0317693059628543	-0.260628019323672	0.200595352410217	0.12	0.344788975021533	-0.160717504957635	-0.166917293233083	0.0566793893129771	-0.0471906565656566	0.130733944954128	0.058843085106383	-0.0359307359307359	-0.0391705069124424	-0.0569444444444444	0.0689655172413793

Energy matrix for enoLOGOS

A:	0.116096727377851	-0.274740266777699	-0.2080814114953	-0.151818797340267	0.00293697078188016	-1.79316361224315	2.28692124882402	-1.90917437947339	0.898814418943898	1.11333784716196	0.662353636768234	3.2569134887303	2.67117068842664	0.169853030236444	0.139550611696609	-0.362251180995447	0.447168699219134	0.988018330811991	-0.713058609443317
C:	2.37686203147772	0.1705618587403	-0.308092371597795	-0.160458891497843	0.277662557293253	0.620245894419117	-2.44194661172088	3.13690512293863	1.48218951663348	-3.78163843969241	-4.08389050521305	-0.29579166200145	-0.786511351951843	-0.366220676695243	-0.3613098949113	0.305161879794392	-0.136337275243068	-0.394025256555131	0.502863411113642
G:	-1.42341623930541	-0.429815884025555	-0.193223923887612	0.741841337412629	-0.550250114134607	-1.02956762425444	2.20448425833439	0.11240966595719	1.03998432050092	1.34106604317236	2.02115802607255	-2.44471997527763	-2.26885174759874	1.48624729372907	0.976761495565293	-0.278556635640255	-0.466883613325982	-0.837303670179653	1.12226836465256
T:	-0.809700252481423	0.572070830557527	0.72857916375334	-0.409740557203708	0.292606121299341	2.400472768445	-1.84755147273461	-1.10524084463714	-3.17562381645311	1.48026292439459	1.53736508464565	-0.522036467648268	0.43464200934673	-1.20410413119872	-0.54196484236695	0.330934307737672	0.36077370120644	0.524477715626422	-0.635195887722495

Probability matrix

A:	0.120620443455588	0.30891303242915	0.287160767061891	0.269391433465252	0.235456021952505	0.636703963215885	0.00562714695958341	0.630340165342491	0.0163281878599804	0.00734721249359204	0.0085598259233063	0.00263828806930607	0.0054982068906795	0.144334777311387	0.19763126154983	0.340979568249973	0.156814573618887	0.0782624596894501	0.419975848649083
C:	0.012577172699989	0.197899170940815	0.317365206905231	0.271729085038123	0.178894914963257	0.0569911108094664	0.636809413875698	0.00405593044001364	0.00911132215615403	0.98171130225315	0.985672348737382	0.0920963580412727	0.174531293786552	0.246708912728307	0.326119371840497	0.174934129033632	0.281060520631779	0.311721958977621	0.12449619906628
G:	0.562370986909779	0.360732038137659	0.282925817780437	0.110222971757835	0.409407600338202	0.296696230847616	0.00611068908969604	0.0834857178258432	0.0141784474908268	0.00585088418587466	0.00219959986566753	0.78978733437688	0.768502991201993	0.0386961913420515	0.0855577935166005	0.313603049618487	0.391159873536556	0.48560233440579	0.067011901122554
T:	0.304431396934644	0.132455758492375	0.112548208252441	0.348656509738789	0.176241462746037	0.00960869512703346	0.351452750075022	0.282118186391652	0.960382042493039	0.00509060106738328	0.00356822547364429	0.115478019512541	0.0514675081207752	0.570260118618254	0.390691573093072	0.170483253097908	0.170965032212778	0.124413246927138	0.388516051162083



2	AC.TCCGG	0.492432974675303

Enrichment score matrix

A:	-0.0126050420168067	0.0298295454545455	0.0225921521997622	0.0164835164835165	-0.000318877551020408	0.194690265486726	-0.252935537982267	0.207285974499089	-0.0125368731563422	-0.159278574532812	-0.056981981981982	-0.317030784508441	-0.273989898989899	-0.0184415584415584	-0.0151515151515152	0.0393309222423146	-0.0485507246376812	-0.107272727272727	0.0774193548387097
C:	-0.258064516129032	-0.0185185185185185	0.0334507042253521	0.0174216027874564	-0.0301468291159013	-0.0673423423423423	0.226851851851852	-0.340585146286572	-0.215843346684468	0.406236178681999	0.419946926138877	0.0230685230685231	0.0282828282828283	0.0397619047619048	0.0392287234042553	-0.0331325301204819	0.0148026315789474	0.0427807486631016	-0.0545977011494253
G:	0.154545454545455	0.0466666666666667	0.020979020979021	-0.0805443998215083	0.0597426470588235	0.111783884489986	-0.0898109243697479	-0.0122047244094488	-0.0879699248120301	-0.148606811145511	-0.128632478632479	0.249006951340616	0.217105263157895	-0.161367249602544	-0.106050531914894	0.0302439024390244	0.0506912442396313	0.0909090909090909	-0.121848739495798
T:	0.0879120879120879	-0.062111801242236	-0.0791044776119403	0.0444870157513836	-0.0317693059628543	-0.260628019323672	0.130795933548227	0.12	0.352536747273589	-0.0894409937888199	-0.216149068322981	0.0496723460026212	0.0207070707070707	0.130733944954128	0.058843085106383	-0.0359307359307359	-0.0391705069124424	-0.0569444444444444	0.0689655172413793

Energy matrix for enoLOGOS

A:	0.116096727377851	-0.274740266777699	-0.2080814114953	-0.151818797340267	0.00293697078188016	-1.79316361224315	2.32962239698559	-1.90917437947339	0.115468868970203	1.46700988541037	0.524823449123868	2.91996143371738	2.52354022818034	0.169853030236444	0.139550611696609	-0.362251180995447	0.447168699219134	0.988018330811991	-0.713058609443317
C:	2.37686203147772	0.1705618587403	-0.308092371597795	-0.160458891497843	0.277662557293253	0.620245894419117	-2.08938276956867	3.13690512293863	1.98799068999041	-3.74157347707215	-3.8678541279042	-0.212468949339882	-0.260494475167003	-0.366220676695243	-0.3613098949113	0.305161879794392	-0.136337275243068	-0.394025256555131	0.502863411113642
G:	-1.42341623930541	-0.429815884025555	-0.193223923887612	0.741841337412629	-0.550250114134607	-1.02956762425444	0.827189182567189	0.11240966595719	0.81023295001595	1.36871931224414	1.18474891109608	-2.29343877683518	-1.99961337023167	1.48624729372907	0.976761495565293	-0.278556635640255	-0.466883613325982	-0.837303670179653	1.12226836465256
T:	-0.809700252481423	0.572070830557527	0.72857916375334	-0.409740557203708	0.292606121299341	2.400472768445	-1.20467506724955	-1.10524084463714	-3.2469834360191	0.823781996002839	1.99080649034019	-0.457499213758712	-0.190719169318699	-1.20410413119872	-0.54196484236695	0.330934307737672	0.36077370120644	0.524477715626422	-0.635195887722495

Probability matrix

A:	0.120620443455588	0.30891303242915	0.287160767061891	0.269391433465252	0.235456021952505	0.636703963215885	0.00814483494353355	0.630340165342491	0.0327731258252322	0.0053521512218376	0.0121058970536504	0.00422041365513335	0.00803837305743535	0.144334777311387	0.19763126154983	0.340979568249973	0.156814573618887	0.0782624596894501	0.419975848649083
C:	0.012577172699989	0.197899170940815	0.317365206905231	0.271729085038123	0.178894914963257	0.0569911108094664	0.676132554692308	0.00405593044001364	0.00503839220343796	0.978559840308788	0.978842029739283	0.0967725644343218	0.130094539102406	0.246708912728307	0.326119371840497	0.174934129033632	0.281060520631779	0.311721958977621	0.12449619906628
G:	0.562370986909779	0.360732038137659	0.282925817780437	0.110222971757835	0.409407600338202	0.296696230847616	0.0365915445871124	0.0834857178258432	0.0163600888797881	0.00590493918557445	0.00625741544542227	0.775364589146015	0.740540485262026	0.0386961913420515	0.0855577935166005	0.313603049618487	0.391159873536556	0.48560233440579	0.067011901122554
T:	0.304431396934644	0.132455758492375	0.112548208252441	0.348656509738789	0.176241462746037	0.00960869512703346	0.279131065777046	0.282118186391652	0.945828393091542	0.0101830692838006	0.0027946577616443	0.123642432764529	0.121326602578134	0.570260118618254	0.390691573093072	0.170483253097908	0.170965032212778	0.124413246927138	0.388516051162083



3	AC.GGA.GT	0.491149793861658

Enrichment score matrix

A:	0.05	-0.0235294117647059	-0.0707898658718331	0.0223037831733484	0.134736842105263	-0.0813315030885381	0.0496723460026212	-0.097641345820326	-0.0545343137254902	0.320538720538721	0.123894922960344	0.0897606382978723	-0.167942583732057	-0.010752688172043	-0.0169413919413919	0.0102040816326531	0.0387596899224806	0.0580357142857143
C:	-0.0134099616858238	0.00245098039215686	0.0714285714285714	-0.00843253968253968	-0.0540994623655914	0.233333333333333	0.249006951340616	-0.130939993062782	-0.176470588235294	-0.101957070707071	0.0544635544635545	-0.142619680851064	0.0859649122807018	-0.0428070175438596	-0.0124238162212846	0.104385964912281	0.0510204081632653	-0.0365079365079365
G:	-0.00191570881226054	0.0208333333333333	-0.105982905982906	0.0674666666666667	0.0446122168840082	-0.0268817204301075	0.0230685230685231	0.35886524822695	0.373666666666667	-0.109916367980884	-0.366666666666667	0.219791666666667	-0.0729166666666667	0.0362903225806452	0.0365853658536585	-0.0697278911564626	-0.0158536585365854	-0.0371900826446281
T:	-0.0357142857142857	0.00113378684807256	0.0934782608695652	-0.0816885964912281	-0.118615591397849	-0.116935483870968	-0.317030784508441	-0.119904891304348	-0.11702806122449	-0.0878787878787879	0.212712975098296	-0.157579787234043	0.163605442176871	0.0157858613589568	-0.00398499765588373	-0.0526881720430108	-0.0854545454545454	-0.00347222222222222

Energy matrix for enoLOGOS

A:	-0.460517018598809	0.216713891105322	0.651998759566123	-0.205425434609294	-1.24097217643469	0.749090826409868	-0.457499213758712	0.899310029383037	0.502279591363897	-2.95227071855937	-1.14111441082453	-0.826726030729245	1.54680835912136	0.0990359179782385	0.156035986155274	-0.0939830650201651	-0.356989936898302	-0.534528682302189
C:	0.123510311501596	-0.0225743636568044	-0.657881455141156	0.0776665606763865	0.498274462328013	-2.14907942012778	-2.29343877683518	1.20600190441242	1.62535418328991	0.939059324541764	-0.501627874476999	1.31357580438091	-0.791766102152339	0.394267201888103	0.11442757611691	-0.961430266899268	-0.469915325100826	0.336250521516591
G:	0.0176443302145138	-0.191882091082837	0.976138637713715	-0.62139096376266	-0.410893702250139	0.247589794945596	-0.212468949339882	-3.30527108384394	-3.44159718566177	1.01236716155533	3.37712480305793	-2.02435606092393	0.67158731878993	-0.334246223176555	-0.33696367214547	0.642217610971128	0.146017591263037	0.342533319618949
T:	0.328940727570578	-0.0104425627800183	-0.860966599989078	0.75237977819323	1.09248997019744	1.07701560801334	2.91996143371738	1.10436486117785	1.07786827695002	0.809393547840331	-1.959158902191	1.45136347616912	-1.50686180915665	-0.145393156180818	0.0367031847922164	0.485275998093369	0.787065449968874	0.0319803485138062

Probability matrix

A:	0.379988132933016	0.198804210818907	0.10031043091884	0.273746236055878	0.585265167329864	0.0464845227022898	0.123642432764529	0.0143795905261273	0.0186895002714828	0.941054155922732	0.262844166240666	0.220635762567618	0.0286050701533304	0.219127037604673	0.208053719027928	0.22624082404102	0.328646581270597	0.416296911171128
C:	0.211899624457272	0.252549868933616	0.371723352474351	0.206254230430565	0.102803395564321	0.84327208051368	0.775364589146015	0.0105816143686993	0.00607928622228302	0.0192146046029905	0.138666919709399	0.025951031895067	0.296532979464859	0.163109272251411	0.21689312505561	0.538639882940017	0.367935753672846	0.174272389251705
G:	0.23556306612061	0.299141425745547	0.0725393960892432	0.414953746840109	0.255184432347045	0.0767551468029156	0.0967725644343218	0.96332514257017	0.96472072989967	0.0178564146760344	0.00286716036147908	0.730802495222026	0.0686351655361644	0.337962108164452	0.340629701950925	0.108353534549409	0.198735625055318	0.173180903398245
T:	0.172549176489102	0.249504494501931	0.455426820517566	0.105045786673448	0.0567470047587695	0.0334882499811144	0.00422041365513335	0.0117136525350033	0.0105104836065647	0.0218748247982437	0.595621753688455	0.0226107103152886	0.606226784845646	0.279801581979464	0.234423453965538	0.126765758469554	0.104682040001238	0.236249796178923



4	A.ATCCGG	0.490977589496491

Enrichment score matrix

A:	-0.17032967032967	-0.122222222222222	-0.0634920634920635	-0.0668724279835391	0.00254668930390492	0.216770186335404	-0.252935537982267	0.216602316602317	-0.0144824311490978	-0.162207357859532	-0.0571428571428571	-0.30977130977131	-0.247149122807018	0.0572916666666667	-0.0612522686025408	0.0602678571428571	-0.074468085106383	0.121212121212121
C:	-0.0032258064516129	0.151069518716578	0.0160839160839161	0.00834879406307978	0.0738031914893617	-0.162272727272727	0.226851851851852	-0.309697855750487	-0.1170465337132	0.3984393757503	0.420754716981132	-0.00431266846361186	0.0355263157894737	-0.0462101063829787	0.0487404162102957	-0.0533910533910534	0.0492063492063492	0.0454545454545455
G:	0	-0.00320512820512821	0.0867132867132867	0.062317429406037	0.00398936170212766	0.164238721804511	-0.0898109243697479	-0.0169848747830399	-0.19994994994995	-0.0981005827757393	-0.171180378129791	0.302425876010782	0.277430972388956	-0.151928191489362	-0.043684710351377	-0.01	-0.02710027100271	0.0625
T:	0.203225806451613	-0.0333333333333333	-0.0412587412587413	-0.00759734093067426	-0.066156914893617	-0.205827067669173	0.130795933548227	0.136208576998051	0.34719387755102	-0.106465997770346	-0.190516273849607	0.0236393622869709	-0.0424749163879599	0.143284574468085	0.0825771324863884	0.0390749601275917	0.046969696969697	-0.134920634920635

Energy matrix for enoLOGOS

A:	1.56879423918276	1.12570826768598	0.584783515681027	0.61591782322886	-0.0234558753106354	-1.99652719864577	2.32962239698559	-1.99498106126588	0.133388120296901	1.49398497672523	0.526305164112925	2.85309920046664	2.27632754368797	-0.527675750477802	0.564154242385111	-0.55508747777535	0.685876410679077	-1.11640489357287
C:	0.0297107753934716	-1.39140168721031	-0.148138341647169	-0.0768952350164988	-0.679752514155157	1.49458705127068	-2.08938276956867	2.85242266393317	1.07803841485856	-3.66976226825798	-3.87529415651073	0.0397211444613528	-0.327209460583364	0.425610808412463	-0.448915823168609	0.491749774549955	-0.453207224652796	-0.418651835089827
G:	0	0.0295203217050519	-0.798658885402131	-0.573964735936198	-0.036743379143522	-1.51269453007786	0.827189182567189	0.156436477927193	1.84160709639864	0.903539758053783	1.57662954757896	-2.78544525535237	-2.55523368543061	1.3993103557158	0.402351051387374	0.0921034037197618	0.249602720107756	-0.575646273248511
T:	-1.87177884978871	0.307011345732539	0.380007050312304	0.0699740958934563	0.609327704130073	1.89573735099886	-1.20467506724955	-1.25452735573457	-3.19777378731112	0.98058807750694	1.75471972855551	-0.217726572839459	0.39120843720434	-1.31969970090483	-0.760563497141409	-0.359893682796518	-0.432606896259487	1.24266497082218

Probability matrix

A:	0.0240003787214198	0.0536106556233673	0.120525321523495	0.124808671891697	0.223607201657862	0.599778438172986	0.00814483494353355	0.624584113693968	0.0338514568887373	0.00557742942145135	0.0120157907360117	0.00312227624189743	0.00682569727015153	0.267456992111263	0.11506426440923	0.370749935206171	0.11453381654075	0.459872284937623
C:	0.111849372091046	0.664382343418886	0.250831581858755	0.249533954990532	0.43103426468759	0.0182733929992378	0.676132554692308	0.0049021911810069	0.013161971746292	0.975036823593486	0.980263095125909	0.0520362377944017	0.0922250240491466	0.103097198433996	0.316891948334862	0.130150380362362	0.357792695449537	0.22887951987178
G:	0.115222362628887	0.160442527325553	0.480728311257678	0.410208061887377	0.22659821072213	0.369713229136777	0.0365915445871124	0.0726510956391705	0.00613348474225573	0.0100660986815778	0.00420341502444048	0.877526150774284	0.855987462220642	0.0389380791417818	0.135272868177455	0.194092902782462	0.177176039352701	0.267786544971318
T:	0.748927886558647	0.121564473632193	0.147914785360072	0.215449311230395	0.118760322932418	0.0122349396909993	0.279131065777046	0.297862599485854	0.946853086622715	0.00931964830348517	0.00351769911363858	0.0673153351894172	0.0449618164600596	0.590507730312959	0.432770919078453	0.305006781649005	0.350497448657012	0.0434616502192781



5	ACATCCG	0.490575028636884

Enrichment score matrix

A:	0.133928571428571	0.023936170212766	-0.0845410628019324	-0.0211466165413534	0.0106382978723404	0.0113471752776437	0.2906	-0.263690673747096	0.275396825396825	-0.0761526832955404	-0.16449864498645	-0.105960990576375	-0.31733630952381	-0.273989898989899	-0.0226973684210526	-0.0197916666666667	-0.0680327868852459	0.054160125588697	-0.0555555555555556
C:	-0.0714285714285714	-0.0690537084398977	0.105285592497869	-0.0250632911392405	0.0126329787234043	0.0637755102040816	-0.169354838709677	0.327007299270073	-0.389157973174367	-0.141488372093023	0.4390625	0.449568965517241	-0.0412946428571429	0.0282828282828283	0.0865131578947368	0.0018796992481203	-0.0212224108658744	0.0108695652173913	0.127450980392157
G:	0.0448028673835125	0.120991253644315	-0.0200314218381775	0.115189873417722	-0.0114583333333333	-0.012071463061323	0.16298877274487	-0.207855973813421	-0.0621463414634146	-0.193581395348837	-0.143013317431922	-0.166810344827586	0.276153846153846	0.217105263157895	-0.133223684210526	0.0118987341772152	0.000848896434634975	-0.0740514075887393	-0.0384615384615385
T:	-0.12202380952381	-0.0625	0.0153797865662272	-0.0655818540433925	-0.0123005319148936	-0.0618118118118118	-0.277584204413473	0.182330827067669	0.198926829268293	0.43046875	-0.113269794721408	-0.188167158755394	0.0862552594670407	0.0207070707070707	0.0709005376344086	0.00505050505050505	0.0802098950524738	0.0267857142857143	0.00892857142857143

Energy matrix for enoLOGOS

A:	-1.23352772838967	-0.220460274861132	0.778651963814412	0.194767536061526	-0.0979823443827254	-0.104511346567571	-2.67652491209628	2.42868085812648	-2.53649849926646	0.701392133391232	1.51508851105408	0.975936789360176	2.92277542310107	2.52354022818034	0.209050488706038	0.182287986528695	0.626605123667232	-0.498833191260876	0.511685576220899
C:	0.657881455141156	0.636008158678662	-0.969716143170553	0.23084144223434	-0.116354033954486	-0.587394156376032	1.55981570815726	-3.01184853039805	3.58427739140429	1.30315606565356	-4.04391506957079	-4.14068319309102	0.380337716253481	-0.260494475167003	-0.796815630865045	-0.0173126698721357	0.195465627588629	-0.100112395347567	-1.17386691015383
G:	-0.412649658242661	-1.11437062809624	0.184496213264252	-1.06093794158207	0.10553515009556	0.111182283582523	-1.50118207379093	1.91442426717017	0.572388957751105	1.78295054084488	1.31720133127348	1.53638005342879	-2.54347091810727	-1.99961337023167	1.22703547718762	-0.109591391767818	-0.00781862510354515	0.682038668916229	0.354243860460622
T:	1.12388081919947	0.575646273248511	-0.1416530691233	0.604031197964908	0.113292085692526	0.569307825795325	2.5566450045323	-1.67932897759716	-1.83218380667897	-3.96476370699912	1.04325336324804	1.73308357896486	-0.794440298564566	-0.190719169318699	-0.65301808416901	-0.0465168705655363	-0.738760434633772	-0.246705545677933	-0.0822351818926445

Probability matrix

A:	0.593271333231724	0.231459435264454	0.0903605505999759	0.162892394149116	0.27442752918487	0.254034050984658	0.752722909594011	0.00340064168814696	0.64880520602862	0.00924425636442932	0.00379671145240349	0.00592379558760345	0.00343134631667927	0.00803837305743535	0.154711326835865	0.207600102735595	0.119873892442513	0.362932333683268	0.106643701628087
C:	0.0895003620992219	0.0982913668709994	0.519141191771216	0.157120954260656	0.279515823729385	0.411723137391744	0.0108846828504545	0.784066261616474	0.00142526339635429	0.00506441429258623	0.985489887660125	0.987915702207165	0.0436145322437978	0.130094539102406	0.423023229046736	0.253462099395401	0.184487145685025	0.243592223572564	0.575388734909784
G:	0.261066139811068	0.565842055723287	0.163688222398295	0.571803443371172	0.22389332737661	0.204746921431808	0.232375440068497	0.0056872153608386	0.0289695439595498	0.00313441958826911	0.00462752637267955	0.00338222618036491	0.811755379113195	0.740540485262026	0.0559006486857489	0.277964393474597	0.226074376041817	0.11142420100682	0.124827789380951
T:	0.0561621648579864	0.104407142141259	0.226810035230513	0.108183208219056	0.222163319709134	0.129495890191789	0.00401696748703706	0.206845881334541	0.320799986615476	0.982556909754715	0.00608587451479193	0.00277827602486648	0.141198742326328	0.121326602578134	0.366364795431651	0.260973404394408	0.469564585830645	0.282051241737348	0.193139774081178



