1	CCTTATC	0.498258638071671

Enrichment score matrix

A:	0.149193548387097	-0.0158371040723982	-0.0448717948717949	0.0536585365853659	-0.0144662454273362	-0.0399267399267399	-0.231126596980256	-0.220627631075392	-0.118429591174562	0.148703703703704	0.497961956521739	-0.201058201058201	-0.149477351916376	0.0921875	-0.0850877192982456	-0.010808114399734	0.109510745313214	0.0254010695187166	-0.0495283018867925	0.0883838383838384
C:	-0.0925925925925926	-0.0160493827160494	-0.0553359683794466	0.0230560578661844	0.0693382108413701	0.00909090909090909	0.115522817103845	0.221328312221842	-0.111428571428571	-0.406808223795079	-0.196680726205758	-0.1330078125	0.495813204508857	-0.394633273703041	0.00360169491525424	-0.0712918660287081	-0.0715592135345222	-0.0407754010695187	-0.0893246187363834	0.0192307692307692
G:	0.00689655172413793	0.0588235294117647	0.0764163372859025	-0.0406719717064545	-0.0675844806007509	-0.0307017543859649	-0.0120359037127703	0.119444444444444	-0.200599747474747	-0.202959830866808	-0.0939221272554606	-0.205078125	-0.202762781835503	0.0916666666666667	0.0931911226028873	0.0029296875	-0.0700892857142857	-0.026930564568462	0.035377358490566	-0.00802139037433155
T:	-0.0333333333333333	-0.0255102040816327	0.0285714285714286	-0.0336585365853659	0.0166015625	0.0598119858989424	0.116190476190476	-0.148121645796064	0.425859831278391	0.465621840242669	-0.225694444444444	0.498039914468995	-0.149888853604319	0.215601503759398	-0.0128205128205128	0.0804036458333333	0.0347091932457786	0.0418559377027904	0.0989473684210526	-0.123456790123457

Energy matrix for enoLOGOS

A:	-1.37412336194806	0.145865119013197	0.413284503870726	-0.494213385813356	0.133239044290311	0.367738864668646	2.12875462720472	2.03205557766715	1.0907768448317	-1.36961172568461	-4.58639911186042	1.85181446632325	1.37673728905149	-0.849078253041554	0.783686856212009	0.0995464124008068	-1.0086312387235	-0.233952496079609	0.456172518423349	-0.814045234896885
C:	0.852809293701498	0.147820277574926	0.509663103587615	-0.212354140583538	-0.638628522632868	-0.0837303670179653	-1.06400446625596	-2.03850908951818	1.0262950700202	3.74684220727174	1.81149643296249	1.22504722525699	-4.56660837444681	3.63470677291225	-0.0331728360855074	0.656622351877728	0.659084713403874	0.375555322654109	0.822710142159093	-0.177121930230311
G:	-0.0635195887722495	-0.541784727763305	-0.703820476382897	0.374602703015831	0.622476070196138	0.282773607911549	0.110854769878946	-1.10012398887493	1.84759195277489	1.86932912412202	0.865054760482853	1.88883933409668	1.86751423547374	-0.844281200764483	-0.858321958819155	-0.026983419058524	0.645546177857259	0.248039666085017	-0.325837513159535	0.073879735604087
T:	0.307011345732539	0.234957662550413	-0.263152582056462	0.310006578373833	-0.152906041331636	-0.5508887484531	-1.07015383369628	1.36425077423905	-3.92231399682633	-4.2885356332609	2.0787226533974	-4.58711713108935	1.38052735966109	-1.98576323433396	0.118081286820207	-0.740544945272825	-0.319683483830318	-0.38550743283093	-0.911338942069222	1.13707905826866

Probability matrix

A:	0.639517619672474	0.204004895013904	0.144279910821217	0.381495265250151	0.19576432126911	0.162202150617025	0.0174265178555934	0.0118393805480984	0.00654002778609293	0.0511076335052546	0.992822171709978	0.00158837788919299	0.00260541129040154	0.195200973778727	0.0963893972101856	0.199030971210964	0.531340887274919	0.300768841179609	0.128130202320858	0.480182806502056
C:	0.0689775795166459	0.203606422761936	0.131023492374068	0.287792344646767	0.423595529521962	0.254757632480821	0.424432148456048	0.693669745841961	0.00697563378567827	0.000306505351649215	0.00165310613011166	0.00297272946054788	0.993204129335004	0.00220393552367823	0.218165925716526	0.114021212695842	0.100252082136026	0.163503464787324	0.0888108945469676	0.253976964919037
G:	0.172450527757152	0.405772977909688	0.440918573669495	0.160017366655517	0.120021928946305	0.176586114351095	0.131091154631907	0.271404648756982	0.00306830811216049	0.00200369508792208	0.00425926961541728	0.00153064380155486	0.00159490408767809	0.194266826870112	0.497902872644456	0.225876926583647	0.101618577816579	0.185740369937572	0.280074876679178	0.197599431399451
T:	0.119054273053728	0.186615704314472	0.28377802313522	0.170695023447565	0.260618220262622	0.40645410255106	0.427050179056452	0.0230862248529591	0.983416030316068	0.946582166055174	0.00126545254449322	0.993908248848704	0.00259555528691661	0.608328263827483	0.187541804428833	0.461070889509547	0.266788452772476	0.349987324095494	0.502984026452997	0.068240797179456



2	AGATAAG	0.497498281786942

Enrichment score matrix

A:	-0.123456790123457	0.0989473684210526	0.0418559377027904	0.0347091932457786	0.0804036458333333	-0.0128205128205128	0.215601503759398	-0.213053263315829	0.4998046875	-0.183799101035763	0.472950819672131	0.462298387096774	-0.180959302325581	0.116190476190476	0.0598119858989424	0.0166015625	-0.0336585365853659	0.0285714285714286	-0.0255102040816327	-0.0333333333333333
C:	-0.00802139037433155	0.035377358490566	-0.026930564568462	-0.0700892857142857	0.0029296875	0.0931911226028873	0.0916666666666667	-0.261417322834646	-0.165277777777778	-0.0736216216216216	-0.171878257244111	-0.26052277532193	0.135978835978836	-0.0120359037127703	-0.0307017543859649	-0.0675844806007509	-0.0406719717064545	0.0764163372859025	0.0588235294117647	0.00689655172413793
G:	0.0192307692307692	-0.0893246187363834	-0.0407754010695187	-0.0715592135345222	-0.0712918660287081	0.00360169491525424	-0.394633273703041	0.493897637795276	-0.172556174380641	-0.224603174603175	-0.449384404924761	-0.129982153480071	0.255725190839695	0.115522817103845	0.00909090909090909	0.0693382108413701	0.0230560578661844	-0.0553359683794466	-0.0160493827160494	-0.0925925925925926
T:	0.0883838383838384	-0.0495283018867925	0.0254010695187166	0.109510745313214	-0.010808114399734	-0.0850877192982456	0.0921875	-0.00831485587583148	-0.128125	0.494467213114754	0.167213114754098	-0.0568548387096774	-0.202579941860465	-0.231126596980256	-0.0399267399267399	-0.0144662454273362	0.0536585365853659	-0.0448717948717949	-0.0158371040723982	0.149193548387097

Energy matrix for enoLOGOS

A:	1.13707905826866	-0.911338942069222	-0.38550743283093	-0.319683483830318	-0.740544945272825	0.118081286820207	-1.98576323433396	1.96229307249905	-4.60337129138419	1.69285228060262	-4.35603802838546	-4.25792549857689	1.66669676789395	-1.07015383369628	-0.5508887484531	-0.152906041331636	0.310006578373833	-0.263152582056462	0.234957662550413	0.307011345732539
C:	0.073879735604087	-0.325837513159535	0.248039666085017	0.645546177857259	-0.026983419058524	-0.858321958819155	-0.844281200764483	2.40774252243787	1.52226458925717	0.678080193871976	1.58305725176034	2.39950343536685	-1.2524113627502	0.110854769878946	0.282773607911549	0.622476070196138	0.374602703015831	-0.703820476382897	-0.541784727763305	-0.0635195887722495
G:	-0.177121930230311	0.822710142159093	0.375555322654109	0.659084713403874	0.656622351877728	-0.0331728360855074	3.63470677291225	-4.5489653530095	1.58930109933178	2.06867168672163	4.13898332721502	1.19717987583391	-2.35531604932215	-1.06400446625596	-0.0837303670179653	-0.638628522632868	-0.212354140583538	0.509663103587615	0.147820277574926	0.852809293701498
T:	-0.814045234896885	0.456172518423349	-0.233952496079609	-1.0086312387235	0.0995464124008068	0.783686856212009	-0.849078253041554	0.0765826527603341	1.18007486015945	-4.55421133556937	-1.54008970154356	0.523652416309936	1.86583021707003	2.12875462720472	0.367738864668646	0.133239044290311	-0.494213385813356	0.413284503870726	0.145865119013197	-1.37412336194806

Probability matrix

A:	0.068240797179456	0.502984026452997	0.349987324095494	0.266788452772476	0.461070889509547	0.187541804428833	0.608328263827483	0.00146863588952616	0.992744481043873	0.00191960895694149	0.941011001189824	0.986250064437394	0.0131306772892848	0.427050179056452	0.40645410255106	0.260618220262622	0.170695023447565	0.28377802313522	0.186615704314472	0.119054273053728
C:	0.197599431399451	0.280074876679178	0.185740369937572	0.101618577816579	0.225876926583647	0.497902872644456	0.194266826870112	0.00094071463149823	0.00217023928290658	0.00529569159712323	0.0024790106529662	0.00126678349100498	0.243242624748627	0.131091154631907	0.176586114351095	0.120021928946305	0.160017366655517	0.440918573669495	0.405772977909688	0.172450527757152
G:	0.253976964919037	0.0888108945469676	0.163503464787324	0.100252082136026	0.114021212695842	0.218165925716525	0.00220393552367823	0.987910818663522	0.00202952326372834	0.00131824603403686	0.00019242159149736	0.00421565325604238	0.73286688877375	0.424432148456048	0.254757632480821	0.423595529521962	0.287792344646767	0.131023492374068	0.203606422761936	0.0689775795166459
T:	0.480182806502056	0.128130202320858	0.300768841179609	0.531340887274919	0.199030971210964	0.0963893972101856	0.195200973778727	0.00967983081545354	0.00305575640949205	0.991466453411898	0.0563175665657122	0.00826749881555837	0.0107598091883382	0.0174265178555934	0.162202150617025	0.19576432126911	0.381495265250151	0.144279910821217	0.204004895013904	0.639517619672474



3	GATAAGA	0.497377286691803

Enrichment score matrix

A:	-0.123456790123457	0.0989473684210526	0.0418559377027904	0.0347091932457786	0.0804036458333333	-0.0128205128205128	0.215601503759398	-0.143	0.498578535891969	-0.213675213675214	0.445182724252492	0.435254803675856	-0.148499911237351	0.116190476190476	0.0598119858989424	0.0166015625	-0.0336585365853659	0.0285714285714286	-0.0255102040816327	-0.0333333333333333
C:	-0.00802139037433155	0.035377358490566	-0.026930564568462	-0.0700892857142857	0.0029296875	0.0931911226028873	0.0916666666666667	-0.220867208672087	-0.259030100334448	-0.105555555555556	-0.195414462081129	-0.242194469223907	0.073051948051948	-0.0120359037127703	-0.0307017543859649	-0.0675844806007509	-0.0406719717064545	0.0764163372859025	0.0588235294117647	0.00689655172413793
G:	0.0192307692307692	-0.0893246187363834	-0.0407754010695187	-0.0715592135345222	-0.0712918660287081	0.00360169491525424	-0.394633273703041	0.496515679442509	-0.117093105899076	-0.195726495726496	-0.36655592469546	-0.141086186540732	0.301406926406926	0.115522817103845	0.00909090909090909	0.0693382108413701	0.0230560578661844	-0.0553359683794466	-0.0160493827160494	-0.0925925925925926
T:	0.0883838383838384	-0.0495283018867925	0.0254010695187166	0.109510745313214	-0.010808114399734	-0.0850877192982456	0.0921875	-0.123306233062331	-0.1	0.49043549043549	0.125876707272056	-0.0849416755037116	-0.207656223823086	-0.231126596980256	-0.0399267399267399	-0.0144662454273362	0.0536585365853659	-0.0448717948717949	-0.0158371040723982	0.149193548387097

Energy matrix for enoLOGOS

A:	1.13707905826866	-0.911338942069222	-0.38550743283093	-0.319683483830318	-0.740544945272825	0.118081286820207	-1.98576323433396	1.31707867319259	-4.59207801772658	1.96802144700346	-4.10028441808906	-4.00884489039231	1.36773472770426	-1.07015383369628	-0.5508887484531	-0.152906041331636	0.310006578373833	-0.263152582056462	0.234957662550413	0.307011345732539
C:	0.073879735604087	-0.325837513159535	0.248039666085017	0.645546177857259	-0.026983419058524	-0.858321958819155	-0.844281200764483	2.03426216887821	2.38575539066741	0.972202594819708	1.79983370937383	2.2306934977623	-0.672833306394364	0.110854769878946	0.282773607911549	0.622476070196138	0.374602703015831	-0.703820476382897	-0.541784727763305	-0.0635195887722495
G:	-0.177121930230311	0.822710142159093	0.375555322654109	0.659084713403874	0.656622351877728	-0.0331728360855074	3.63470677291225	-4.57307840768852	1.07846736054234	1.80270764545517	3.37610483180965	1.29945179982427	-2.77606038267897	-1.06400446625596	-0.0837303670179653	-0.638628522632868	-0.212354140583538	0.509663103587615	0.147820277574926	0.852809293701498
T:	-0.814045234896885	0.456172518423349	-0.233952496079609	-1.0086312387235	0.0995464124008068	0.783686856212009	-0.849078253041554	1.13569237649029	0.921034037197618	-4.51707779740794	-1.15936731887925	0.782341743155135	1.91258450176989	2.12875462720472	0.367738864668646	0.133239044290311	-0.494213385813356	0.413284503870726	0.145865119013197	-1.37412336194806

Probability matrix

A:	0.068240797179456	0.502984026452997	0.349987324095494	0.266788452772476	0.461070889509547	0.187541804428833	0.608328263827483	0.00274612817734137	0.991658327209469	0.00151471385565488	0.946859689474598	0.985023984230585	0.0138280979205931	0.427050179056452	0.40645410255106	0.260618220262622	0.170695023447565	0.28377802313522	0.186615704314472	0.119054273053728
C:	0.197599431399451	0.280074876679178	0.185740369937572	0.101618577816579	0.225876926583647	0.497902872644456	0.194266826870112	0.00134045416870547	0.000924543858858582	0.00410023955130457	0.00259356348126179	0.00192154125729791	0.106406922667993	0.131091154631907	0.176586114351095	0.120021928946305	0.160017366655517	0.440918573669495	0.405772977909688	0.172450527757152
G:	0.253976964919037	0.0888108945469676	0.163503464787324	0.100252082136026	0.114021212695842	0.218165925716525	0.00220393552367823	0.99262114441326	0.00341724011534545	0.0017870037747523	0.000536205213131603	0.00487621498032707	0.871745665834548	0.424432148456048	0.254757632480821	0.423595529521962	0.287792344646767	0.131023492374068	0.203606422761936	0.0689775795166459
T:	0.480182806502056	0.128130202320858	0.300768841179609	0.531340887274919	0.199030971210964	0.0963893972101856	0.195200973778727	0.00329227324069329	0.00399988881632727	0.992598042818288	0.050010541831009	0.0081782595317903	0.00801931357686507	0.0174265178555934	0.162202150617025	0.19576432126911	0.381495265250151	0.144279910821217	0.204004895013904	0.639517619672474



4	C..CTTATC	0.497040769583142

Enrichment score matrix

A:	0.149193548387097	-0.0158371040723982	-0.0448717948717949	0.0536585365853659	-0.0144662454273362	-0.0399267399267399	-0.231126596980256	-0.172727272727273	-0.125	0.105003291639236	0.5	-0.175945017182131	-0.107622617931896	0.0921875	-0.0850877192982456	-0.010808114399734	0.109510745313214	0.0254010695187166	-0.0495283018867925	0.0883838383838384
C:	-0.0925925925925926	-0.0160493827160494	-0.0553359683794466	0.0230560578661844	0.0693382108413701	0.00909090909090909	0.115522817103845	0.272863318922514	-0.0990131578947368	-0.38659793814433	-0.191603535353535	-0.122179239200516	0.498370804822418	-0.394633273703041	0.00360169491525424	-0.0712918660287081	-0.0715592135345222	-0.0407754010695187	-0.0893246187363834	0.0192307692307692
G:	0.00689655172413793	0.0588235294117647	0.0764163372859025	-0.0406719717064545	-0.0675844806007509	-0.0307017543859649	-0.0120359037127703	0.0380859375	-0.198026315789474	-0.159574468085106	-0.0637886597938144	-0.192456479690522	-0.249453295845048	0.0916666666666667	0.0931911226028873	0.0029296875	-0.0700892857142857	-0.026930564568462	0.035377358490566	-0.00802139037433155
T:	-0.0333333333333333	-0.0255102040816327	0.0285714285714286	-0.0336585365853659	0.0166015625	0.0598119858989424	0.116190476190476	-0.12890625	0.431115591397849	0.462804476629361	-0.225378787878788	0.5	-0.120743517650734	0.215601503759398	-0.0128205128205128	0.0804036458333333	0.0347091932457786	0.0418559377027904	0.0989473684210526	-0.123456790123457

Energy matrix for enoLOGOS

A:	-1.37412336194806	0.145865119013197	0.413284503870726	-0.494213385813356	0.133239044290311	0.367738864668646	2.12875462720472	1.59087697334134	1.15129254649702	-0.967116056175248	-4.60517018598809	1.62051349500062	0.991240942875912	-0.849078253041554	0.783686856212009	0.0995464124008068	-1.0086312387235	-0.233952496079609	0.456172518423349	-0.814045234896885
C:	0.852809293701498	0.147820277574926	0.509663103587615	-0.212354140583538	-0.638628522632868	-0.0837303670179653	-1.06400446625596	-2.51316404230344	0.911944885514747	3.56069859741347	1.76473377708003	1.12531237942585	-4.59016474387018	3.63470677291225	-0.0331728360855074	0.656622351877728	0.659084713403874	0.375555322654109	0.822710142159093	-0.177121930230311
G:	-0.0635195887722495	-0.541784727763305	-0.703820476382897	0.374602703015831	0.622476070196138	0.282773607911549	0.110854769878946	-0.350784447760812	1.82388977102949	1.46973516574088	0.587515268573223	1.77258968474203	2.29754976164417	-0.844281200764483	-0.858321958819155	-0.026983419058524	0.645546177857259	0.248039666085017	-0.325837513159535	0.073879735604087
T:	0.307011345732539	0.234957662550413	-0.263152582056462	0.310006578373833	-0.152906041331636	-0.5508887484531	-1.07015383369628	1.18727043857505	-3.97072133644	-4.26258675543072	2.07581534898706	-4.60517018598809	1.11208889527298	-1.98576323433396	0.118081286820207	-0.740544945272825	-0.319683483830318	-0.38550743283093	-0.911338942069222	1.13707905826866

Probability matrix

A:	0.639517619672474	0.204004895013904	0.144279910821217	0.381495265250151	0.19576432126911	0.162202150617025	0.0174265178555934	0.0142750785965074	0.00586670249618389	0.0356019421289501	0.991548115108907	0.00196437286478785	0.00373690036149403	0.195200973778727	0.0963893972101856	0.199030971210964	0.531340887274919	0.300768841179609	0.128130202320858	0.480182806502056
C:	0.0689775795166459	0.203606422761936	0.131023492374068	0.287792344646767	0.423595529521962	0.254757632480821	0.424432148456048	0.86485016913588	0.0074531769791323	0.000384652687190604	0.00169785130147613	0.00322319839575314	0.99193955621641	0.00220393552367823	0.218165925716526	0.114021212695842	0.100252082136026	0.163503464787324	0.0888108945469676	0.253976964919037
G:	0.172450527757152	0.405772977909688	0.440918573669495	0.160017366655517	0.120021928946305	0.176586114351095	0.131091154631907	0.0995018943338033	0.00299425513000342	0.00311288194849464	0.00551009585637385	0.00168724471422291	0.00101201932717375	0.194266826870112	0.497902872644456	0.225876926583647	0.101618577816579	0.185740369937572	0.280074876679178	0.197599431399451
T:	0.119054273053728	0.186615704314472	0.28377802313522	0.170695023447565	0.260618220262622	0.40645410255106	0.427050179056452	0.0213728579338091	0.98368586539468	0.960900523235365	0.00124393773324257	0.993125184025236	0.00331152409492255	0.608328263827483	0.187541804428833	0.461070889509547	0.266788452772476	0.349987324095494	0.502984026452997	0.068240797179456



5	A..GATAAG	0.496956457006734

Enrichment score matrix

A:	-0.123456790123457	0.0989473684210526	0.0418559377027904	0.0347091932457786	0.0804036458333333	-0.0128205128205128	0.215601503759398	-0.138997395833333	0.497448979591837	-0.154905913978495	0.4521484375	0.414802631578947	-0.1376953125	0.116190476190476	0.0598119858989424	0.0166015625	-0.0336585365853659	0.0285714285714286	-0.0255102040816327	-0.0333333333333333
C:	-0.00802139037433155	0.035377358490566	-0.026930564568462	-0.0700892857142857	0.0029296875	0.0931911226028873	0.0916666666666667	-0.251196172248804	-0.32047193877551	-0.108223684210526	-0.15081351689612	-0.194078947368421	0.0651041666666667	-0.0120359037127703	-0.0307017543859649	-0.0675844806007509	-0.0406719717064545	0.0764163372859025	0.0588235294117647	0.00689655172413793
G:	0.0192307692307692	-0.0893246187363834	-0.0407754010695187	-0.0715592135345222	-0.0712918660287081	0.00360169491525424	-0.394633273703041	0.497721354166667	-0.0692401960784314	-0.236842105263158	-0.398763020833333	-0.13877688172043	0.1845703125	0.115522817103845	0.00909090909090909	0.0693382108413701	0.0230560578661844	-0.0553359683794466	-0.0160493827160494	-0.0925925925925926
T:	0.0883838383838384	-0.0495283018867925	0.0254010695187166	0.109510745313214	-0.010808114399734	-0.0850877192982456	0.0921875	-0.0869140625	-0.104910714285714	0.496710526315789	0.108163265306122	-0.0848684210526316	-0.111979166666667	-0.231126596980256	-0.0399267399267399	-0.0144662454273362	0.0536585365853659	-0.0448717948717949	-0.0158371040723982	0.149193548387097

Energy matrix for enoLOGOS

A:	1.13707905826866	-0.911338942069222	-0.38550743283093	-0.319683483830318	-0.740544945272825	0.118081286820207	-1.98576323433396	1.2802133264433	-4.58167441973305	1.426736193374	-4.1644410080322	-3.82047342403354	1.26822069575063	-1.07015383369628	-0.5508887484531	-0.152906041331636	0.310006578373833	-0.263152582056462	0.234957662550413	0.307011345732539
C:	0.073879735604087	-0.325837513159535	0.248039666085017	0.645546177857259	-0.026983419058524	-0.858321958819155	-0.844281200764483	2.31360224654904	2.95165563578956	0.996776967888212	1.38904382330805	1.78753316429801	-0.599631534633866	0.110854769878946	0.282773607911549	0.622476070196138	0.374602703015831	-0.703820476382897	-0.541784727763305	-0.0635195887722495
G:	-0.177121930230311	0.822710142159093	0.375555322654109	0.659084713403874	0.656622351877728	-0.0331728360855074	3.63470677291225	-4.58418308227591	0.637725773304724	2.1813964038891	3.67274314963243	1.27818231640664	-1.69995540068701	-1.06400446625596	-0.0837303670179653	-0.638628522632868	-0.212354140583538	0.509663103587615	0.147820277574926	0.852809293701498
T:	-0.814045234896885	0.456172518423349	-0.233952496079609	-1.0086312387235	0.0995464124008068	0.783686856212009	-0.849078253041554	0.800508098736211	0.966263387238573	-4.57487301371185	-0.996220489213751	0.781667044726926	1.03136623957025	2.12875462720472	0.367738864668646	0.133239044290311	-0.494213385813356	0.413284503870726	0.145865119013197	-1.37412336194806

Probability matrix

A:	0.068240797179456	0.502984026452997	0.349987324095494	0.266788452772476	0.461070889509547	0.187541804428833	0.608328263827483	0.00281499147728501	0.990254892182218	0.00245648410997139	0.955705787409577	0.980580903828174	0.0354634662122339	0.427050179056452	0.40645410255106	0.260618220262622	0.170695023447565	0.28377802313522	0.186615704314472	0.119054273053728
C:	0.197599431399451	0.280074876679178	0.185740369937572	0.101618577816579	0.225876926583647	0.497902872644456	0.194266826870112	0.00100157154746233	0.000529740678151565	0.00377609470796395	0.00370234084564446	0.00359713813470276	0.22960381408487	0.131091154631907	0.176586114351095	0.120021928946305	0.160017366655517	0.440918573669495	0.405772977909688	0.172450527757152
G:	0.253976964919037	0.0888108945469676	0.163503464787324	0.100252082136026	0.114021212695842	0.218165925716525	0.00220393552367823	0.991635542097427	0.00535784683133023	0.00115496598523381	0.000377292682819291	0.00598639512010743	0.689991405853172	0.424432148456048	0.254757632480821	0.423595529521962	0.287792344646767	0.131023492374068	0.203606422761936	0.0689775795166459
T:	0.480182806502056	0.128130202320858	0.300768841179609	0.531340887274919	0.199030971210964	0.0963893972101856	0.195200973778727	0.00454789487782611	0.00385752030830064	0.992612455196831	0.0402145790619591	0.00983556291701561	0.044941313849724	0.0174265178555934	0.162202150617025	0.19576432126911	0.381495265250151	0.144279910821217	0.204004895013904	0.639517619672474



