1	CGTTATC	0.493963832986882

Enrichment score matrix

A:	-0.0357142857142857	-0.082579185520362	0.0730577334283678	-0.0208926875593542	0.0174872665534805	0.0282505105513955	-0.0291592128801431	-0.0675468809797168	0.162266918080872	0.130165289256198	0.4904	0.0279034690799397	-0.132930019620667	-0.080657069029162	-0.128720238095238	-0.0969439728353141	0.0418604651162791	-0.0163879598662207	0.0978947368421053	0.0492610837438424
C:	0.0892857142857143	0.0252631578947368	0.129499561018437	0.0412037037037037	-0.070811170212766	-0.0151785714285714	0.153125	0.0143786374529271	-0.185463414634146	-0.369380831212892	-0.315423761988647	-0.201596113809854	0.485507246376812	-0.130144817073171	0.0799043062200957	0.0621675531914894	0.0125	-0.0440771349862259	-0.0908163265306123	-0.0696969696969697
G:	0.01875	0.0183673469387755	-0.0681818181818182	-0.0143518518518519	-0.00933786078098472	-0.010536398467433	-0.12737030411449	0.3625	-0.237379466817924	-0.214641080312722	-0.0850074404761905	-0.30219414893617	-0.249501661129568	0.160077519379845	-0.0259313367421476	0.0477079796264856	-0.112279226240538	-0.00903010033444816	0.0294117647058824	0.0277777777777778
T:	-0.0429864253393665	0.0425824175824176	-0.115102639296188	-0.00648148148148148	0.0628324468085106	-0.00293772032902468	-0.00127226463104326	-0.325402504472272	0.262901744719927	0.446055979643766	-0.124458874458874	0.484102564102564	-0.103980986333928	0.0526881720430108	0.0709763817871926	-0.0139627659574468	0.0660633484162896	0.075	-0.0412087912087912	-0.010752688172043

Energy matrix for enoLOGOS

A:	0.328940727570578	0.760582406283101	-0.67288659168037	0.192428763707005	-0.16106367713303	-0.260196817860457	0.26856627560503	0.622129764888556	-1.4945335466364	-1.19886661866632	-4.51675091841712	-0.257000447785157	1.22433072635982	0.742879059164561	1.18555720561896	0.892886986824856	-0.385549131850166	0.150938688370178	-0.901643846940826	-0.453711348373211
C:	-0.822351818926445	-0.232682283081504	-1.19273503500131	-0.379500135697167	0.652194979797516	0.139799809217496	-1.41033336945885	-0.132432145026703	1.70818117532944	3.40212318235422	2.90516020932465	1.85676882585641	-4.47168699219134	1.19867806289248	-0.735945857473695	-0.572584324986551	-0.115129254649702	0.40596541584468	0.83644927867947	0.641932813804401
G:	-0.172693881974553	-0.169169517036297	0.62797775263474	0.132185440523732	0.0860048761389966	0.0970438161798257	1.17312385417657	-3.33874838484137	2.18634568671131	1.97691740748885	0.782947460936219	2.78331097012179	2.29799522237678	-1.47436843938999	0.238836437695511	-0.439406730819237	1.03412989037748	0.0831702976733635	-0.270892363881652	-0.25584278811045
T:	0.395919608750107	-0.392198559795689	1.06013448563069	0.0596966505591049	-0.578708221510472	0.0270574041479911	0.0117179902951351	2.99706782408313	-2.42141455325692	-4.10832739747436	1.14630859607929	-4.45874939033103	0.957700276349276	-0.485275998093369	-0.653716634631375	0.128601827002327	-0.608465925026481	-0.690775527898214	0.379546993350667	0.0990359179782385

Probability matrix

A:	0.148172050999791	0.106372756323	0.319405271649497	0.200975933289578	0.267174027091318	0.320487408288146	0.124112208730788	0.0179458751277363	0.278360100987752	0.0515498299108735	0.991018416679141	0.0147120126117409	0.00332970500623507	0.0702696880112311	0.0598786957917695	0.0887565976396938	0.307260513583837	0.193597560127152	0.503587169139118	0.366277716270528
C:	0.468561166737969	0.287210151756228	0.537167080945625	0.356065273088259	0.118467845292104	0.214829858880698	0.665198645179213	0.0381651272917014	0.0113158102024757	0.000517657791058097	0.000592634155006872	0.00177694406399343	0.991185232804369	0.044546853441816	0.409044454989574	0.384279086746034	0.234457911287903	0.150017933653462	0.0885585307616503	0.122455496624211
G:	0.244694064733565	0.269535853294785	0.0869728843712822	0.213455523301924	0.208686198203592	0.22421431410194	0.0502308051535393	0.942219667775687	0.00701489937664929	0.0021527904510049	0.00494825376076947	0.000703528372068745	0.00113793955290154	0.645217857860777	0.154322033684896	0.336363184629193	0.0742930155521554	0.207172123617964	0.26800492052448	0.300522694332629
T:	0.138572717528675	0.336881238625987	0.0564547630335952	0.229503270320239	0.405671929412986	0.240468418729215	0.160458340936459	0.00166932980487512	0.703309189433123	0.945779721847063	0.00344069540508242	0.982807514952197	0.00434712263649443	0.239965600686176	0.37675481553376	0.19060113098508	0.383988559576105	0.449212382601422	0.139849379574751	0.210744092772632



2	A..GGGGGG	0.492977844800857

Enrichment score matrix

A:	0.0544871794871795	0.0333333333333333	0.0295454545454545	0.117241379310345	0.142820903094876	0.0421052631578947	0.0117984693877551	-0.0647321428571429	-0.0887096774193548	-0.127437079049982	-0.0899725274725275	-0.0529451821586653	-0.0447058823529412	-0.0197044334975369	0.0140692640692641	0.0143923240938166	0.00596491228070175	-0.0399408284023669	0.118367346938776	0.202341137123746
C:	-0.0481481481481481	-0.1	-0.012280701754386	-0.126436781609195	-0.16573165030388	-0.0344145569620253	-0.0204282896590589	-0.159970238095238	-0.154692082111437	-0.144097222222222	-0.263323983169705	-0.193564862104188	-0.0414746543778802	-0.0172413793103448	-0.0727272727272727	-0.032	-0.0913461538461538	-0.0348837209302326	-0.236842105263158	-0.162337662337662
G:	-0.103174603174603	-0.014957264957265	0.0882352941176471	-0.109649122807018	-0.0296803652968037	0.0286596119929453	0.0825563909774436	0.326050769870995	0.438808373590982	0.453996101364522	0.471450617283951	0.44775828460039	0.285353535353535	0.0702127659574468	-0.0412808641975309	0.016633064516129	0.070647931303669	0.0140692640692641	0.0102564102564103	0.0669642857142857
T:	0.115079365079365	0.0738636363636364	-0.000584795321637427	0.177037037037037	0.0719047619047619	0.068663257852447	-0.00707371556217424	0.0342261904761905	-0.125718390804598	-0.135416666666667	-0.0703703703703704	-0.13695652173913	-0.126071428571429	0.0241573033707865	0.217206790123457	0.0413306451612903	0.116842105263158	0.114164904862579	0.149019607843137	0.0172413793103448

Energy matrix for enoLOGOS

A:	-0.501845468985882	-0.307011345732539	-0.272123692808387	-1.07983300912824	-1.31542912973683	-0.387803805135839	-0.108667918929566	0.596205068721673	0.817046323320468	1.17373887406077	0.828677602148956	0.487643148737588	0.411756393100112	0.181484539349284	-0.129582710861137	-0.132558203647845	-0.0549388723942439	0.367868624324493	-1.09020355423392	-1.86363074416241
C:	0.443460832724779	0.921034037197618	0.11310944316462	1.16452579415791	1.52644490970807	0.316969783371016	0.188151500977254	1.47338034224321	1.42476672909602	1.32718446332296	2.42530351309752	1.78279826403421	0.381995683630349	0.158798971930624	0.669842936143722	0.294730891903238	0.841329168593978	0.321290943208472	2.1813964038891	1.49518512532081
G:	0.95027321298167	0.137761501290242	-0.812677091644957	1.00990574254125	0.273366266748152	-0.263964781383797	-0.760372460784199	-3.00303856905674	-4.04157447884623	-4.18145862111745	-4.34222065376346	-4.12400620554177	-2.6282031869528	-0.646683472925987	0.380210810108585	-0.153196185622588	-0.650691493882783	-0.129582710861137	-0.094465029456166	-0.616763864194834
T:	-1.05992012217186	-0.680309232020968	0.00538616396021999	-1.63057136955727	-0.662267331508764	-0.632411975869804	0.0651513280221696	-0.315234863921804	1.15790917032747	1.24723359203844	0.648135063213139	1.26141618137935	1.16116076832414	-0.222496986514031	-2.00054846814143	-0.380669309728854	-1.07615555925195	-1.05149763231863	-1.37252131033371	-0.158798971930624

Probability matrix

A:	0.296741235679424	0.295303091426077	0.240678701918222	0.337353667907196	0.56088852547625	0.273608043175401	0.22210200413633	0.0247069618612218	0.00762764159099265	0.00466216394536991	0.00560307677560749	0.00976704187642851	0.0427217985419591	0.172121709302404	0.117030620838242	0.252861782757827	0.166692873356605	0.127767713110803	0.365818474344338	0.664901026081319
C:	0.115301933563833	0.0864837793622008	0.16373179961878	0.0357579648178654	0.0327089303339821	0.135222692624512	0.165061368413281	0.0102770143722397	0.00415394420979155	0.00399895915916292	0.00113506504780202	0.00267475698288678	0.0440123380103382	0.176071014690381	0.0526154588008272	0.164935408015174	0.0680256606535218	0.133859608781789	0.0138812260110873	0.0231228736091872
G:	0.0694593588463645	0.189280380492259	0.413234924534897	0.0417372112935517	0.114517400682829	0.24173874070803	0.426171265126815	0.903547514864725	0.982793967769289	0.987007068975572	0.98655011698062	0.983052963629487	0.893073491247475	0.394007463129867	0.0702908824940006	0.258134562286963	0.302446880083558	0.210117145131505	0.135151816580889	0.191095120401178
T:	0.518497471910379	0.428932748719463	0.182354573928102	0.585151155981387	0.291885143506939	0.349430523492057	0.186665362323574	0.0614685089018134	0.00542444642992713	0.00433180791989491	0.00671174119597094	0.00450523751119733	0.0201923722002279	0.257799812877348	0.76006303786693	0.324068246940036	0.462834585906315	0.528255532975904	0.485148483063685	0.120880979908317



3	CGATAAC	0.491867124856816

Enrichment score matrix

A:	-0.010752688172043	-0.0412087912087912	0.075	0.0660633484162896	-0.0139627659574468	0.0709763817871926	0.0526881720430108	-0.159880929517957	0.488068181818182	-0.0609605911330049	0.448713235294118	0.25021186440678	-0.306201550387597	-0.00127226463104326	-0.00293772032902468	0.0628324468085106	-0.00648148148148148	-0.115102639296188	0.0425824175824176	-0.0429864253393665
C:	0.0277777777777778	0.0294117647058824	-0.00903010033444816	-0.112279226240538	0.0477079796264856	-0.0259313367421476	0.160077519379845	-0.173893405600723	-0.328521434820647	-0.142964878258996	-0.242768595041322	-0.297413793103448	0.295961538461538	-0.12737030411449	-0.010536398467433	-0.00933786078098472	-0.0143518518518519	-0.0681818181818182	0.0183673469387755	0.01875
G:	-0.0696969696969697	-0.0908163265306123	-0.0440771349862259	0.0125	0.0621675531914894	0.0799043062200957	-0.130144817073171	0.490625	-0.14247311827957	-0.308800536073263	-0.363269008741547	-0.117970265029089	0.0512888888888889	0.153125	-0.0151785714285714	-0.070811170212766	0.0412037037037037	0.129499561018437	0.0252631578947368	0.0892857142857143
T:	0.0492610837438424	0.0978947368421053	-0.0163879598662207	0.0418604651162791	-0.0969439728353141	-0.128720238095238	-0.080657069029162	-0.135487528344671	0.0286292654713707	0.496398305084746	0.20133779264214	0.182153227607773	-0.0375180375180375	-0.0291592128801431	0.0282505105513955	0.0174872665534805	-0.0208926875593542	0.0730577334283678	-0.082579185520362	-0.0357142857142857

Energy matrix for enoLOGOS

A:	0.0990359179782385	0.379546993350667	-0.690775527898214	-0.608465925026481	0.128601827002327	-0.653716634631375	-0.485275998093369	1.47255777984831	-4.49527407927701	0.561467793611849	-4.13280162646946	-2.30453643629319	2.82022050149658	0.0117179902951351	0.0270574041479911	-0.578708221510472	0.0596966505591049	1.06013448563069	-0.392198559795689	0.395919608750107
C:	-0.25584278811045	-0.270892363881652	0.0831702976733635	1.03412989037748	-0.439406730819237	0.238836437695511	-1.47436843938999	1.60161745402477	3.02579423418815	1.31675519000349	2.23598139195703	2.73928226580326	-2.72590650624449	1.17312385417657	0.0970438161798257	0.0860048761389966	0.132185440523732	0.62797775263474	-0.169169517036297	-0.172693881974553
G:	0.641932813804401	0.83644927867947	0.40596541584468	-0.115129254649702	-0.572584324986551	-0.735945857473695	1.19867806289248	-4.51882324500081	1.31222591321166	2.84415804428347	3.34583121710004	1.08654629469014	-0.472388123967134	-1.41033336945885	0.139799809217496	0.652194979797516	-0.379500135697167	-1.19273503500131	-0.232682283081504	-0.822351818926445
T:	-0.453711348373211	-0.901643846940826	0.150938688370178	-0.385549131850166	0.892886986824856	1.18555720561896	0.742879059164561	1.24788625221219	-0.26368527959099	-4.57199734990258	-1.85438959997648	-1.67769322612164	0.345553895629698	0.26856627560503	-0.260196817860457	-0.16106367713303	0.192428763707005	-0.67288659168037	0.760582406283101	0.328940727570578

Probability matrix

A:	0.210744092772632	0.139849379574751	0.449212382601422	0.383988559576105	0.19060113098508	0.37675481553376	0.239965600686176	0.00248078984606724	0.982245157706562	0.00584195112533138	0.905201805084544	0.63516380737553	0.00337799118558689	0.160458340936459	0.240468418729215	0.405671929412986	0.229503270320239	0.0564547630335952	0.336881238625987	0.138572717528675
C:	0.300522694332629	0.26800492052448	0.207172123617964	0.0742930155521554	0.336363184629193	0.154322033684896	0.645217857860777	0.00218041957005846	0.000531938506910165	0.00274499002603979	0.00155173690816881	0.00409621848713408	0.865587283280356	0.0502308051535393	0.22421431410194	0.208686198203592	0.213455523301924	0.0869728843712822	0.269535853294785	0.244694064733565
G:	0.122455496624211	0.0885585307616503	0.150017933653462	0.234457911287903	0.384279086746034	0.409044454989575	0.044546853441816	0.99223306141931	0.00295158093254356	0.00059593396631643	0.000511465606825376	0.0213873622605563	0.0909118026134995	0.665198645179213	0.214829858880698	0.118467845292104	0.356065273088259	0.537167080945626	0.287210151756228	0.468561166737969
T:	0.366277716270528	0.503587169139119	0.193597560127152	0.307260513583837	0.0887565976396938	0.0598786957917695	0.070269688011231	0.00310572916456461	0.0142713228539846	0.990817124882312	0.0927349924004621	0.339352611876779	0.0401229229205574	0.124112208730788	0.320487408288146	0.267174027091318	0.200975933289578	0.319405271649497	0.106372756323	0.148172050999791



4	A.CCCCCC	0.490605959961519

Enrichment score matrix

A:	0.0172413793103448	0.149019607843137	0.114164904862579	0.116842105263158	0.0413306451612903	0.217206790123457	0.0241573033707865	-0.00698924731182796	-0.138777908343126	-0.105536332179931	-0.0855855855855856	-0.129283489096573	-0.115255376344086	-0.00707371556217424	0.068663257852447	0.0719047619047619	0.177037037037037	-0.000584795321637427	0.0738636363636364	0.115079365079365
C:	0.0669642857142857	0.0102564102564103	0.0140692640692641	0.070647931303669	0.016633064516129	-0.0412808641975309	0.0702127659574468	0.357673267326733	0.455729166666667	0.462439903846154	0.485227272727273	0.476699561403509	0.318421052631579	0.0825563909774436	0.0286596119929453	-0.0296803652968037	-0.109649122807018	0.0882352941176471	-0.014957264957265	-0.103174603174603
G:	-0.162337662337662	-0.236842105263158	-0.0348837209302326	-0.0913461538461538	-0.032	-0.0727272727272727	-0.0172413793103448	-0.205236486486486	-0.173258624478137	-0.226944444444444	-0.230345911949686	-0.200455307931943	-0.0938104448742747	-0.0204282896590589	-0.0344145569620253	-0.16573165030388	-0.126436781609195	-0.012280701754386	-0.1	-0.0481481481481481
T:	0.202341137123746	0.118367346938776	-0.0399408284023669	0.00596491228070175	0.0143923240938166	0.0140692640692641	-0.0197044334975369	-0.0372727272727273	-0.0803030303030303	-0.102652825836217	-0.127799227799228	-0.0916666666666667	-0.0531135531135531	0.0117984693877551	0.0421052631578947	0.142820903094876	0.117241379310345	0.0295454545454545	0.0333333333333333	0.0544871794871795

Energy matrix for enoLOGOS

A:	-0.158798971930624	-1.37252131033371	-1.05149763231863	-1.07615555925195	-0.380669309728854	-2.00054846814143	-0.222496986514031	0.0643733466858551	1.2781917719511	0.972025540987106	0.788272374178142	1.19074493905611	1.06154124582924	0.0651513280221696	-0.632411975869804	-0.662267331508764	-1.63057136955727	0.00538616396021999	-0.680309232020968	-1.05992012217186
C:	-0.616763864194834	-0.094465029456166	-0.129582710861137	-0.650691493882783	-0.153196185622588	0.380210810108585	-0.646683472925987	-3.29429253403604	-4.19742074243706	-4.25922891600702	-4.4691083395839	-4.39056521569808	-2.93276627633978	-0.760372460784199	-0.263964781383797	0.273366266748152	1.00990574254125	-0.812677091644957	0.137761501290242	0.95027321298167
G:	1.49518512532081	2.1813964038891	0.321290943208472	0.841329168593978	0.294730891903238	0.669842936143722	0.158798971930624	1.89029789728903	1.59577090382404	2.09023557886237	2.12156425234986	1.8462616154225	0.864026127738578	0.188151500977254	0.316969783371016	1.52644490970807	1.16452579415791	0.11310944316462	0.921034037197618	0.443460832724779
T:	-1.86363074416241	-1.09020355423392	0.367868624324493	-0.0549388723942439	-0.132558203647845	-0.129582710861137	0.181484539349284	0.343294504773658	0.739618241992027	0.945467466096748	1.17707438730661	0.844281200764483	0.48919390254086	-0.108667918929566	-0.387803805135839	-1.31542912973683	-1.07983300912824	-0.272123692808387	-0.307011345732539	-0.501845468985882

Probability matrix

A:	0.120880979908317	0.485148483063685	0.528255532975904	0.462834585906315	0.324068246940036	0.76006303786693	0.257799812877348	0.0326067713363111	0.00412816876822913	0.00528035929532672	0.00515677994582385	0.00372644398065623	0.0171588310300926	0.186665362323574	0.349430523492057	0.291885143506939	0.585151155981387	0.182354573928102	0.428932748719463	0.518497471910379
C:	0.191095120401178	0.135151816580889	0.210117145131505	0.302446880083558	0.258134562286963	0.0702908824940006	0.394007463129867	0.937471031120183	0.985793031637932	0.987571205246484	0.989988232756609	0.989069475399392	0.931522637660107	0.426171265126815	0.24173874070803	0.114517400682829	0.0417372112935517	0.413234924534897	0.189280380492259	0.0694593588463645
G:	0.0231228736091872	0.0138812260110873	0.133859608781789	0.0680256606535218	0.164935408015174	0.0526154588008273	0.176071014690381	0.00525192893810074	0.00300493152061618	0.00172596118826068	0.00135936878729647	0.00193467188990581	0.0209058304306604	0.165061368413281	0.135222692624512	0.0327089303339821	0.0357579648178654	0.16373179961878	0.0864837793622008	0.115301933563833
T:	0.664901026081319	0.365818474344338	0.127767713110802	0.166692873356605	0.252861782757827	0.117030620838242	0.172121709302404	0.0246702686054055	0.00707386807322245	0.00542247426992865	0.00349561851027103	0.00526940873004587	0.0304127008791398	0.22210200413633	0.273608043175401	0.56088852547625	0.337353667907196	0.240678701918222	0.295303091426077	0.296741235679424



5	C..GCGATA	0.49030080928386

Enrichment score matrix

A:	0.212121212121212	0.222222222222222	-0.0387228260869565	0.0621840242669363	-0.0393939393939394	-0.00282840980515399	0.0580842391304348	0.0151415404871626	0.0078125	-0.195478723404255	0.492903225806452	-0.0894736842105263	0.456767542401064	0.0788759689922481	-0.293343653250774	-0.0322368421052632	-0.0173545966228893	-0.0172161172161172	-0.0322222222222222	0.0918367346938776
C:	-0.064327485380117	-0.153439153439153	0.131468531468531	-0.0189594356261023	0.0653475224476222	-0.0834333733493397	-0.0867211077578555	-0.0170278637770898	0.299467908214167	-0.0654920212765957	-0.302903225806452	-0.213037634408602	-0.165071770334928	-0.133527131782946	0.192344497607656	0.0332236842105263	-0.0103189493433396	0.0371212121212121	-0.102163461538462	-0.127565982404692
G:	-0.225108225108225	0.0612648221343874	0.00895522388059702	-0.0702586206896552	-0.029296875	0.00679905029138787	0.0477718686961306	0.267281105990783	-0.200520833333333	0.481663837011885	-0.146876932591218	-0.178763440860215	-0.326405054871965	-0.0512727272727273	0.123147494707128	-0.00772849462365591	0.0797373358348968	-0.049344375431332	0.0697916666666667	-0.00663129973474801
T:	0.0950226244343891	-0.126666666666667	-0.1	0.0357758620689655	0.00553385416666667	0.0791116446578631	-0.0078380706287683	-0.253472222222222	-0.0984051036682616	-0.215110356536503	-0.0333333333333333	0.487645847632121	0.0400318979266348	0.101075268817204	-0.0463842220598977	0.00657894736842105	-0.0474358974358974	0.0583160800552105	0.0621693121693122	0.0689149560117302

Energy matrix for enoLOGOS

A:	-1.95370856375252	-2.0467423048836	0.356650408425708	-0.57273602919771	0.362831590411183	0.0260506170169031	-0.534975612638562	-0.139458741642826	-0.0719557841560639	1.80042557803258	-4.53980648012245	0.824083085913659	-4.20698453638486	-0.726474521588044	2.70179489239859	0.296912288307127	0.159841741915159	0.158566299444279	0.296777634208121	-0.845847585181486
C:	0.592478035624199	1.41322682956248	-1.21086992302904	0.174622855376974	-0.601872924207955	0.768449766929586	0.798730919884673	0.156832421194641	-2.7582013651362	0.603203807606153	2.78984180944698	1.96214912494385	1.52036719058937	1.22983033261465	-1.77155829164327	-0.306001439989998	0.0950410357333377	-0.341898998656692	0.940960254348528	1.17492611783274
G:	2.07332337377819	-0.564269864686288	-0.0824806600475479	0.647105810617292	0.26983419058524	-0.0626215673898661	-0.439995170896717	-2.46174996117336	1.84686512667231	-4.43628788375152	1.35278654195692	1.64647213638822	3.00630165450436	0.472239269981324	-1.13423034220878	0.0711820660468589	-0.734408003393973	0.454478493165146	-0.642805005127504	0.0610765276656246
T:	-0.875190714079185	1.16664311378365	0.921034037197618	-0.329507866756045	-0.0509686804438786	-0.728645174685751	0.0721912983505455	2.33456544150785	0.906344499124291	1.98123960123834	0.307011345732539	-4.49138423767267	-0.368707405640514	-0.930937628995442	0.427214473060984	-0.0605943445524749	0.436900761234768	-0.5371109464679	-0.572600525771006	-0.634730201587801

Probability matrix

A:	0.696230282260346	0.769985049319029	0.126345368942777	0.391698309455683	0.16040998066018	0.212962726369089	0.367947109449674	0.0831474171357419	0.0617314426769916	0.00193677872064096	0.988856630161846	0.00487283386875662	0.975112131323024	0.374555973923917	0.00691013897804806	0.181473933169851	0.189736885981382	0.185239800961831	0.154573079889532	0.426258161515
C:	0.0545705233480338	0.0242011938295234	0.605793707839175	0.185514498898644	0.420917743795015	0.101364000849214	0.0969536152656378	0.061825999483547	0.905999711737567	0.00641249166148831	0.000648496331007158	0.00156144181072292	0.00317466064731237	0.0529546772069859	0.605674633954282	0.331631944409994	0.202439081255627	0.305550939226685	0.0811650205830271	0.0565017421759437
G:	0.0124118111753258	0.174844788583147	0.196006975724073	0.115659448557722	0.176043357985673	0.232709138523088	0.334607686928877	0.848021816086394	0.0090609366350542	0.990034312383255	0.00272905756302667	0.00214102914136603	0.000718396438163798	0.112959287174461	0.320222153553407	0.227429942691235	0.464001621628401	0.137791133519936	0.39553909537724	0.172107806564052
T:	0.236787383216295	0.0309689682683001	0.0718539474939743	0.307127743087951	0.242628917559133	0.452964134258609	0.200491588355811	0.00700476729431729	0.0232079089503877	0.00161641723461578	0.00776581594411994	0.991424695179154	0.0209948115915003	0.459530061694636	0.0671930735142631	0.25946417972892	0.143822411134589	0.371418126291548	0.3687228041502	0.345132289745004



