1	CACGTGA	0.495090355780407

Enrichment score matrix

A:	0.0040650406504065	0.0241379310344828	0.0104669887278583	-0.0187096774193548	0.0745122457451225	0.135010060362173	-0.15140712945591	0.000398533397098677	0.344098883572568	-0.411560579020424	0.0964231846584788	-0.0654847304775569	-0.271780303030303	0.291021671826625	-0.127777777777778	0.0346616853466169	0.0424285044538209	-0.0376157407407407	0.0259259259259259	0.0118243243243243
C:	-0.0822510822510823	-0.0549407114624506	0.0645070422535211	-0.106227106227106	-0.0760135135135135	-0.0218253968253968	-0.00113636363636364	0.486648606811146	-0.206971112264314	0.413116123642439	-0.0977160094807154	-0.197584124245039	-0.0326194725361888	0.0438153624233682	0.0609756097560976	0.02	0.0414240931482311	-0.0453947368421053	0.0130183220829315	0.0531135531135531
G:	0.0531135531135531	0.0130183220829315	-0.0453947368421053	0.0414240931482311	0.02	0.0609756097560976	0.0438153624233682	-0.204048234280792	-0.115699404761905	-0.181935355938925	0.432456140350877	-0.151361558338303	0.488512949039265	-0.00113636363636364	-0.0218253968253968	-0.0760135135135135	-0.106227106227106	0.0645070422535211	-0.0549407114624506	-0.0822510822510823
T:	0.0118243243243243	0.0259259259259259	-0.0376157407407407	0.0424285044538209	0.0346616853466169	-0.127777777777778	0.291021671826625	-0.248694029850746	0.0169382896905329	0.192234848484848	-0.403530377668309	0.430759275237274	-0.146638905413444	-0.15140712945591	0.135010060362173	0.0745122457451225	-0.0187096774193548	0.0104669887278583	0.0241379310344828	0.0040650406504065

Energy matrix for enoLOGOS

A:	-0.0374404080161633	-0.222318560702873	-0.0964045288532129	0.172322497282135	-0.686283145192912	-1.24348860957666	1.39451119703279	-0.00367062823687876	-3.16926783932035	3.79061301646571	-0.888090350454502	0.603136656865421	2.50318909730792	-2.68040865314477	1.17687682530807	-0.31924591990868	-0.390780967493598	0.346453775566234	-0.23878660223642	-0.108906051695664
C:	0.757560463495877	0.506022652847703	-0.594131815544379	0.978387805081719	0.700110332329271	0.201019333515353	0.0104662958772457	-4.48219931027866	1.90627439112083	-3.80494011189826	0.89999770710864	1.81981703639564	0.300436444812628	-0.403554401440716	-0.56160612024245	-0.184206807439524	-0.381529997495655	0.418100977412077	-0.119903177455813	-0.48919390254086
G:	-0.48919390254086	-0.119903177455813	0.418100977412077	-0.381529997495655	-0.184206807439524	-0.56160612024245	-0.403554401440716	1.87935369002684	1.06563089869218	1.67568655389414	-3.98306824858268	1.3940914715285	-4.49937053676948	0.0104662958772457	0.201019333515353	0.700110332329271	0.978387805081719	-0.594131815544379	0.506022652847703	0.757560463495877
T:	-0.108906051695664	-0.23878660223642	0.346453775566234	-0.390780967493598	-0.31924591990868	1.17687682530807	-2.68040865314477	2.29055666340378	-0.156007413368943	-1.77054838590072	3.71665212875722	-3.96743954332106	1.35059423063184	1.39451119703279	-1.24348860957666	-0.686283145192912	0.172322497282135	-0.0964045288532129	-0.222318560702873	-0.0374404080161633

Probability matrix

A:	0.244097317108536	0.293947507567423	0.257402060872355	0.20231983037305	0.39245979840843	0.54632406819486	0.0143113249080653	0.0111909504003123	0.934701559358673	0.000442723989760138	0.0429848058671156	0.0101678324748126	0.000898747128216254	0.842160846948191	0.0485622702103001	0.271889812265613	0.355296704856813	0.165303139470335	0.29882832578476	0.262180351136866
C:	0.110229671834636	0.141891118472009	0.423420844333116	0.0903584426184095	0.0981052252832196	0.128857145056456	0.0571166733466694	0.985978090495334	0.00583973290322181	0.880724071176611	0.00719048514023646	0.00301183244275453	0.00813356305121918	0.0864111547970748	0.276256516538384	0.237545164042737	0.352025022151727	0.153873955324194	0.265333048175808	0.383492659919962
G:	0.383492659919962	0.265333048175808	0.153873955324194	0.352025022151727	0.237545164042737	0.276256516538384	0.0864111547970748	0.00170247169517813	0.0135356717506917	0.00366972861150729	0.949394677045727	0.00461021384604825	0.988121898135166	0.0571166733466694	0.128857145056456	0.0981052252832196	0.0903584426184095	0.423420844333116	0.141891118472009	0.110229671834636
T:	0.262180351136866	0.29882832578476	0.165303139470335	0.355296704856813	0.271889812265613	0.0485622702103001	0.842160846948191	0.00112848740917557	0.0459230359874132	0.115163476222121	0.000430031946920981	0.982210121236385	0.0028457916853981	0.0143113249080653	0.54632406819486	0.39245979840843	0.20231983037305	0.257402060872355	0.293947507567423	0.244097317108536



2	C.CGTGAC	0.492647395666315

Enrichment score matrix

A:	0.129370629370629	0.0765432098765432	-0.0391025641025641	0.0721052631578947	0.0154353104405134	-0.0417364266921789	0.0218621399176955	0.344098883572568	-0.315939771547248	0.14622641509434	-0.0893877551020408	-0.256578947368421	0.402329075882795	-0.308173076923077	-0.00798305637015314	-0.0944919278252612	-0.0266955266955267	0.00832408435072142	0.0147058823529412
C:	-0.0833333333333333	0.0238095238095238	0.0504261363636364	-0.0692307692307692	0.0557065217391304	0.10695652173913	0.47051597051597	-0.206971112264314	0.398071625344353	-0.0979938271604938	-0.194338664635694	0.0175576519916143	-0.052197255915689	0.303985803985804	0.0694397283531409	0.162609542356378	-0.0310924369747899	0.091	-0.0277777777777778
G:	-0.025	0.0174291938997821	-0.0177556818181818	0.043778801843318	0.0817515817515817	-0.0540099978265594	-0.239324726911619	-0.115699404761905	-0.215326497571506	0.419191919191919	-0.111378205128205	0.474423130386433	-0.147128060263653	-0.10824230387289	-0.0226458129683936	-0.0102239532619279	0.00330687830687831	-0.0673076923076923	-0.0714285714285714
T:	-0.0324675324675325	-0.125925925925926	0.0498366013071895	0.0207134637514384	-0.113596947624003	-0.00186335403726708	-0.213311442283405	0.0169382896905329	0.138349514563107	-0.440388987117959	0.462333616539224	-0.185534591194969	-0.128508771929825	0.198156100025259	0.0176196808510638	-0.0346628679962013	0.0445161290322581	-0.043030303030303	0.1

Energy matrix for enoLOGOS

A:	-1.19154753064028	-0.704989016126572	0.360147924801633	-0.664114016295125	-0.142164462904246	0.384406695745	-0.201357749901743	-3.16926783932035	2.90991283299455	-1.34679505439274	0.823291649576647	2.36317943754652	-3.70558773042318	2.83837893194074	0.0735266663777832	0.870302817674863	0.245874887274977	-0.0766676501551847	-0.135446181940826
C:	0.767528364331349	-0.219293818380385	-0.464441879552776	0.63763894882912	-0.513076026156282	-0.985105970220061	-4.3336122389028	1.90627439112083	-3.66637516184727	0.902556502500753	1.78992524873008	-0.161711950975473	0.480754493466643	-2.79981272295809	-0.639563533469993	-1.49768923283352	0.286371927532033	-0.838140973849833	0.25584278811045
G:	0.230258509299405	-0.160528808226164	0.163535873081963	-0.403217666054257	-0.752959893879505	0.497450463472306	2.20426219428626	1.06563089869218	1.98323033373907	-3.86090025693951	1.02583117925055	-4.36959851119749	1.35509951329687	0.996948461316191	0.208575645439018	0.0941660894895325	-0.0304574747750535	0.619926755806089	0.657881455141156
T:	0.299037025064162	1.15982063943404	-0.459012061021689	-0.190778051433339	1.04626655283462	0.0171621249167258	1.96467098866731	-0.156007413368943	-1.27424611942389	4.05613246742624	-4.25824997373297	1.70883673568112	1.18360953025834	-1.82508512801599	-0.162283257883889	0.319256812513894	-0.410008700429908	0.396323737218369	-0.921034037197618

Probability matrix

A:	0.622081092123758	0.425468570340337	0.147780120112957	0.375187219476619	0.217597085324178	0.137545983939565	0.0157423042686521	0.934701559358673	0.00127059309112718	0.074263754218369	0.00612673335517958	0.00116974186490519	0.971750767186171	0.00253638189481505	0.193054173292802	0.0641681230581042	0.192106636177481	0.234585189715437	0.23136269694242
C:	0.0877063727837247	0.26177775549099	0.337078317163532	0.102071361192511	0.315310126634802	0.541027957961959	0.981033018495825	0.00583973290322181	0.91212020688976	0.00783241933967108	0.00233037247194498	0.014609536270486	0.0147723491897023	0.712607137724332	0.393885808048845	0.685054647409236	0.1844823093041	0.502347508385443	0.156443922918706
G:	0.150094398200152	0.246837659644999	0.179888559606294	0.289029512733143	0.400791183076843	0.122843909635529	0.00142010623729007	0.0135356717506917	0.00320966410539384	0.917569388693266	0.00500342252608805	0.981970281762453	0.00616206602819713	0.0159932872175307	0.168666241707205	0.139441239457708	0.253251477346044	0.116888956960458	0.104653925478092
T:	0.140118136892365	0.0659160145236735	0.335253003117218	0.233711906597727	0.066301604964177	0.198582148462947	0.00180457099823279	0.0459230359874132	0.0833995359137184	0.000334437748693669	0.986539471646787	0.00225044010215539	0.00731481759592913	0.268863193163322	0.244393776951149	0.111335990074951	0.370159577172374	0.146178344938663	0.507539454660782



3	A.CACGTG	0.49186420032554

Enrichment score matrix

A:	0.0040650406504065	0.0241379310344828	0.0104669887278583	-0.0187096774193548	0.0745122457451225	0.135010060362173	-0.15140712945591	-0.0871801004544367	0.432743362831858	-0.429908906882591	0.136085626911315	0.00600600600600601	-0.240061162079511	0.291021671826625	-0.127777777777778	0.0346616853466169	0.0424285044538209	-0.0376157407407407	0.0259259259259259	0.0118243243243243
C:	-0.0822510822510823	-0.0549407114624506	0.0645070422535211	-0.106227106227106	-0.0760135135135135	-0.0218253968253968	-0.00113636363636364	0.490062111801242	-0.198803827751196	0.444192256341789	-0.149801587301587	-0.156542056074766	-0.172496025437202	0.0438153624233682	0.0609756097560976	0.02	0.0414240931482311	-0.0453947368421053	0.0130183220829315	0.0531135531135531
G:	0.0531135531135531	0.0130183220829315	-0.0453947368421053	0.0414240931482311	0.02	0.0609756097560976	0.0438153624233682	-0.130454545454545	-0.176864728192162	-0.133442265795207	0.439064475347661	-0.223723723723724	0.494025974025974	-0.00113636363636364	-0.0218253968253968	-0.0760135135135135	-0.106227106227106	0.0645070422535211	-0.0549407114624506	-0.0822510822510823
T:	0.0118243243243243	0.0259259259259259	-0.0376157407407407	0.0424285044538209	0.0346616853466169	-0.127777777777778	0.291021671826625	-0.242951127819549	-0.0418981481481481	0.140320427236315	-0.40933014354067	0.392857142857143	-0.0735714285714286	-0.15140712945591	0.135010060362173	0.0745122457451225	-0.0187096774193548	0.0104669887278583	0.0241379310344828	0.0040650406504065

Energy matrix for enoLOGOS

A:	-0.0374404080161633	-0.222318560702873	-0.0964045288532129	0.172322497282135	-0.686283145192912	-1.24348860957666	1.39451119703279	0.802958398848438	-3.985713665395	3.95960736133288	-1.25339494358697	-0.0553173595914485	2.21104501284444	-2.68040865314477	1.17687682530807	-0.31924591990868	-0.390780967493598	0.346453775566234	-0.23878660223642	-0.108906051695664
C:	0.757560463495877	0.506022652847703	-0.594131815544379	0.978387805081719	0.700110332329271	0.201019333515353	0.0104662958772457	-4.51363885309889	1.83105092084024	-4.09116187150397	1.37972360730992	1.44180561897758	1.58874710708969	-0.403554401440716	-0.56160612024245	-0.184206807439524	-0.381529997495655	0.418100977412077	-0.119903177455813	-0.48919390254086
G:	-0.48919390254086	-0.119903177455813	0.418100977412077	-0.381529997495655	-0.184206807439524	-0.56160612024245	-0.403554401440716	1.2015307667078	1.62898434644686	1.22904868798157	-4.04393326319511	2.06057164478146	-4.55014737337629	0.0104662958772457	0.201019333515353	0.700110332329271	0.978387805081719	-0.594131815544379	0.506022652847703	0.757560463495877
T:	-0.108906051695664	-0.23878660223642	0.346453775566234	-0.390780967493598	-0.31924591990868	1.17687682530807	-2.68040865314477	2.23766258097354	0.385896205399928	-1.29239889598758	3.77006994651944	-3.61834800327636	0.677617898795391	1.39451119703279	-1.24348860957666	-0.686283145192912	0.172322497282135	-0.0964045288532129	-0.222318560702873	-0.0374404080161633

Probability matrix

A:	0.244097317108536	0.293947507567423	0.257402060872355	0.20231983037305	0.39245979840843	0.54632406819486	0.0143113249080653	0.00486383545375327	0.981111617396008	0.000299088055152878	0.0575764165486301	0.0273117893076415	0.00114788336659118	0.842160846948191	0.0485622702103001	0.271889812265613	0.355296704856813	0.165303139470335	0.29882832578476	0.262180351136866
C:	0.110229671834636	0.141891118472009	0.423420844333116	0.0903584426184095	0.0981052252832196	0.128857145056456	0.0571166733466694	0.990712683667243	0.00292098721379733	0.938001907633139	0.00413709767805925	0.00611164197754018	0.00213874156311951	0.0864111547970748	0.276256516538384	0.237545164042737	0.352025022151727	0.153873955324194	0.265333048175808	0.383492659919962
G:	0.383492659919962	0.265333048175808	0.153873955324194	0.352025022151727	0.237545164042737	0.276256516538384	0.0864111547970748	0.00326498427610674	0.00357508238434315	0.00458844608528441	0.937907536088764	0.00329178327685471	0.991394047973759	0.0571166733466694	0.128857145056456	0.0981052252832196	0.0903584426184095	0.423420844333116	0.141891118472009	0.110229671834636
T:	0.262180351136866	0.29882832578476	0.165303139470335	0.355296704856813	0.271889812265613	0.0485622702103001	0.842160846948191	0.00115849660289716	0.0123923130058516	0.0571105582264232	0.000378949684546445	0.963284785437964	0.00531932709653088	0.0143113249080653	0.54632406819486	0.39245979840843	0.20231983037305	0.257402060872355	0.293947507567423	0.244097317108536



4	CA.GTGAC	0.490088728027978

Enrichment score matrix

A:	0.00431034482758621	0.00666666666666667	0.19047619047619	-0.0357142857142857	0.0618279569892473	-0.0587121212121212	-0.0166441745389114	0.177715451300357	-0.411560579020424	0.0610146862483311	-0.0869360902255639	-0.2875	0.245304626660559	-0.147664835164835	0.0516270337922403	-0.0399149740198394	-0.00862663906142167	0.0114795918367347	-0.114814814814815
C:	0.00431034482758621	-0.00980392156862745	-0.0753295668549906	0.0860948667966212	-0.0221774193548387	-0.0242857142857143	0.357993586807146	-0.12668743509865	0.413116123642439	-0.0227799227799228	-0.119595864661654	0.148232323232323	-0.015802781289507	0.190057029506571	-0.00748697916666667	0.0438961038961039	0.0106970324361629	0.131377551020408	-0.00476190476190476
G:	-0.0518518518518519	0.00280112044817927	0.0534591194968553	0.0207900207900208	0.0588235294117647	0.039047619047619	-0.0771441202475685	-0.0543090260071392	-0.181935355938925	0.285070785070785	-0.0984214302798374	0.336846020332259	-0.132475083056478	-0.0689571150097466	-0.00366826156299841	-0.0314285714285714	0.0969230769230769	-0.0625	0.05
T:	0.041958041958042	-0.00122549019607843	-0.104132231404959	0.0138095238095238	-0.0534471853257432	0.0428650442477876	-0.24390243902439	0.00110192837465565	0.192234848484848	-0.303721174004193	0.308658215737862	-0.157822960575254	-0.0535714285714286	0.0890899122807018	0.0110677083333333	0.0523504273504274	-0.104153147306944	-0.0778061224489796	0.0732758620689655

Energy matrix for enoLOGOS

A:	-0.039699742982656	-0.0614022691465079	-1.75435054704308	0.328940727570578	-0.569456528374872	0.540758620324359	0.153298512713954	-1.63681979583564	3.79061301646571	-0.561966028036464	0.800710981586275	2.64797285694315	-2.25933910636429	1.36004339283989	-0.47550255362205	0.367630496661307	0.0794542820218787	-0.105730948147686	1.05748352418986
C:	-0.039699742982656	0.0902974546272175	0.693810950807999	-0.792963027476832	0.204261580830117	0.223679694747993	-3.29724278547842	1.16683439811121	-3.80494011189826	0.209810842450423	1.10151862061463	-1.36527015109849	0.145548994500256	-1.75048993184224	0.0689576264828946	-0.404298057886747	-0.0985233097071296	-1.21003196213463	0.0438587636760771
G:	0.477573204472839	-0.0257992727506336	-0.492376686552186	-0.191483167816553	-0.541784727763305	-0.359641862143832	0.710523605176766	0.500204614796259	1.67568655389414	-2.6255989606084	0.906494872774025	-3.10246650020571	1.22014060575598	0.635118500309274	0.0337859375686527	0.289467840262109	-0.892694528360768	0.575646273248511	-0.460517018598809
T:	-0.386447847775225	0.0112871818284022	0.959093294933057	-0.127190414660624	0.492266768774186	-0.394801647581944	2.2464244809698	-0.010149135396117	-1.77054838590072	2.79737539075482	-2.84284722555256	1.45360318541107	0.493411091355867	-0.820548415814764	-0.101937360887757	-0.482165254515847	0.959285937509525	0.716620870778759	-0.674895630705151

Probability matrix

A:	0.249338975315425	0.266371232563684	0.696449092296637	0.136399734583194	0.359730143452649	0.135458400069709	0.0301081979237827	0.727179283105195	0.000442723989760138	0.106706791200656	0.0244693479416638	0.00267410988221816	0.843987743726201	0.0291128235779137	0.348510503284492	0.151874056259455	0.190357614436862	0.201514111929889	0.0715678554878058
C:	0.249338975315425	0.228878483548614	0.0602096839270452	0.418841913753276	0.165941619980051	0.185999411216049	0.948933563335642	0.0440585248323255	0.880724071176611	0.0493189275539576	0.0181127043675536	0.14794781033511	0.0761914972617068	0.653088125224163	0.202190068504358	0.328645661843526	0.227439001247138	0.607991211634326	0.197210322862828
G:	0.148641946423779	0.257054455246148	0.19716103656675	0.229525399119952	0.349912228817295	0.333307359272322	0.0172458648945288	0.0858111235543533	0.00366972861150729	0.840265351394525	0.0220130913701064	0.840549569917406	0.0260146088928201	0.0601056376972767	0.209427973241511	0.164221192941857	0.50323300562817	0.101949968896007	0.32657073459106
T:	0.352680102945372	0.247695828641555	0.046180187209568	0.215232952543578	0.124416007750005	0.34523482944192	0.00371237384604664	0.142951068508127	0.115163476222121	0.00370892985086208	0.935404856320676	0.00882850986526602	0.0538061501192717	0.257693413500646	0.239871454969639	0.355259088955162	0.0789703786878297	0.0885447075397786	0.404651087058306



5	CGTGAC..C	0.489357620596454

Enrichment score matrix

A:	0.0576923076923077	-0.0185758513931889	0.0610367892976589	0.134703196347032	-0.03125	0.0218621399176955	0.102750190985485	-0.216956802063185	0.0960771276595745	-0.0831043956043956	-0.244015957446809	0.312167553191489	-0.180412371134021	0.0211509146341463	-0.0436498445348003	-0.0599226804123711	-0.0560072267389341	-0.0952023988005997	0.032051282051282	0.148745519713262
C:	0.0721153846153846	-0.0783333333333333	-0.129976580796253	-0.0835897435897436	0.0676546391752577	0.47051597051597	-0.172663358147229	0.349013157894737	-0.108828522920204	-0.129032258064516	-0.0342420212765957	-0.125127334465195	0.266276041666667	0.0461128048780488	0.0119830827067669	0.092139175257732	0.00474137931034483	0.126190476190476	0.0289256198347107	0.0433333333333333
G:	-0.125	0.177685950413223	0.0593220338983051	0.018974358974359	0.0328282828282828	-0.239324726911619	0.11849593495935	-0.24192439862543	0.312832446808511	-0.128673835125448	0.428523936170213	-0.113364361702128	-0.0974481658692185	-0.0933191940615058	-0.030734274097106	0.0038659793814433	0.0467372134038801	0.0158730158730159	0.00666666666666667	0.0949820788530466
T:	0.0357142857142857	-0.0523255813953488	-0.0154373927958834	-0.0918478260869565	-0.069909793814433	-0.213311442283405	-0.058130081300813	0.103947368421053	-0.293218085106383	0.349931318681319	-0.148936170212766	-0.0779286926994907	0.009765625	0.0333460365853659	0.0610902255639098	-0.0353535353535354	0.00333333333333333	-0.0424448217317487	-0.0695970695970696	-0.241071428571429

Energy matrix for enoLOGOS

A:	-0.531365790690934	0.171089914030517	-0.562169604644031	-1.2406622875493	0.287823136624256	-0.201357749901743	-0.946364232261877	1.9982459930174	-0.884903047706488	0.765419769923845	2.24747002427876	-2.8751694179806	1.66165934545962	-0.1948071229591	0.402029925349355	0.551908282599088	0.515845621556028	0.87684649718214	-0.295203217050519	-1.36999686536563
C:	-0.664207238363667	0.721476662471468	1.19712854951915	0.769889990067753	-0.623122254547358	-4.3336122389028	1.59028829830441	-3.21452997850879	1.00234773827449	1.18843101573886	0.315380670981897	1.15246534026255	-2.45249297665251	-0.424714628433353	-0.110368270434865	-0.848633165716878	-0.0436697172809216	-1.16225723741604	-0.266414804148071	-0.399114749452301
G:	1.15129254649702	-1.63654808262387	-0.546376123761299	-0.174760304493907	-0.302359658675986	2.20426219428626	-1.09138789367116	2.22820605562585	-2.88129331450452	1.18512981847292	-3.94685130966666	1.04412435732842	0.897530776280295	0.859501540544967	0.283073125519957	-0.0356069859741347	-0.430465643487423	-0.146195878920257	-0.0614022691465079	-0.87481727547444
T:	-0.328940727570578	0.481936414812707	0.142183642105979	0.845949740686943	0.643892996365603	1.96467098866731	0.535397834631136	-0.957390643929103	2.70063836704887	-3.22298655186941	1.37175282135815	0.717749784505445	-0.0899447301950799	-0.30712834700759	-0.56266177084441	0.325618093958754	-0.0307011345732539	0.390931255177257	0.641012699881126	2.2203499111014

Probability matrix

A:	0.317995783975458	0.118968524220637	0.37722689086952	0.62404885304236	0.166905503051143	0.0157423042686521	0.406102139831287	0.00488730976342772	0.117073522195358	0.0177679476022714	0.00199894723434897	0.938800166309554	0.0142630406341292	0.268399522554551	0.155773200356469	0.123291681451051	0.141777779514972	0.0763882045098212	0.316932078913693	0.496081207407148
C:	0.363173097210319	0.0686123266479981	0.0649455148172982	0.083569312539837	0.415039291242445	0.981033018495825	0.0321352054882811	0.897324872327313	0.0177351996629236	0.011639271934663	0.0138005716117029	0.0167260583391449	0.872902567051562	0.337776397839575	0.260030596076273	0.500243205059491	0.248086192865144	0.586945533499979	0.307938188429335	0.187890157229412
G:	0.0591087984672376	0.725235879106506	0.371315965091751	0.214933068934803	0.301150637860644	0.00142010623729007	0.469481251672111	0.00388328691813921	0.861945806390344	0.0116777589590288	0.979401815636474	0.0186399824143165	0.0306244953277546	0.0935193122162549	0.175450667294552	0.221864805146691	0.365246388876604	0.212484845201526	0.250857874300995	0.302342369182694
T:	0.259722320346985	0.0871832700248587	0.186511629221431	0.0774487654829999	0.116904567845769	0.00180457099823279	0.0922814030083208	0.09390453099112	0.00324547175137459	0.958915021504037	0.0047986655174739	0.0258337929369847	0.0822098969865539	0.300304767389619	0.408745536272706	0.154600308342767	0.24488963874328	0.124181416788674	0.124271858355977	0.0136862661807452



