1	CACGTGC	0.492332197956321

Enrichment score matrix

A:	-0.0284552845528455	-0.00998185117967332	0.011437908496732	0.0248474280732345	0.0845959595959596	0.13960231980116	0.00457317073170732	-0.130279034690799	0.464073944890129	-0.430240103828683	0.0990123456790123	-0.208827404479578	-0.114109347442681	-0.0882352941176471	-0.199275362318841	0.108304794520548	-0.00146056475170399	-0.0404929577464789	-0.0489642184557439	-0.0320945945945946
C:	-0.0173160173160173	0.0233494363929147	0.0377142857142857	-0.0463821892393321	-0.119006849315068	-0.108979591836735	-0.102564102564103	0.482380319148936	-0.244062244062244	0.466725323948168	-0.190508021390374	0.0949874686716792	-0.206254272043746	0.246148202494497	0.113948170731707	-0.118570183086312	-0.00998185117967332	-0.0124653739612188	0.0333333333333333	0.0750915750915751
G:	0.0750915750915751	0.0333333333333333	-0.0124653739612188	-0.00998185117967332	-0.118570183086312	0.113948170731707	0.246148202494497	-0.174418604651163	-0.0118217054263566	-0.185472739820566	0.478243481043033	-0.362382054477479	0.486252045826514	-0.102564102564103	-0.108979591836735	-0.119006849315068	-0.0463821892393321	0.0377142857142857	0.0233494363929147	-0.0173160173160173
T:	-0.0320945945945946	-0.0489642184557439	-0.0404929577464789	-0.00146056475170399	0.108304794520548	-0.199275362318841	-0.0882352941176471	-0.207188160676533	-0.252329749103943	0.133251028806584	-0.409592245989305	0.455172973850901	-0.190874914559125	0.00457317073170732	0.13960231980116	0.0845959595959596	0.0248474280732345	0.011437908496732	-0.00998185117967332	-0.0284552845528455

Energy matrix for enoLOGOS

A:	0.262082856113143	0.0919362469072033	-0.10534703039842	-0.228853269922686	-0.779157581972733	-1.28578488208615	-0.0421204590181838	1.19991425283476	-4.27427899020381	3.96265779793654	-0.911937404731469	1.92337147425326	1.05098592957118	0.812677091644957	1.8353939147054	-0.997524021451188	0.0134522984985046	0.37295392351312	0.450977118025199	0.295602140316803
C:	0.159486413367553	-0.215056256672552	-0.34736140831453	0.42719575009166	1.09609358878826	1.00373913441536	0.94465029456166	-4.4428869281042	2.24789633976159	-4.29869909378348	1.75464372059707	-0.87486691753859	1.89967204869707	-2.26710872692444	-1.04950143720308	1.09207174419247	0.0919362469072033	0.114810337046795	-0.307011345732539	-0.691618965661215
G:	-0.691618965661215	-0.307011345732539	0.114810337046795	0.0919362469072033	1.09207174419247	-1.04950143720308	-2.26710872692444	1.60645471604236	0.108881930753982	1.70826706347039	-4.40478524108507	3.3376620664336	-4.47854684863195	0.94465029456166	1.00373913441536	1.09609358878826	0.42719575009166	-0.34736140831453	-0.215056256672552	0.159486413367553
T:	0.295602140316803	0.450977118025199	0.37295392351312	0.0134522984985046	-0.997524021451188	1.8353939147054	0.812677091644957	1.90827348087456	2.32404287522266	-1.22728733022465	3.77248399928369	-4.19229801729142	1.75802293156141	-0.0421204590181838	-1.28578488208615	-0.779157581972733	-0.228853269922686	-0.10534703039842	0.0919362469072033	0.262082856113143

Probability matrix

A:	0.176355034516949	0.219880151553427	0.270559794699867	0.330110385811128	0.391958022610321	0.516802097273993	0.0904852736553393	0.00351604269334252	0.984912180377345	0.000246224654413177	0.0294479880961784	0.00212513672380018	0.00393782626933397	0.0384896573429903	0.0227936323454957	0.487612575731879	0.259076020108148	0.167702599975923	0.153552382230425	0.170541713457154
C:	0.195409166008662	0.298889857460072	0.34464245050285	0.171293435163031	0.0600936139075593	0.0523596362620848	0.033730968495682	0.992410967528921	0.00144828073111943	0.953220223331766	0.00204632288220145	0.0348856138181073	0.00168529857448324	0.837294100505988	0.408044634118427	0.0603357877502406	0.239520158917694	0.21709515482136	0.327677608756076	0.457694086017235
G:	0.457694086017235	0.327677608756076	0.21709515482136	0.239520158917694	0.0603357877502406	0.408044634118427	0.837294100505988	0.00234150915408647	0.0122974455169681	0.0023463942872666	0.96823364620531	0.000516616504114059	0.992435120821291	0.033730968495682	0.0523596362620848	0.0600936139075593	0.171293435163031	0.34464245050285	0.298889857460072	0.195409166008662
T:	0.170541713457154	0.153552382230425	0.167702599975923	0.259076020108148	0.487612575731879	0.0227936323454957	0.0384896573429903	0.00173148062365023	0.00134209337456786	0.0441871577265537	0.000272042816309835	0.962472632953978	0.00194175433489201	0.0904852736553393	0.516802097273993	0.391958022610321	0.330110385811128	0.270559794699867	0.219880151553427	0.176355034516949



2	CACGTG.C	0.491203981016449

Enrichment score matrix

A:	-0.0284552845528455	-0.00998185117967332	0.011437908496732	0.0248474280732345	0.0845959595959596	0.13960231980116	0.00457317073170732	-0.0447101917690153	0.407229965156794	-0.375629867155291	0.0834782608695652	-0.194362745098039	-0.258701298701299	-0.0882352941176471	-0.199275362318841	0.108304794520548	-0.00146056475170399	-0.0404929577464789	-0.0489642184557439	-0.0320945945945946
C:	-0.0173160173160173	0.0233494363929147	0.0377142857142857	-0.0463821892393321	-0.119006849315068	-0.108979591836735	-0.102564102564103	0.485407546383156	-0.250363196125908	0.427685066324347	-0.176704014939309	-0.0105908584169454	-0.143252212389381	0.246148202494497	0.113948170731707	-0.118570183086312	-0.00998185117967332	-0.0124653739612188	0.0333333333333333	0.0750915750915751
G:	0.0750915750915751	0.0333333333333333	-0.0124653739612188	-0.00998185117967332	-0.118570183086312	0.113948170731707	0.246148202494497	-0.245015948963317	-0.00809716599190283	-0.223571749887539	0.433675652545999	-0.283114035087719	0.485928705440901	-0.102564102564103	-0.108979591836735	-0.119006849315068	-0.0463821892393321	0.0377142857142857	0.0233494363929147	-0.0173160173160173
T:	-0.0320945945945946	-0.0489642184557439	-0.0404929577464789	-0.00146056475170399	0.108304794520548	-0.199275362318841	-0.0882352941176471	-0.188966318234611	-0.183066361556064	0.140362511052166	-0.372019793072425	0.460069069717246	-0.13963963963964	0.00457317073170732	0.13960231980116	0.0845959595959596	0.0248474280732345	0.011437908496732	-0.00998185117967332	-0.0284552845528455

Energy matrix for enoLOGOS

A:	0.262082856113143	0.0919362469072033	-0.10534703039842	-0.228853269922686	-0.779157581972733	-1.28578488208615	-0.0421204590181838	0.411796084288959	-3.75072658876208	3.45967893038043	-0.768863196269316	1.79014703798459	2.38272701571124	0.812677091644957	1.8353939147054	-0.997524021451188	0.0134522984985046	0.37295392351312	0.450977118025199	0.295602140316803
C:	0.159486413367553	-0.215056256672552	-0.34736140831453	0.42719575009166	1.09609358878826	1.00373913441536	0.94465029456166	-4.47076872131468	2.30593025293544	-3.93912503285845	1.6275041226858	0.0975454108514758	1.31940163514482	-2.26710872692444	-1.04950143720308	1.09207174419247	0.0919362469072033	0.114810337046795	-0.307011345732539	-0.691618965661215
G:	-0.691618965661215	-0.307011345732539	0.114810337046795	0.0919362469072033	1.09207174419247	-1.04950143720308	-2.26710872692444	2.2566802865149	0.0745776548338152	2.05917191402257	-3.99430037098753	2.6075766272415	-4.47556877362445	0.94465029456166	1.00373913441536	1.09609358878826	0.42719575009166	-0.34736140831453	-0.215056256672552	0.159486413367553
T:	0.295602140316803	0.450977118025199	0.37295392351312	0.0134522984985046	-0.997524021451188	1.8353939147054	0.812677091644957	1.74044410977994	1.68610350059061	-1.29278650225572	3.42642891930918	-4.23739272671428	1.28612861050118	-0.0421204590181838	-1.28578488208615	-0.779157581972733	-0.228853269922686	-0.10534703039842	0.0919362469072033	0.262082856113143

Probability matrix

A:	0.176355034516949	0.219880151553427	0.270559794699867	0.330110385811128	0.391958022610321	0.516802097273993	0.0904852736553393	0.00749672488934047	0.9722828626162	0.000569814933663827	0.0380652390482021	0.00237209265215872	0.00104315135083503	0.0384896573429903	0.0227936323454957	0.487612575731879	0.259076020108148	0.167702599975923	0.153552382230425	0.170541713457154
C:	0.195409166008662	0.298889857460072	0.34464245050285	0.171293435163031	0.0600936139075593	0.0523596362620848	0.033730968495682	0.989333069905935	0.00227729863507964	0.931094070484367	0.00346576776668282	0.0128889991474993	0.00302095092338481	0.837294100505988	0.408044634118427	0.0603357877502406	0.239520158917694	0.21709515482136	0.327677608756076	0.457694086017235
G:	0.457694086017235	0.327677608756076	0.21709515482136	0.239520158917694	0.0603357877502406	0.408044634118427	0.837294100505988	0.0011848095466243	0.0212072378080249	0.00231188536669669	0.957895489324545	0.00104743356868947	0.992812739687177	0.033730968495682	0.0523596362620848	0.0600936139075593	0.171293435163031	0.34464245050285	0.298889857460072	0.195409166008662
T:	0.170541713457154	0.153552382230425	0.167702599975923	0.259076020108148	0.487612575731879	0.0227936323454957	0.0384896573429903	0.0019853956581006	0.00423260094069584	0.0660242292152729	0.000573503860569954	0.983691474631653	0.00312315803860306	0.0904852736553393	0.516802097273993	0.391958022610321	0.330110385811128	0.270559794699867	0.219880151553427	0.176355034516949



3	A..CACGTG	0.491195236559635

Enrichment score matrix

A:	-0.0284552845528455	-0.00998185117967332	0.011437908496732	0.0248474280732345	0.0845959595959596	0.13960231980116	0.00457317073170732	-0.0248724489795918	0.439719778429456	-0.417410714285714	0.138174019607843	-0.201948924731183	-0.185567010309278	-0.0882352941176471	-0.199275362318841	0.108304794520548	-0.00146056475170399	-0.0404929577464789	-0.0489642184557439	-0.0320945945945946
C:	-0.0173160173160173	0.0233494363929147	0.0377142857142857	-0.0463821892393321	-0.119006849315068	-0.108979591836735	-0.102564102564103	0.491252733520775	-0.293887945670628	0.450952827241487	-0.192407950472467	0.00100806451612903	-0.209085051546392	0.246148202494497	0.113948170731707	-0.118570183086312	-0.00998185117967332	-0.0124653739612188	0.0333333333333333	0.0750915750915751
G:	0.0750915750915751	0.0333333333333333	-0.0124653739612188	-0.00998185117967332	-0.118570183086312	0.113948170731707	0.246148202494497	-0.259566326530612	0.032427843803056	-0.144451530612245	0.463448922211809	-0.252960526315789	0.492424242424242	-0.102564102564103	-0.108979591836735	-0.119006849315068	-0.0463821892393321	0.0377142857142857	0.0233494363929147	-0.0173160173160173
T:	-0.0320945945945946	-0.0489642184557439	-0.0404929577464789	-0.00146056475170399	0.108304794520548	-0.199275362318841	-0.0882352941176471	-0.212589815682599	-0.196774193548387	0.0995001562011871	-0.428571428571429	0.440683430045132	-0.107925257731959	0.00457317073170732	0.13960231980116	0.0845959595959596	0.0248474280732345	0.011437908496732	-0.00998185117967332	-0.0284552845528455

Energy matrix for enoLOGOS

A:	0.262082856113143	0.0919362469072033	-0.10534703039842	-0.228853269922686	-0.779157581972733	-1.28578488208615	-0.0421204590181838	0.229083720986653	-4.04996882762524	3.84449475348113	-1.27262975115235	1.86001833452879	1.70913532675847	0.812677091644957	1.8353939147054	-0.997524021451188	0.0134522984985046	0.37295392351312	0.450977118025199	0.295602140316803
C:	0.159486413367553	-0.215056256672552	-0.34736140831453	0.42719575009166	1.09609358878826	1.00373913441536	0.94465029456166	-4.52460488439005	2.70680801084733	-4.15342903059907	1.77214271412575	-0.00928461731045986	1.92574449143445	-2.26710872692444	-1.04950143720308	1.09207174419247	0.0919362469072033	0.114810337046795	-0.307011345732539	-0.691618965661215
G:	-0.691618965661215	-0.307011345732539	0.114810337046795	0.0919362469072033	1.09207174419247	-1.04950143720308	-2.26710872692444	2.39069421645045	-0.298671478955425	1.33044776419171	-4.26852231859627	2.32985254804266	-4.53539488013979	0.94465029456166	1.00373913441536	1.09609358878826	0.42719575009166	-0.34736140831453	-0.215056256672552	0.159486413367553
T:	0.295602140316803	0.450977118025199	0.37295392351312	0.0134522984985046	-0.997524021451188	1.8353939147054	0.812677091644957	1.95802456205242	1.81235729900177	-0.91643030567773	3.94728873084694	-4.05884438700562	0.994028358444595	-0.0421204590181838	-1.28578488208615	-0.779157581972733	-0.228853269922686	-0.10534703039842	0.0919362469072033	0.262082856113143

Probability matrix

A:	0.176355034516949	0.219880151553427	0.270559794699867	0.330110385811128	0.391958022610321	0.516802097273993	0.0904852736553393	0.00852485642060531	0.973240891997327	0.000322062841171898	0.0474919026416656	0.00263090529703723	0.00192664571308228	0.0384896573429903	0.0227936323454957	0.487612575731879	0.259076020108148	0.167702599975923	0.153552382230425	0.170541713457154
C:	0.195409166008662	0.298889857460072	0.34464245050285	0.171293435163031	0.0600936139075593	0.0523596362620848	0.033730968495682	0.988980669812049	0.00113185150249677	0.958064583399286	0.00226095380198603	0.0170581988344588	0.00155142110638763	0.837294100505988	0.408044634118427	0.0603357877502406	0.239520158917694	0.21709515482136	0.327677608756076	0.457694086017235
G:	0.457694086017235	0.327677608756076	0.21709515482136	0.239520158917694	0.0603357877502406	0.408044634118427	0.837294100505988	0.000981548046260348	0.0228587569315063	0.00397903129211231	0.949990318272893	0.00164459440721341	0.992583088363362	0.033730968495682	0.0523596362620848	0.0600936139075593	0.171293435163031	0.34464245050285	0.298889857460072	0.195409166008662
T:	0.170541713457154	0.153552382230425	0.167702599975923	0.259076020108148	0.487612575731879	0.0227936323454957	0.0384896573429903	0.0015129257210854	0.00276849956866958	0.0376343224674296	0.000256825283454715	0.978666301461291	0.00393884481716828	0.0904852736553393	0.516802097273993	0.391958022610321	0.330110385811128	0.270559794699867	0.219880151553427	0.176355034516949



4	CGTGAC..C	0.491126134426683

Enrichment score matrix

A:	0.0865384615384615	-0.0103338632750397	0.120630861040068	0.141946150212565	-0.000651041666666667	0.00623052959501558	0.119826566811194	-0.260154738878143	0.125672043010753	-0.138194444444444	-0.279905913978495	0.274601063829787	-0.153989813242784	0.0413385826771654	-0.0334794253713173	-0.0324243431992019	-0.0477823502514861	-0.0835240274599542	-0.00986842105263158	0.196296296296296
C:	-0.00961538461538462	-0.1	-0.173392181588903	-0.0516883116883117	0.0134685733288992	0.425394144144144	-0.19469405220368	0.35	-0.109473684210526	-0.134057971014493	-0.0223061084420041	-0.115619694397284	0.33311170212766	0.0692992644212156	0.019377990430622	0.091796875	-0.00152771715408119	0.110833333333333	-0.0227272727272727	0
G:	-0.125	0.172727272727273	0.0237068965517241	0.0168831168831169	0.0556618819776715	-0.184210526315789	0.197314049586777	-0.179725085910653	0.323924731182796	-0.104004449388209	0.399529569892473	-0.117021276595745	-0.212054329371817	-0.10655737704918	-0.0517067003792668	0.0247395833333333	0.0290352080475537	0.0304659498207885	0.0418803418803419	0.177777777777778
T:	0.101190476190476	-0.0218253968253968	-0.0227272727272727	-0.128508530544854	-0.0693359375	-0.203977562468129	-0.134917355371901	0.0875	-0.333333333333333	0.378819444444444	-0.10383064516129	-0.0453310696095076	0.0252659574468085	0.00329074719318622	0.0624401913875598	-0.0830940988835726	0.0214457831325301	-0.049611734253667	-0.0159474671669794	-0.311728395061728

Energy matrix for enoLOGOS

A:	-0.7970486860364	0.0951783981205806	-1.11105128954359	-1.30737235794938	0.00599631534633866	-0.0573852982677644	-1.10364346593644	2.39611369445028	-1.15748229137066	1.27281787084949	2.57802873987102	-2.5291692643791	1.41829859378309	-0.380742416951771	0.308356903128007	0.29863923720242	0.440091709589168	0.769284722144464	0.0908915168287123	-1.80795570264718
C:	0.0885609651151556	0.921034037197618	1.5970010102733	0.476066943902146	-0.124050144684082	-3.91802485981307	1.79319848919519	-3.22361913019166	1.00828989335318	1.23471954262	0.205446851125069	1.06489673910285	-3.06807215848409	-0.638269812846975	-0.178477887590926	-0.845480463833751	0.0140707949811945	-1.02081272456069	0.209325917544913	0
G:	1.15129254649702	-1.59087697334134	-0.218348586404608	-0.155499253033364	-0.512664878759121	1.6966416474693	-1.8173295568672	1.65532921461977	-2.98345702909444	0.957916379065376	-3.67980332737893	1.07780578820998	1.95309255086558	0.981429711767954	0.476236310004837	-0.227859983160869	-0.267424148889112	-0.280601767605009	-0.385732203612678	-1.63739384390688
T:	-0.931998728116638	0.201019333515353	0.209325917544913	1.1836073070206	0.638607584385067	1.8787027785775	1.24263476506208	-0.805904782547916	3.07011345732539	-3.48905602285626	0.956315582977366	0.417514580529311	-0.232708067908973	-0.0303089017273703	-0.575095415570762	0.76532493362035	-0.197522962194188	0.456940958920302	0.146881600678795	2.87112462212838

Probability matrix

A:	0.370445486778485	0.129272907784996	0.573641696486851	0.638189722676398	0.229892381407621	0.0204863203023458	0.31324154094629	0.00329494327737811	0.136275190433632	0.00830745159468545	0.00185572596431149	0.903233272865311	0.0104606228137389	0.307293884815564	0.169725953368406	0.154804787070486	0.154989255728432	0.0891743473215249	0.224997902233651	0.495916741192832
C:	0.152794922819328	0.0566034589116164	0.0382426995051911	0.107253619796342	0.26182013294586	0.973012493822274	0.0172900749423333	0.908797027979023	0.0156254987583458	0.00863005797362877	0.0199027490154516	0.0248265798539725	0.928888538522562	0.397554473561732	0.276170903048422	0.48603691895418	0.237312232608653	0.534157563861585	0.199867905939463	0.0813249086826373
G:	0.0527922852409714	0.697833897603293	0.23493344849078	0.201696179884318	0.3861679917606	0.00354568161074709	0.639483411048968	0.00691140836765199	0.846111407336119	0.0113822415984019	0.968848295820678	0.0245081520376175	0.00612772798268276	0.0786991567398252	0.143495789087493	0.262083748977434	0.314464645574448	0.254800249244224	0.362387760156677	0.418152497855179
T:	0.423967305161216	0.116289735700095	0.153182155517178	0.0528604776429411	0.122119493885919	0.00295550426463272	0.0299849730624081	0.0809966203759464	0.00198790347190337	0.971680248833284	0.0093932291995586	0.0474319952430993	0.0545231106810165	0.216452484882879	0.41060735449568	0.0970745449978993	0.293233866088467	0.121867839572667	0.212746431670209	0.00460585226935201



5	CACGTG..A	0.490985050905238

Enrichment score matrix

A:	-0.0284552845528455	-0.00998185117967332	0.011437908496732	0.0248474280732345	0.0845959595959596	0.13960231980116	0.00457317073170732	-0.0977393617021277	0.450747282608696	-0.3662109375	0.0752688172043011	-0.20414402173913	-0.181183510638298	-0.0882352941176471	-0.199275362318841	0.108304794520548	-0.00146056475170399	-0.0404929577464789	-0.0489642184557439	-0.0320945945945946
C:	-0.0173160173160173	0.0233494363929147	0.0377142857142857	-0.0463821892393321	-0.119006849315068	-0.108979591836735	-0.102564102564103	0.476063829787234	-0.260044642857143	0.427408854166667	-0.201346801346801	-0.0230662504335761	-0.230390492359932	0.246148202494497	0.113948170731707	-0.118570183086312	-0.00998185117967332	-0.0124653739612188	0.0333333333333333	0.0750915750915751
G:	0.0750915750915751	0.0333333333333333	-0.0124653739612188	-0.00998185117967332	-0.118570183086312	0.113948170731707	0.246148202494497	-0.128324468085106	-0.0195976413458203	-0.226970402394413	0.461340206185567	-0.253176043557169	0.492021276595745	-0.102564102564103	-0.108979591836735	-0.119006849315068	-0.0463821892393321	0.0377142857142857	0.0233494363929147	-0.0173160173160173
T:	-0.0320945945945946	-0.0489642184557439	-0.0404929577464789	-0.00146056475170399	0.108304794520548	-0.199275362318841	-0.0882352941176471	-0.234125636672326	-0.19030969030969	0.157735247208931	-0.357472021066491	0.463654891304348	-0.0870967741935484	0.00457317073170732	0.13960231980116	0.0845959595959596	0.0248474280732345	0.011437908496732	-0.00998185117967332	-0.0284552845528455

Energy matrix for enoLOGOS

A:	0.262082856113143	0.0919362469072033	-0.10534703039842	-0.228853269922686	-0.779157581972733	-1.28578488208615	-0.0421204590181838	0.900212789016289	-4.15153589456943	3.3729273823155	-0.69325142584767	1.8802359251215	1.66876180276829	0.812677091644957	1.8353939147054	-0.997524021451188	0.0134522984985046	0.37295392351312	0.450977118025199	0.295602140316803
C:	0.159486413367553	-0.215056256672552	-0.34736140831453	0.42719575009166	1.09609358878826	1.00373913441536	0.94465029456166	-4.38470991112696	2.39509967262327	-3.93658102487133	1.85447257321271	0.212448017598479	2.12197485310215	-2.26710872692444	-1.04950143720308	1.09207174419247	0.0919362469072033	0.114810337046795	-0.307011345732539	-0.691618965661215
G:	-0.691618965661215	-0.307011345732539	0.114810337046795	0.0919362469072033	1.09207174419247	-1.04950143720308	-2.26710872692444	1.18191202911662	0.180500947282919	2.09047466041694	-4.24910032624674	2.33183753519179	-4.53168342770105	0.94465029456166	1.00373913441536	1.09609358878826	0.42719575009166	-0.34736140831453	-0.215056256672552	0.159486413367553
T:	0.295602140316803	0.450977118025199	0.37295392351312	0.0134522984985046	-0.997524021451188	1.8353939147054	0.812677091644957	2.15637680355775	1.75281702383763	-1.45279531545206	3.29243898748062	-4.27041936404466	0.802190935623732	-0.0421204590181838	-1.28578488208615	-0.779157581972733	-0.228853269922686	-0.10534703039842	0.0919362469072033	0.262082856113143

Probability matrix

A:	0.176355034516949	0.219880151553427	0.270559794699867	0.330110385811128	0.391958022610321	0.516802097273993	0.0904852736553393	0.00501559415002805	0.982991073510455	0.000615868076423793	0.0276898065341121	0.0021010095186894	0.00201214207265392	0.0384896573429903	0.0227936323454957	0.487612575731879	0.259076020108148	0.167702599975923	0.153552382230425	0.170541713457154
C:	0.195409166008662	0.298889857460072	0.34464245050285	0.171293435163031	0.0600936139075593	0.0523596362620848	0.033730968495682	0.989771975797042	0.00141052852142926	0.920379336323675	0.00216699269439102	0.0111362534174343	0.00127888270760432	0.837294100505988	0.408044634118427	0.0603357877502406	0.239520158917694	0.21709515482136	0.327677608756076	0.457694086017235
G:	0.457694086017235	0.327677608756076	0.21709515482136	0.239520158917694	0.0603357877502406	0.408044634118427	0.837294100505988	0.00378426866478946	0.0129172444454225	0.00222049517289216	0.969628734901941	0.00133751891578918	0.991922612714116	0.033730968495682	0.0523596362620848	0.0600936139075593	0.171293435163031	0.34464245050285	0.298889857460072	0.195409166008662
T:	0.170541713457154	0.153552382230425	0.167702599975923	0.259076020108148	0.487612575731879	0.0227936323454957	0.0384896573429903	0.00142816138814074	0.00268115352269362	0.0767843004270088	0.000514465869555976	0.985425218148087	0.0047863625056262	0.0904852736553393	0.516802097273993	0.391958022610321	0.330110385811128	0.270559794699867	0.219880151553427	0.176355034516949



