1	CACGTGC	0.487446712923676

Enrichment score matrix

A:	0.0203252032520325	-0.101724137931034	-0.110305958132045	-0.0113978494623656	-0.0907015359070154	-0.0344064386317907	0.148030018761726	-0.0461915535444947	0.313527071440927	-0.381894873458793	0.168822553897181	-0.22324306898775	-0.140917107583774	-0.382352941176471	-0.153968253968254	0.0603985056039851	-0.0293014533520863	0.0266203703703704	0.0157407407407407	-0.153716216216216
C:	0.125541125541126	0.00197628458498024	0.109014084507042	0.0228937728937729	-0.0532094594594595	-0.0234126984126984	-0.116287878787879	0.410405585106383	-0.223883572567783	0.319388897776356	-0.184678522571819	0.0912106135986733	-0.158578263841422	0.198882077172737	0.107879924953096	-0.0273118279569892	0.0324675324675325	-0.0223684210526316	0.0949855351976856	0.0421245421245421
G:	0.0421245421245421	0.0949855351976856	-0.0223684210526316	0.0324675324675325	-0.0273118279569892	0.107879924953096	0.198882077172737	-0.204583754634311	0.183653846153846	-0.179434092477571	0.344455190199871	-0.228172499116296	0.433715220949264	-0.116287878787879	-0.0234126984126984	-0.0532094594594595	0.0228937728937729	0.109014084507042	0.00197628458498024	0.125541125541126
T:	-0.153716216216216	0.0157407407407407	0.0266203703703704	-0.0293014533520863	0.0603985056039851	-0.153968253968254	-0.382352941176471	-0.177942212825934	-0.292355555555556	0.230041152263374	-0.349326599326599	0.352514506769826	-0.157723855092276	0.148030018761726	-0.0344064386317907	-0.0907015359070154	-0.0113978494623656	-0.110305958132045	-0.101724137931034	0.0203252032520325

Energy matrix for enoLOGOS

A:	-0.187202040080817	0.936913934390681	1.01595541945309	0.104978073056933	0.835392017964631	0.316895010786303	-1.36340685806552	0.425439930455159	-2.88769104379983	3.51738177086826	-1.55491318385933	2.05614465106174	1.29789452508095	3.52160073046148	1.41810002552649	-0.556290794571413	0.269876358766297	-0.245182671939181	-0.144977579929255	1.41577867204364
C:	-1.15627649691476	-0.0182022536995577	-1.00405682364923	-0.21085944075037	0.490077232630489	0.215638921407379	1.07105094477147	-3.77997512938983	2.06204390704331	-2.94168045955054	1.70095205228014	-0.840080796780581	1.46055978557654	-1.83177162464654	-0.993610828121258	0.251551231664726	-0.299037025064162	0.206020771478415	-0.874849109585009	-0.387981370980682
G:	-0.387981370980682	-0.874849109585009	0.206020771478415	-0.299037025064162	0.251551231664726	-0.993610828121258	-1.83177162464654	1.88428601475886	-1.69151443369947	1.65264906605508	-3.17254954463461	2.10154638038552	-3.99466480944957	1.07105094477147	0.215638921407379	0.490077232630489	-0.21085944075037	-1.00405682364923	-0.0182022536995577	-1.15627649691476
T:	1.41577867204364	-0.144977579929255	-0.245182671939181	0.269876358766297	-0.556290794571413	1.41810002552649	3.52160073046148	1.63890834666948	2.69269417630486	-2.11875731190728	3.21741688078293	-3.2467785934094	1.45269039018011	-1.36340685806552	0.316895010786303	0.835392017964631	0.104978073056933	1.01595541945309	0.936913934390681	-0.187202040080817

Probability matrix

A:	0.197661479602711	0.0789237503887877	0.0698537957591863	0.211989538307547	0.1215516132865	0.162678889025123	0.371390416317263	0.0145819167166153	0.761496078845255	0.00107957042325463	0.164253000709361	0.00452520243030711	0.00496134693038847	0.00280736481713378	0.0540858845127518	0.488833424293936	0.179762878387267	0.246544503112194	0.23284516755473	0.0397883898089409
C:	0.520937631486656	0.205120659622259	0.52658705730216	0.290724022141323	0.171683687681713	0.180013948794549	0.0325506078081274	0.977694490987358	0.00539541798581852	0.689264740650639	0.00633153492027407	0.0819318463804826	0.00421652783695854	0.593251611057476	0.603221277667576	0.217931274737851	0.317523561163864	0.157014643826459	0.483110422434224	0.241612499101692
G:	0.241612499101692	0.483110422434224	0.157014643826459	0.317523561163864	0.217931274737851	0.603221277667576	0.593251611057476	0.00339035994994814	0.230236815764001	0.00696777473536019	0.82802577831565	0.00432434456314944	0.986572284968527	0.0325506078081274	0.180013948794549	0.171683687681713	0.290724022141323	0.52658705730216	0.205120659622259	0.520937631486656
T:	0.0397883898089409	0.23284516755473	0.246544503112194	0.179762878387267	0.488833424293936	0.0540858845127518	0.00280736481713378	0.00433323234607854	0.0028716874049256	0.302687914190747	0.00138968605471419	0.909218606626061	0.00424984026412565	0.371390416317263	0.162678889025123	0.1215516132865	0.211989538307547	0.0698537957591863	0.0789237503887877	0.197661479602711



2	CACGTG..A	0.48599761270774

Enrichment score matrix

A:	0.0203252032520325	-0.101724137931034	-0.110305958132045	-0.0113978494623656	-0.0907015359070154	-0.0344064386317907	0.148030018761726	-0.0940789473684211	0.337201805286912	-0.304768041237113	0.151891252955083	-0.24501329787234	-0.161184210526316	-0.382352941176471	-0.153968253968254	0.0603985056039851	-0.0293014533520863	0.0266203703703704	0.0157407407407407	-0.153716216216216
C:	0.125541125541126	0.00197628458498024	0.109014084507042	0.0228937728937729	-0.0532094594594595	-0.0234126984126984	-0.116287878787879	0.401353965183752	-0.201718213058419	0.314709595959596	-0.189333333333333	0.0843803056027165	-0.199260752688172	0.198882077172737	0.107879924953096	-0.0273118279569892	0.0324675324675325	-0.0223684210526316	0.0949855351976856	0.0421245421245421
G:	0.0421245421245421	0.0949855351976856	-0.0223684210526316	0.0324675324675325	-0.0273118279569892	0.107879924953096	0.198882077172737	-0.099671052631579	0.138440860215054	-0.194535878867676	0.325679475164011	-0.1875	0.369439071566731	-0.116287878787879	-0.0234126984126984	-0.0532094594594595	0.0228937728937729	0.109014084507042	0.00197628458498024	0.125541125541126
T:	-0.153716216216216	0.0157407407407407	0.0266203703703704	-0.0293014533520863	0.0603985056039851	-0.153968253968254	-0.382352941176471	-0.202284946236559	-0.280786589297228	0.170454545454545	-0.322091886608016	0.335125448028674	-0.0211693548387097	0.148030018761726	-0.0344064386317907	-0.0907015359070154	-0.0113978494623656	-0.110305958132045	-0.101724137931034	0.0203252032520325

Energy matrix for enoLOGOS

A:	-0.187202040080817	0.936913934390681	1.01595541945309	0.104978073056933	0.835392017964631	0.316895010786303	-1.36340685806552	0.866499127100391	-3.10574340073729	2.80701739429429	-1.39897013924225	2.25665586906464	1.48456144153563	3.52160073046148	1.41810002552649	-0.556290794571413	0.269876358766297	-0.245182671939181	-0.144977579929255	1.41577867204364
C:	-1.15627649691476	-0.0182022536995577	-1.00405682364923	-0.21085944075037	0.490077232630489	0.215638921407379	1.07105094477147	-3.69660662898464	1.85789340149485	-2.89858249711498	1.74382444376082	-0.777171335292388	1.83525935503423	-1.83177162464654	-0.993610828121258	0.251551231664726	-0.299037025064162	0.206020771478415	-0.874849109585009	-0.387981370980682
G:	-0.387981370980682	-0.874849109585009	0.206020771478415	-0.299037025064162	0.251551231664726	-0.993610828121258	-1.83177162464654	0.918004319969995	-1.27508744396982	1.79174165893283	-2.99961881842711	1.72693881974553	-3.40265959583646	1.07105094477147	0.215638921407379	0.490077232630489	-0.21085944075037	-1.00405682364923	-0.0182022536995577	-1.15627649691476
T:	1.41577867204364	-0.144977579929255	-0.245182671939181	0.269876358766297	-0.556290794571413	1.41810002552649	3.52160073046148	1.86311320696561	2.58614005931375	-1.56994438158685	2.96657590671178	-3.0866194436551	0.194976963519657	-1.36340685806552	0.316895010786303	0.835392017964631	0.104978073056933	1.01595541945309	0.936913934390681	-0.187202040080817

Probability matrix

A:	0.197661479602711	0.0789237503887877	0.0698537957591863	0.211989538307547	0.1215516132865	0.162678889025123	0.371390416317263	0.0101833277874137	0.854212361266033	0.00260483360710154	0.166330786055857	0.00429789902278026	0.0072505754330467	0.00280736481713378	0.0540858845127518	0.488833424293936	0.179762878387267	0.246544503112194	0.23284516755473	0.0397883898089409
C:	0.520937631486656	0.205120659622259	0.52658705730216	0.290724022141323	0.171683687681713	0.180013948794549	0.0325506078081274	0.976385617644175	0.00596878284006312	0.782871593949838	0.0071791709489238	0.0892957155260321	0.005105829480188	0.593251611057476	0.603221277667576	0.217931274737851	0.317523561163864	0.157014643826459	0.483110422434224	0.241612499101692
G:	0.241612499101692	0.483110422434224	0.157014643826459	0.317523561163864	0.217931274737851	0.603221277667576	0.593251611057476	0.00967211167510189	0.136937398028277	0.0071896646831919	0.824376358889316	0.0072997737407897	0.961314744621569	0.0325506078081274	0.180013948794549	0.171683687681713	0.290724022141323	0.52658705730216	0.205120659622259	0.520937631486656
T:	0.0397883898089409	0.23284516755473	0.246544503112194	0.179762878387267	0.488833424293936	0.0540858845127518	0.00280736481713378	0.00375894289330956	0.00288145786562729	0.207333907759868	0.00211368410590242	0.899106611710398	0.0263288504651963	0.371390416317263	0.162678889025123	0.1215516132865	0.211989538307547	0.0698537957591863	0.0789237503887877	0.197661479602711



3	CACGTG.C	0.483409863164662

Enrichment score matrix

A:	0.0203252032520325	-0.101724137931034	-0.110305958132045	-0.0113978494623656	-0.0907015359070154	-0.0344064386317907	0.148030018761726	0.00769230769230769	0.313080077703432	-0.379294548786074	0.120434782608696	-0.25906862745098	-0.215656565656566	-0.382352941176471	-0.153968253968254	0.0603985056039851	-0.0293014533520863	0.0266203703703704	0.0157407407407407	-0.153716216216216
C:	0.125541125541126	0.00197628458498024	0.109014084507042	0.0228937728937729	-0.0532094594594595	-0.0234126984126984	-0.116287878787879	0.412773873501447	-0.232815442561205	0.330551989730424	-0.189775910364146	0.144147157190635	-0.178453947368421	0.198882077172737	0.107879924953096	-0.0273118279569892	0.0324675324675325	-0.0223684210526316	0.0949855351976856	0.0421245421245421
G:	0.0421245421245421	0.0949855351976856	-0.0223684210526316	0.0324675324675325	-0.0273118279569892	0.107879924953096	0.198882077172737	-0.232608695652174	0.16577480490524	-0.158119658119658	0.342319212665811	-0.252631578947368	0.373867595818815	-0.116287878787879	-0.0234126984126984	-0.0532094594594595	0.0228937728937729	0.109014084507042	0.00197628458498024	0.125541125541126
T:	-0.153716216216216	0.0157407407407407	0.0266203703703704	-0.0293014533520863	0.0603985056039851	-0.153968253968254	-0.382352941176471	-0.177280939476061	-0.273366606170599	0.179929266136163	-0.301619433198381	0.337254478739478	-0.0259112323332507	0.148030018761726	-0.0344064386317907	-0.0907015359070154	-0.0113978494623656	-0.110305958132045	-0.101724137931034	0.0203252032520325

Energy matrix for enoLOGOS

A:	-0.187202040080817	0.936913934390681	1.01595541945309	0.104978073056933	0.835392017964631	0.316895010786303	-1.36340685806552	-0.0708487720921245	-2.88357407933336	3.49343189555487	-1.10924534045104	2.38611023852422	1.9862703731484	3.52160073046148	1.41810002552649	-0.556290794571413	0.269876358766297	-0.245182671939181	-0.144977579929255	1.41577867204364
C:	-1.15627649691476	-0.0182022536995577	-1.00405682364923	-0.21085944075037	0.490077232630489	0.215638921407379	1.07105094477147	-3.80178787160737	2.14430946984097	-3.04449633605118	1.74790072885542	-1.32764438137851	1.64362159598588	-1.83177162464654	-0.993610828121258	0.251551231664726	-0.299037025064162	0.206020771478415	-0.874849109585009	-0.387981370980682
G:	-0.387981370980682	-0.874849109585009	0.206020771478415	-0.299037025064162	0.251551231664726	-0.993610828121258	-1.83177162464654	2.14240526043794	-1.5268423782752	1.45633587078256	-3.15287646451902	2.32682283081504	-3.44344781154371	1.07105094477147	0.215638921407379	0.490077232630489	-0.21085944075037	-1.00405682364923	-0.0182022536995577	-1.15627649691476
T:	1.41577867204364	-0.144977579929255	-0.245182671939181	0.269876358766297	-0.556290794571413	1.41810002552649	3.52160073046148	1.63281779403823	2.51779948916318	-1.65720978399395	2.77801764255962	-3.10622854116399	0.238651269246593	-1.36340685806552	0.316895010786303	0.835392017964631	0.104978073056933	1.01595541945309	0.936913934390681	-0.187202040080817

Probability matrix

A:	0.197661479602711	0.0789237503887877	0.0698537957591863	0.211989538307547	0.1215516132865	0.162678889025123	0.371390416317263	0.0232506087547447	0.788292880148629	0.00114670445408319	0.113681328040808	0.00349781185310558	0.00423308105727393	0.00280736481713378	0.0540858845127518	0.488833424293936	0.179762878387267	0.246544503112194	0.23284516755473	0.0397883898089409
C:	0.520937631486656	0.205120659622259	0.52658705730216	0.290724022141323	0.171683687681713	0.180013948794549	0.0325506078081274	0.96997511274621	0.00516541861115093	0.79220513563913	0.0065289954589695	0.143436468373488	0.00596303087215481	0.593251611057476	0.603221277667576	0.217931274737851	0.317523561163864	0.157014643826459	0.483110422434224	0.241612499101692
G:	0.241612499101692	0.483110422434224	0.157014643826459	0.317523561163864	0.217931274737851	0.603221277667576	0.593251611057476	0.00254232059029142	0.202986199721021	0.00879328323317615	0.877459052173699	0.00371145875912707	0.965502117415576	0.0325506078081274	0.180013948794549	0.171683687681713	0.290724022141323	0.52658705730216	0.205120659622259	0.520937631486656
T:	0.0397883898089409	0.23284516755473	0.246544503112194	0.179762878387267	0.488833424293936	0.0540858845127518	0.00280736481713378	0.0042319579087543	0.00355550151919885	0.197854876673611	0.00233062432652431	0.849354261014279	0.0243017706549953	0.371390416317263	0.162678889025123	0.1215516132865	0.211989538307547	0.0698537957591863	0.0789237503887877	0.197661479602711



4	ACACGTG	0.48297823491597

Enrichment score matrix

A:	0.0203252032520325	-0.101724137931034	-0.110305958132045	-0.0113978494623656	-0.0907015359070154	-0.0344064386317907	0.148030018761726	0.00780952380952381	0.401791495791064	-0.409280303030303	0.146608695652174	-0.270432692307692	-0.246303053581717	-0.382352941176471	-0.153968253968254	0.0603985056039851	-0.0293014533520863	0.0266203703703704	0.0157407407407407	-0.153716216216216
C:	0.125541125541126	0.00197628458498024	0.109014084507042	0.0228937728937729	-0.0532094594594595	-0.0234126984126984	-0.116287878787879	0.447928765001936	-0.219956140350877	0.373289708506841	-0.167729831144465	0.192896174863388	-0.170087976539589	0.198882077172737	0.107879924953096	-0.0273118279569892	0.0324675324675325	-0.0223684210526316	0.0949855351976856	0.0421245421245421
G:	0.0421245421245421	0.0949855351976856	-0.0223684210526316	0.0324675324675325	-0.0273118279569892	0.107879924953096	0.198882077172737	-0.219238095238095	0.130474691843693	-0.135831381733021	0.374859287054409	-0.288	0.413769925100826	-0.116287878787879	-0.0234126984126984	-0.0532094594594595	0.0228937728937729	0.109014084507042	0.00197628458498024	0.125541125541126
T:	-0.153716216216216	0.0157407407407407	0.0266203703703704	-0.0293014533520863	0.0603985056039851	-0.153968253968254	-0.382352941176471	-0.229333333333333	-0.288265306122449	0.207384549904235	-0.35374273255814	0.349012775842044	0.0105820105820106	0.148030018761726	-0.0344064386317907	-0.0907015359070154	-0.0113978494623656	-0.110305958132045	-0.101724137931034	0.0203252032520325

Energy matrix for enoLOGOS

A:	-0.187202040080817	0.936913934390681	1.01595541945309	0.104978073056933	0.835392017964631	0.316895010786303	-1.36340685806552	-0.0719283724287664	-3.70063643480114	3.76961089845465	-1.35031598844799	2.49077714386375	2.2685349581447	3.52160073046148	1.41810002552649	-0.556290794571413	0.269876358766297	-0.245182671939181	-0.144977579929255	1.41577867204364
C:	-1.15627649691476	-0.0182022536995577	-1.00405682364923	-0.21085944075037	0.490077232630489	0.215638921407379	1.07105094477147	-4.12557638806676	2.02587091953774	-3.43812527270378	1.54484883537462	-1.77663942694404	1.56656815711032	-1.83177162464654	-0.993610828121258	0.251551231664726	-0.299037025064162	0.206020771478415	-0.874849109585009	-0.387981370980682
G:	-0.387981370980682	-0.874849109585009	0.206020771478415	-0.299037025064162	0.251551231664726	-0.993610828121258	-1.83177162464654	2.01925747964659	-1.20171632180911	1.25105325895695	-3.45258162536743	2.65257802712914	-3.8109618458657	1.07105094477147	0.215638921407379	0.490077232630489	-0.21085944075037	-1.00405682364923	-0.0182022536995577	-1.15627649691476
T:	1.41577867204364	-0.144977579929255	-0.245182671939181	0.269876358766297	-0.556290794571413	1.41810002552649	3.52160073046148	2.11223805863987	2.65502158681967	-1.91008229250708	3.25809097097341	-3.21452645967345	-0.0974639192801712	-1.36340685806552	0.316895010786303	0.835392017964631	0.104978073056933	1.01595541945309	0.936913934390681	-0.187202040080817

Probability matrix

A:	0.197661479602711	0.0789237503887877	0.0698537957591863	0.211989538307547	0.1215516132865	0.162678889025123	0.371390416317263	0.0169942771488958	0.919820177567641	0.000603827081814724	0.108108691787308	0.00267634146637189	0.00221984584185174	0.00280736481713378	0.0540858845127518	0.488833424293936	0.179762878387267	0.246544503112194	0.23284516755473	0.0397883898089409
C:	0.520937631486656	0.205120659622259	0.52658705730216	0.290724022141323	0.171683687681713	0.180013948794549	0.0325506078081274	0.978993168745947	0.00299717697537609	0.815065730359439	0.00597731997417645	0.190922446860424	0.00447902126040765	0.593251611057476	0.603221277667576	0.217931274737851	0.317523561163864	0.157014643826459	0.483110422434224	0.241612499101692
G:	0.241612499101692	0.483110422434224	0.157014643826459	0.317523561163864	0.217931274737851	0.603221277667576	0.593251611057476	0.0020994823135991	0.0755850172318818	0.00749390654069291	0.88483639489705	0.00227652430938281	0.96964939419574	0.0325506078081274	0.180013948794549	0.171683687681713	0.290724022141323	0.52658705730216	0.205120659622259	0.520937631486656
T:	0.0397883898089409	0.23284516755473	0.246544503112194	0.179762878387267	0.488833424293936	0.0540858845127518	0.00280736481713378	0.00191307179155754	0.00159762822510057	0.176836536018053	0.00107759334146596	0.804124687363821	0.0236517387020008	0.371390416317263	0.162678889025123	0.1215516132865	0.211989538307547	0.0698537957591863	0.0789237503887877	0.197661479602711



5	C..CGCACG	0.475105969486909

Enrichment score matrix

A:	-0.105911330049261	0.0308441558441558	-0.0624036979969183	-0.0860082304526749	-0.0969439728353141	-0.0749617542070372	0.0896825396825397	-0.1884765625	0.04642166344294	-0.184123847167325	0.288727401630627	-0.249348958333333	0.10186976144423	-0.158343012001549	-0.115170670037927	0.0191850594227504	-0.0475302889095993	0.0128205128205128	-0.0520833333333333	0.0142857142857143
C:	-0.188461538461538	-0.214285714285714	0.167377398720682	-0.0344234079173838	0.114261460101868	0.0106438213914849	0.0787698412698413	0.169105420685068	-0.00888157894736842	0.391557995881949	-0.113891726251277	0.295809777186565	-0.0930921052631579	0.18642160540135	-0.0103481860238617	0.000332446808510638	-0.0260869565217391	0.161616161616162	0.0275974025974026	0.25
G:	0.12962962962963	-0.0208333333333333	-0.0671428571428571	0.0920930232558139	0.020039100684262	0.0602477477477477	-0.0555555555555556	0.0770334928229665	0.274529569892473	-0.103158602150538	0.101362179487179	-0.21875	0.288978494623656	-0.119821912504839	0.205324074074074	0.0634973404255319	-0.0097856477166822	-0.129292929292929	0.11875	-0.0925925925925926
T:	0.15	0.206168831168831	0.0147540983606557	0.0391566265060241	-0.0382003395585739	0.00977443609022556	-0.118452380952381	-0.0556640625	-0.313844086021505	-0.0987787356321839	-0.254513888888889	0.174960127591707	-0.300067204301075	0.0843809523809524	-0.0964781746031746	-0.0843803056027165	0.095959595959596	-0.0504385964912281	-0.0541666666666667	-0.114942528735632

Energy matrix for enoLOGOS

A:	0.975479399002404	-0.284085173810954	0.574759299021626	0.792165077260503	0.892886986824856	0.69042327112723	-0.826006715899451	1.73593329276504	-0.427559320942802	1.69584330300879	-2.65927764373435	2.29658877764771	-0.93825517651337	1.45839303605817	1.06076107191786	-0.17670092734012	0.437770138835774	-0.118081286820207	0.479705227707093	-0.131576291028231
C:	1.73579491625705	1.97364436542347	-1.54160281279346	0.317051303682485	-1.05238693893718	-0.0980332178740975	-0.725497049141775	-1.5575184832557	0.0818023651458411	-3.6063824174416	1.04898156432619	-2.7245087332467	0.85740997541752	-1.71700643843667	0.0953103155122931	-0.00306194826196017	0.240269748834161	-1.48853985809716	-0.254181471304537	-2.30258509299405
G:	-1.1939330111821	0.191882091082837	0.618408567832687	-0.848208090070365	-0.184566938050354	-0.554902263401718	0.511685576220899	-0.709504688941706	-2.5285107808819	0.950125838103726	-0.933580173922265	2.01476195636979	-2.66159029566516	1.10360059819072	-1.89110460878307	-0.584832118034392	0.0901291462308946	1.19083188647773	-1.09372791917217	0.852809293701498
T:	-1.38155105579643	-1.89888510915743	-0.135890267783255	-0.360645857938826	0.351838129659532	-0.0900258833351056	1.09098674644242	0.512684962111956	2.89061085598984	0.909785776685866	2.34415954606199	-1.611442326644	2.76372108608022	-0.777177292340086	0.888596826562186	0.777171335292388	-0.883820540745189	0.464556641568974	0.498893436815377	1.05865981287083

Probability matrix

A:	0.0481227184115681	0.148087736716029	0.0813438832494886	0.0914714436781884	0.0790479639159467	0.112911217897294	0.432175387705675	0.023326613746938	0.101925978562179	0.00485234601570324	0.826935729498918	0.00490908563601461	0.147191375235125	0.0280001624314408	0.0417441079135578	0.268107215085134	0.135437891113385	0.173439702319216	0.112519673513315	0.0957401193874172
C:	0.0224982800620001	0.0154881524645998	0.675226204230772	0.14710411570858	0.552983814286016	0.248404462923509	0.390849208329383	0.628318187188422	0.0612451806691707	0.974269561973884	0.0202766052090258	0.744107274440008	0.0244362689369384	0.670222526117489	0.109618819432503	0.225371010040458	0.165011234105651	0.68285912093575	0.234396653574359	0.839365486282297
G:	0.421224856494722	0.0920045147186119	0.0778696575204825	0.471726797879149	0.232179024468772	0.392260971579396	0.113424702627432	0.269086505943769	0.833137179103193	0.0102285186755558	0.147234934801976	0.00650723425872333	0.824740450661514	0.039925002197777	0.799050377302104	0.403234447143593	0.19174265984073	0.0468483986912982	0.542702468118011	0.0357750901812883
T:	0.50815414503171	0.744419596100759	0.165560254999257	0.289697642734082	0.135789197329265	0.246423347599801	0.0635507013375104	0.0792686931208708	0.00369166166545762	0.0106495733348565	0.00555273049007945	0.244476405665254	0.00363190516642339	0.261852309253294	0.0495866953518347	0.103287327730814	0.507808214940234	0.0968527780537357	0.110381204794316	0.0291193041489974



