1	CACGTGG	0.495270176733884

Enrichment score matrix

A:	-0.0354166666666667	0.104385964912281	-0.0512820512820513	-0.176111595466434	-0.0307239057239057	0.0195918367346939	0.0114329268292683	0.0614617940199336	0.389380530973451	-0.425636363636364	0.16286231884058	-0.0163934426229508	-0.352928692699491	-0.366064414768264	-0.141224489795918	-0.0580808080808081	0.0807217473884141	0.056924882629108	-0.0131826741996234	-0.0405405405405405
C:	-0.00110864745011086	-0.0851239669421488	-0.000571428571428571	0.0250463821892393	0.00741063644289451	0.00563607085346216	0.198076923076923	0.481679389312977	-0.386303543098889	0.437790697674419	-0.192012288786482	0.0209505941213258	-0.206913928643419	0.0114222549742078	0.0865091463414634	-0.038360941586748	0.101576994434137	-0.00266666666666667	-0.00196078431372549	0.075187969924812
G:	0.075187969924812	-0.00196078431372549	-0.00266666666666667	0.101576994434137	-0.038360941586748	0.0865091463414634	0.0114222549742078	-0.184593023255814	0.0895061728395062	-0.156515319306017	0.438293650793651	-0.368667917448405	0.480737704918033	0.198076923076923	0.00563607085346216	0.00741063644289451	0.0250463821892393	-0.000571428571428571	-0.0851239669421488	-0.00110864745011086
T:	-0.0405405405405405	-0.0131826741996234	0.056924882629108	0.0807217473884141	-0.0580808080808081	-0.141224489795918	-0.366064414768264	-0.320173913043478	-0.171015843429637	0.174353205849269	-0.433388157894737	0.36864406779661	0.0671291772522963	0.0114329268292683	0.0195918367346939	-0.0307239057239057	-0.176111595466434	-0.0512820512820513	0.104385964912281	-0.0354166666666667

Energy matrix for enoLOGOS

A:	0.326199554840823	-0.961430266899268	0.47232514728083	1.62204773769764	0.282977629273679	-0.180447484838717	-0.105301147545459	-0.566084042795878	-3.5863272244863	3.92025578378114	-1.50001739029105	0.150989186425839	3.25059338679889	3.37157785808398	1.30072561987909	0.534944011503667	-0.743474768867973	-0.524297544648879	0.1214169163914	0.373392177242278
C:	0.0102110203680445	0.784020709350039	0.00526305164112925	-0.230685705049496	-0.0682544840120293	-0.0519101309209608	-1.82435588137221	-4.43643112573815	3.55798711884114	-4.03220133726632	1.76849853532569	-0.192962102852534	1.90574771050868	-0.105202856127952	-0.796778683093976	0.353317329003446	-0.935558692700735	0.0245609076586032	0.0180594909254435	-0.692506794885427
G:	-0.692506794885427	0.0180594909254435	0.0245609076586032	-0.935558692700735	0.353317329003446	-0.796778683093976	-0.105202856127952	1.70016457447816	-0.824382317244782	1.44155936423695	-4.03683370668559	3.39555700392743	-4.42775789193773	-1.82435588137221	-0.0519101309209608	-0.0682544840120293	-0.230685705049496	0.00526305164112925	0.784020709350039	0.0102110203680445
T:	0.373392177242278	0.1214169163914	-0.524297544648879	-0.743474768867973	0.534944011503667	1.30072561987909	3.37157785808398	2.94891071735794	1.57511412698754	-1.60585237081699	3.99165244739428	-3.39533734051664	-0.61828257138437	-0.105301147545459	-0.180447484838717	0.282977629273679	1.62204773769764	0.47232514728083	-0.961430266899268	0.326199554840823

Probability matrix

A:	0.16406547136642	0.529465018607233	0.145576786926592	0.0323292713843487	0.242121072464868	0.252597203537238	0.131405051507873	0.0203697196249882	0.934848919965769	0.000321891062162156	0.0730911287005702	0.0269286561763602	0.000451716073636055	0.00406090373400419	0.0574332287792574	0.188193656093634	0.344293868373362	0.394384524759188	0.179292744593722	0.156502649790612
C:	0.225034584274786	0.0924267206768791	0.2322387153741	0.206171118726808	0.344009754740784	0.222129109072169	0.733141908604286	0.976911973265433	0.000737912953873541	0.914991718213039	0.00278205837216883	0.037983136854237	0.00173350301274326	0.131392136153837	0.467840458611335	0.225675516700715	0.417205741515482	0.227799972940121	0.198815516122166	0.454397294568182
G:	0.454397294568182	0.198815516122166	0.227799972940121	0.417205741515482	0.225675516700715	0.467840458611335	0.131392136153837	0.00211234952882873	0.0590532763870528	0.00383877886683716	0.92382560752177	0.00104982468909082	0.976182763475454	0.733141908604286	0.222129109072169	0.344009754740784	0.206171118726808	0.2322387153741	0.0924267206768791	0.225034584274786
T:	0.156502649790612	0.179292744593722	0.394384524759188	0.344293868373362	0.188193656093634	0.0574332287792574	0.00406090373400419	0.000605957580750559	0.00535989069330473	0.080847611857962	0.000301205405491215	0.934038382280312	0.0216320174381663	0.131405051507873	0.252597203537238	0.242121072464868	0.0323292713843487	0.145576786926592	0.529465018607232	0.16406547136642



2	CACGTG.C	0.494030918320258

Enrichment score matrix

A:	-0.0354166666666667	0.104385964912281	-0.0512820512820513	-0.176111595466434	-0.0307239057239057	0.0195918367346939	0.0114329268292683	0.0425213675213675	0.398044385849264	-0.432710727969349	0.0901934322986955	-0.166749750747757	-0.275977366255144	-0.366064414768264	-0.141224489795918	-0.0580808080808081	0.0807217473884141	0.056924882629108	-0.0131826741996234	-0.0405405405405405
C:	-0.00110864745011086	-0.0851239669421488	-0.000571428571428571	0.0250463821892393	0.00741063644289451	0.00563607085346216	0.198076923076923	0.477470028937578	-0.377899877899878	0.424412217095144	-0.164648910411622	0.0709099160426594	-0.233816964285714	0.0114222549742078	0.0865091463414634	-0.038360941586748	0.101576994434137	-0.00266666666666667	-0.00196078431372549	0.075187969924812
G:	0.075187969924812	-0.00196078431372549	-0.00266666666666667	0.101576994434137	-0.038360941586748	0.0865091463414634	0.0114222549742078	-0.240316205533597	0.0899705014749263	-0.197532314923619	0.434451219512195	-0.343490304709141	0.470636987923277	0.198076923076923	0.00563607085346216	0.00741063644289451	0.0250463821892393	-0.000571428571428571	-0.0851239669421488	-0.00110864745011086
T:	-0.0405405405405405	-0.0131826741996234	0.056924882629108	0.0807217473884141	-0.0580808080808081	-0.141224489795918	-0.366064414768264	-0.276422764227642	-0.155229142185664	0.16528162511542	-0.392677345537757	0.405295539441881	-0.0200524246395806	0.0114329268292683	0.0195918367346939	-0.0307239057239057	-0.176111595466434	-0.0512820512820513	0.104385964912281	-0.0354166666666667

Energy matrix for enoLOGOS

A:	0.326199554840823	-0.961430266899268	0.47232514728083	1.62204773769764	0.282977629273679	-0.180447484838717	-0.105301147545459	-0.391636267953688	-3.66612427682594	3.9854130872033	-0.830712210787775	1.53582196132903	2.54184547817141	3.37157785808398	1.30072561987909	0.534944011503667	-0.743474768867973	-0.524297544648879	0.1214169163914	0.373392177242278
C:	0.0102110203680445	0.784020709350039	0.00526305164112925	-0.230685705049496	-0.0682544840120293	-0.0519101309209608	-1.82435588137221	-4.39766148393241	3.48058650198612	-3.90898097747132	1.51647250676605	-0.653104462501148	2.15353382581363	-0.105202856127952	-0.796778683093976	0.353317329003446	-0.935558692700735	0.0245609076586032	0.0180594909254435	-0.692506794885427
G:	-0.692506794885427	0.0180594909254435	0.0245609076586032	-0.935558692700735	0.353317329003446	-0.796778683093976	-0.105202856127952	2.21339404986621	-0.828658942021456	1.81933985491092	-4.00144360672746	3.163662620845	-4.33472685041503	-1.82435588137221	-0.0519101309209608	-0.0682544840120293	-0.230685705049496	0.00526305164112925	0.784020709350039	0.0102110203680445
T:	0.373392177242278	0.1214169163914	-0.524297544648879	-0.743474768867973	0.534944011503667	1.30072561987909	3.37157785808398	2.54594774509911	1.42971323517985	-1.52230002454639	3.61669200876685	-3.73290986950342	0.184689656213939	-0.105301147545459	-0.180447484838717	0.282977629273679	1.62204773769764	0.47232514728083	-0.961430266899268	0.326199554840823

Probability matrix

A:	0.16406547136642	0.529465018607233	0.145576786926592	0.0323292713843487	0.242121072464868	0.252597203537238	0.131405051507873	0.0178396207753104	0.938540985387588	0.000340308017901799	0.0401086939571556	0.00489496518021406	0.00101798413083347	0.00406090373400419	0.0574332287792574	0.188193656093634	0.344293868373362	0.394384524759188	0.179292744593722	0.156502649790612
C:	0.225034584274786	0.0924267206768791	0.2322387153741	0.206171118726808	0.344009754740784	0.222129109072169	0.733141908604286	0.97989662941785	0.00073905402690906	0.91277547307283	0.00383591654163088	0.0436906266714298	0.00150100664815545	0.131392136153837	0.467840458611335	0.225675516700715	0.417205741515482	0.227799972940121	0.198815516122166	0.454397294568182
G:	0.454397294568182	0.198815516122166	0.227799972940121	0.417205741515482	0.225675516700715	0.467840458611335	0.131392136153837	0.00131836397118279	0.0549740464664483	0.00296883344386892	0.955585759958388	0.000961141636000671	0.986730209425463	0.733141908604286	0.222129109072169	0.344009754740784	0.206171118726808	0.2322387153741	0.0924267206768791	0.225034584274786
T:	0.156502649790612	0.179292744593722	0.394384524759188	0.344293868373362	0.188193656093634	0.0574332287792574	0.00406090373400419	0.000945385835657048	0.00574591411905434	0.083915385465399	0.000469629542825897	0.950453266512356	0.0107507997955485	0.131405051507873	0.252597203537238	0.242121072464868	0.0323292713843487	0.145576786926592	0.529465018607232	0.16406547136642



3	C..CACGTG	0.493297962322184

Enrichment score matrix

A:	-0.0354166666666667	0.104385964912281	-0.0512820512820513	-0.176111595466434	-0.0307239057239057	0.0195918367346939	0.0114329268292683	-0.0215311004784689	0.392587508579272	-0.424964936886396	0.159868421052632	-0.100203804347826	-0.275328947368421	-0.366064414768264	-0.141224489795918	-0.0580808080808081	0.0807217473884141	0.056924882629108	-0.0131826741996234	-0.0405405405405405
C:	-0.00110864745011086	-0.0851239669421488	-0.000571428571428571	0.0250463821892393	0.00741063644289451	0.00563607085346216	0.198076923076923	0.476055869637512	-0.278897849462366	0.427068723702665	-0.15892972275951	0.0876358695652174	-0.0838815789473684	0.0114222549742078	0.0865091463414634	-0.038360941586748	0.101576994434137	-0.00266666666666667	-0.00196078431372549	0.075187969924812
G:	0.075187969924812	-0.00196078431372549	-0.00266666666666667	0.101576994434137	-0.038360941586748	0.0865091463414634	0.0114222549742078	-0.167317708333333	0.0393145161290323	-0.180286738351254	0.399865591397849	-0.366061705989111	0.467069892473118	0.198076923076923	0.00563607085346216	0.00741063644289451	0.0250463821892393	-0.000571428571428571	-0.0851239669421488	-0.00110864745011086
T:	-0.0405405405405405	-0.0131826741996234	0.056924882629108	0.0807217473884141	-0.0580808080808081	-0.141224489795918	-0.366064414768264	-0.276692708333333	-0.151228070175439	0.174263674614306	-0.397513440860215	0.36264308012487	-0.0980263157894737	0.0114329268292683	0.0195918367346939	-0.0307239057239057	-0.176111595466434	-0.0512820512820513	0.104385964912281	-0.0354166666666667

Energy matrix for enoLOGOS

A:	0.326199554840823	-0.961430266899268	0.47232514728083	1.62204773769764	0.282977629273679	-0.180447484838717	-0.105301147545459	0.198308763989918	-3.61586457980122	3.91407171487908	-1.47244257262514	0.922911144610385	2.53587331952107	3.37157785808398	1.30072561987909	0.534944011503667	-0.743474768867973	-0.524297544648879	0.1214169163914	0.373392177242278
C:	0.0102110203680445	0.784020709350039	0.00526305164112925	-0.230685705049496	-0.0682544840120293	-0.0519101309209608	-1.82435588137221	-4.38463659543861	2.56874412256056	-3.933448307527	1.4637968418389	-0.807156187489761	0.772577893044055	-0.105202856127952	-0.796778683093976	0.353317329003446	-0.935558692700735	0.0245609076586032	0.0180594909254435	-0.692506794885427
G:	-0.692506794885427	0.0180594909254435	0.0245609076586032	-0.935558692700735	0.353317329003446	-0.796778683093976	-0.105202856127952	1.54105304400904	-0.362100075107935	1.66050222476847	-3.68289819981575	3.37155290930598	-4.30187268717974	-1.82435588137221	-0.0519101309209608	-0.0682544840120293	-0.230685705049496	0.00526305164112925	0.784020709350039	0.0102110203680445
T:	0.373392177242278	0.1214169163914	-0.524297544648879	-0.743474768867973	0.534944011503667	1.30072561987909	3.37157785808398	2.54843402219393	1.39286200011289	-1.60502775766906	3.66123409275801	-3.34006620149188	0.902855733831876	-0.105301147545459	-0.180447484838717	0.282977629273679	1.62204773769764	0.47232514728083	-0.961430266899268	0.326199554840823

Probability matrix

A:	0.16406547136642	0.529465018607233	0.145576786926592	0.0323292713843487	0.242121072464868	0.252597203537238	0.131405051507873	0.0100848623181076	0.954773498424758	0.000354696561246709	0.0982431138373029	0.0128619732202932	0.00105894501207755	0.00406090373400419	0.0574332287792574	0.188193656093634	0.344293868373362	0.394384524759188	0.179292744593722	0.156502649790612
C:	0.225034584274786	0.0924267206768791	0.2322387153741	0.206171118726808	0.344009754740784	0.222129109072169	0.733141908604286	0.986320032583298	0.00196770017232851	0.907803014184563	0.00521326190703766	0.0725548246194008	0.0061753685649495	0.131392136153837	0.467840458611335	0.225675516700715	0.417205741515482	0.227799972940121	0.198815516122166	0.454397294568182
G:	0.454397294568182	0.198815516122166	0.227799972940121	0.417205741515482	0.225675516700715	0.467840458611335	0.131392136153837	0.00263344069215831	0.0368814838798494	0.00337730102783531	0.895964496111011	0.00111141433612075	0.987344629901715	0.733141908604286	0.222129109072169	0.344009754740784	0.206171118726808	0.2322387153741	0.0924267206768791	0.225034584274786
T:	0.156502649790612	0.179292744593722	0.394384524759188	0.344293868373362	0.188193656093634	0.0574332287792574	0.00406090373400419	0.000961664406436287	0.00637731752306379	0.0884649882263552	0.000579128144648782	0.913471787824185	0.00542105652125796	0.131405051507873	0.252597203537238	0.242121072464868	0.0323292713843487	0.145576786926592	0.529465018607232	0.16406547136642



4	A.CACGTG	0.492864529191919

Enrichment score matrix

A:	-0.0354166666666667	0.104385964912281	-0.0512820512820513	-0.176111595466434	-0.0307239057239057	0.0195918367346939	0.0114329268292683	0.0580137659783677	0.396525096525097	-0.412681912681913	0.180436847103514	-0.176176176176176	-0.294753086419753	-0.366064414768264	-0.141224489795918	-0.0580808080808081	0.0807217473884141	0.056924882629108	-0.0131826741996234	-0.0405405405405405
C:	-0.00110864745011086	-0.0851239669421488	-0.000571428571428571	0.0250463821892393	0.00741063644289451	0.00563607085346216	0.198076923076923	0.491729323308271	-0.302132407636995	0.459299191374663	-0.178928928928929	0.117523364485981	-0.209090909090909	0.0114222549742078	0.0865091463414634	-0.038360941586748	0.101576994434137	-0.00266666666666667	-0.00196078431372549	0.075187969924812
G:	0.075187969924812	-0.00196078431372549	-0.00266666666666667	0.101576994434137	-0.038360941586748	0.0865091463414634	0.0114222549742078	-0.174770642201835	0.0397683397683398	-0.18389224848818	0.435204081632653	-0.348598598598599	0.482961992136304	0.198076923076923	0.00563607085346216	0.00741063644289451	0.0250463821892393	-0.000571428571428571	-0.0851239669421488	-0.00110864745011086
T:	-0.0405405405405405	-0.0131826741996234	0.056924882629108	0.0807217473884141	-0.0580808080808081	-0.141224489795918	-0.366064414768264	-0.340445708866762	-0.114186436616343	0.149056603773585	-0.43022113022113	0.406632653061224	0.0208791208791209	0.0114329268292683	0.0195918367346939	-0.0307239057239057	-0.176111595466434	-0.0512820512820513	0.104385964912281	-0.0354166666666667

Energy matrix for enoLOGOS

A:	0.326199554840823	-0.961430266899268	0.47232514728083	1.62204773769764	0.282977629273679	-0.180447484838717	-0.105301147545459	-0.534326530920939	-3.65213110502685	3.80094088115857	-1.66188477746959	1.62264254801582	2.71477625161644	3.37157785808398	1.30072561987909	0.534944011503667	-0.743474768867973	-0.524297544648879	0.1214169163914	0.373392177242278
C:	0.0102110203680445	0.784020709350039	0.00526305164112925	-0.230685705049496	-0.0682544840120293	-0.0519101309209608	-1.82435588137221	-4.5289944385507	2.78274231174138	-4.23030188513407	1.64799633782857	-1.08243018857571	1.9257984414132	-0.105202856127952	-0.796778683093976	0.353317329003446	-0.935558692700735	0.0245609076586032	0.0180594909254435	-0.692506794885427
G:	-0.692506794885427	0.0180594909254435	0.0245609076586032	-0.935558692700735	0.353317329003446	-0.796778683093976	-0.105202856127952	1.60969710170776	-0.366279945294806	1.69371020034416	-4.00837772311004	3.21071174628699	-4.44824433430305	-1.82435588137221	-0.0519101309209608	-0.0682544840120293	-0.230685705049496	0.00526305164112925	0.784020709350039	0.0102110203680445
T:	0.373392177242278	0.1214169163914	-0.524297544648879	-0.743474768867973	0.534944011503667	1.30072561987909	3.37157785808398	3.13562085684158	1.05169594709961	-1.37286205544551	3.9624830445529	-3.74522514105358	-0.192303809964338	-0.105301147545459	-0.180447484838717	0.282977629273679	1.62204773769764	0.47232514728083	-0.961430266899268	0.326199554840823

Probability matrix

A:	0.16406547136642	0.529465018607233	0.145576786926592	0.0323292713843487	0.242121072464868	0.252597203537238	0.131405051507873	0.018034114642719	0.954131212436771	0.000306619419137459	0.0870398527197633	0.00433717313046093	0.000762015969193763	0.00406090373400419	0.0574332287792574	0.188193656093634	0.344293868373362	0.394384524759188	0.179292744593722	0.156502649790612
C:	0.225034584274786	0.0924267206768791	0.2322387153741	0.206171118726808	0.344009754740784	0.222129109072169	0.733141908604286	0.97939313487203	0.00153101020841862	0.943026881684766	0.00317874026654109	0.064864178362218	0.00167730785970662	0.131392136153837	0.467840458611335	0.225675516700715	0.417205741515482	0.227799972940121	0.198815516122166	0.454397294568182
G:	0.454397294568182	0.198815516122166	0.227799972940121	0.417205741515482	0.225675516700715	0.467840458611335	0.131392136153837	0.00211328073244502	0.0356928376105027	0.00252207683582924	0.909467293776796	0.000886170051738071	0.98361328755155	0.733141908604286	0.222129109072169	0.344009754740784	0.206171118726808	0.2322387153741	0.0924267206768791	0.225034584274786
T:	0.156502649790612	0.179292744593722	0.394384524759188	0.344293868373362	0.188193656093634	0.0574332287792574	0.00406090373400419	0.000459469752806073	0.00864493974430775	0.0541444220602668	0.000314113236899856	0.929912478455583	0.01394738861955	0.131405051507873	0.252597203537238	0.242121072464868	0.0323292713843487	0.145576786926592	0.529465018607232	0.16406547136642



5	ACACGTG	0.492217351176742

Enrichment score matrix

A:	-0.0354166666666667	0.104385964912281	-0.0512820512820513	-0.176111595466434	-0.0307239057239057	0.0195918367346939	0.0114329268292683	0.0354146341463415	0.42968578334432	-0.425189393939394	0.148667601683029	-0.174338784575005	-0.283752640676013	-0.366064414768264	-0.141224489795918	-0.0580808080808081	0.0807217473884141	0.056924882629108	-0.0131826741996234	-0.0405405405405405
C:	-0.00110864745011086	-0.0851239669421488	-0.000571428571428571	0.0250463821892393	0.00741063644289451	0.00563607085346216	0.198076923076923	0.490048780487805	-0.360903108690719	0.449831449534008	-0.206730769230769	0.128833792470156	-0.216092375366569	0.0114222549742078	0.0865091463414634	-0.038360941586748	0.101576994434137	-0.00266666666666667	-0.00196078431372549	0.075187969924812
G:	0.075187969924812	-0.00196078431372549	-0.00266666666666667	0.101576994434137	-0.038360941586748	0.0865091463414634	0.0114222549742078	-0.242127496159754	0.10327868852459	-0.167252146760343	0.448761580639062	-0.374536585365854	0.481755329364317	0.198076923076923	0.00563607085346216	0.00741063644289451	0.0250463821892393	-0.000571428571428571	-0.0851239669421488	-0.00110864745011086
T:	-0.0405405405405405	-0.0131826741996234	0.056924882629108	0.0807217473884141	-0.0580808080808081	-0.141224489795918	-0.366064414768264	-0.274961597542243	-0.160822510822511	0.177378165567142	-0.393059879143014	0.406146341463415	0.0279667422524565	0.0114329268292683	0.0195918367346939	-0.0307239057239057	-0.176111595466434	-0.0512820512820513	0.104385964912281	-0.0354166666666667

Energy matrix for enoLOGOS

A:	0.326199554840823	-0.961430266899268	0.47232514728083	1.62204773769764	0.282977629273679	-0.180447484838717	-0.105301147545459	-0.326180834636815	-3.9575523176004	3.91613904073609	-1.36927921378608	1.60571954597243	2.61345840207313	3.37157785808398	1.30072561987909	0.534944011503667	-0.743474768867973	-0.524297544648879	0.1214169163914	0.373392177242278
C:	0.0102110203680445	0.784020709350039	0.00526305164112925	-0.230685705049496	-0.0682544840120293	-0.0519101309209608	-1.82435588137221	-4.51351606716452	3.32404047234584	-4.14310076022764	1.90406074997585	-1.18660308006268	1.99028432891494	-0.105202856127952	-0.796778683093976	0.353317329003446	-0.935558692700735	0.0245609076586032	0.0180594909254435	-0.692506794885427
G:	-0.692506794885427	0.0180594909254435	0.0245609076586032	-0.935558692700735	0.353317329003446	-0.796778683093976	-0.105202856127952	2.23007665304569	-0.951231874482786	1.54044919960648	-4.1332469035518	3.44960943297723	-4.43713055945886	-1.82435588137221	-0.0519101309209608	-0.0682544840120293	-0.230685705049496	0.00526305164112925	0.784020709350039	0.0102110203680445
T:	0.373392177242278	0.1214169163914	-0.524297544648879	-0.743474768867973	0.534944011503667	1.30072561987909	3.37157785808398	2.53248990258639	1.48123006415115	-1.63371327943012	3.62021527347498	-3.74074604571091	-0.257583215240453	-0.105301147545459	-0.180447484838717	0.282977629273679	1.62204773769764	0.47232514728083	-0.961430266899268	0.326199554840823

Probability matrix

A:	0.16406547136642	0.529465018607233	0.145576786926592	0.0323292713843487	0.242121072464868	0.252597203537238	0.131405051507873	0.014929377480246	0.948311123085407	0.000291388638165475	0.0591458913675147	0.00439865318666264	0.000851746554445367	0.00406090373400419	0.0574332287792574	0.188193656093634	0.344293868373362	0.394384524759188	0.179292744593722	0.156502649790612
C:	0.225034584274786	0.0924267206768791	0.2322387153741	0.206171118726808	0.344009754740784	0.222129109072169	0.733141908604286	0.983056059301195	0.000652522176999108	0.921628694030658	0.00224042854658355	0.071781086789243	0.00158836916178147	0.131392136153837	0.467840458611335	0.225675516700715	0.417205741515482	0.227799972940121	0.198815516122166	0.454397294568182
G:	0.454397294568182	0.198815516122166	0.227799972940121	0.417205741515482	0.225675516700715	0.467840458611335	0.131392136153837	0.00115843902072661	0.046916160713126	0.00313488491799863	0.938210949459147	0.000695870647733888	0.982521959193228	0.733141908604286	0.222129109072169	0.344009754740784	0.206171118726808	0.2322387153741	0.0924267206768791	0.225034584274786
T:	0.156502649790612	0.179292744593722	0.394384524759188	0.344293868373362	0.188193656093634	0.0574332287792574	0.00406090373400419	0.000856124197832552	0.00412019402446748	0.074945032413178	0.000402730626754552	0.92312438937636	0.0150379250905447	0.131405051507873	0.252597203537238	0.242121072464868	0.0323292713843487	0.145576786926592	0.529465018607232	0.16406547136642



