1	ACATGTC	0.486183423341849

Enrichment score matrix

A:	-0.0420875420875421	-0.0767441860465116	0.0555555555555556	0.0516273849607183	-0.0264008620689655	0.0809426229508197	0.153846153846154	0.299763872491145	0.0941449368101104	0.37570385818561	0.024653312788906	-0.213963963963964	-0.138468720821662	-0.109090909090909	0.000985221674876847	0.0589225589225589	0.0510907003444317	-0.0146198830409357	0.0125725338491296	-0.114583333333333
C:	0.0107142857142857	-0.0446428571428571	0.013184584178499	-0.0840659340659341	-0.0220286885245902	0.047979797979798	-0.295849420849421	-0.275185577942736	0.399113300492611	-0.144672796106003	-0.215523882896764	-0.165244191559981	0.159235056698059	0.291625615763547	-0.0106060606060606	0.0148351648351648	0.0036231884057971	-0.0471698113207547	0.108630952380952	0.106060606060606
G:	0.106060606060606	0.108630952380952	-0.0471698113207547	0.0036231884057971	0.0148351648351648	-0.0106060606060606	0.291625615763547	0.0849137931034483	-0.270675505050505	-0.134644101543056	-0.151031894934334	0.417487684729064	-0.314594487408289	-0.295849420849421	0.047979797979798	-0.0220286885245902	-0.0840659340659341	0.013184584178499	-0.0446428571428571	0.0107142857142857
T:	-0.114583333333333	0.0125725338491296	-0.0146198830409357	0.0510907003444317	0.0589225589225589	0.000985221674876847	-0.109090909090909	-0.0788793103448276	-0.138307692307692	-0.0328083989501312	0.385939257592801	-0.010989010989011	0.332115171650055	0.153846153846154	0.0809426229508197	-0.0264008620689655	0.0516273849607183	0.0555555555555556	-0.0767441860465116	-0.0420875420875421

Energy matrix for enoLOGOS

A:	0.387640588046136	0.706840075058637	-0.511685576220899	-0.47550578800326	0.243160925768768	-0.745509107977581	-1.41697544184249	-2.76092729686512	-0.867106912319306	-3.46036041295414	-0.227065402082618	1.97068093544535	1.27534404963965	1.00476440421558	-0.00907422696746422	-0.54269682326459	-0.470562740014857	0.1346540990055	-0.115797316088675	1.0553515009556
C:	-0.0986822182711734	0.411175909463222	-0.121434507946948	0.774275866435361	0.202891719259721	-0.441910270372595	2.72487386487519	2.53455283831158	-3.67596934451976	1.3324856947018	1.98504831976914	1.52195524875946	-1.46660907134005	-2.68597118236941	0.0976854281876262	-0.13663691760624	-0.0333707984491891	0.434450017546046	-1.00052804636051	-0.976854281876262
G:	-0.976854281876262	-1.00052804636051	0.434450017546046	-0.0333707984491891	-0.13663691760624	0.0976854281876262	-2.68597118236941	-0.782084936758322	2.49301353187171	1.24011800429047	1.39105515936976	-3.84520367746296	2.89752230817771	2.72487386487519	-0.441910270372595	0.202891719259721	0.774275866435361	-0.121434507946948	0.411175909463222	-0.0986822182711734
T:	1.0553515009556	-0.115797316088675	0.1346540990055	-0.470562740014857	-0.54269682326459	-0.00907422696746422	1.00476440421558	0.726505296582604	1.2738609222164	0.302176521390295	-3.55463192533749	0.101212531560178	-3.05889377359431	-1.41697544184249	-0.745509107977581	0.243160925768768	-0.47550578800326	-0.511685576220899	0.706840075058637	0.387640588046136

Probability matrix

A:	0.141784607795894	0.098668530294752	0.386236764518498	0.341962250743938	0.175519634332822	0.377742154581623	0.214503029818752	0.851917449955173	0.0563592822642592	0.960979886812439	0.0342721890407413	0.00290158438638342	0.0107548231031133	0.0190407994659461	0.180869712407266	0.385140676949665	0.34027608575878	0.202372667395048	0.22461850835126	0.0727186689990015
C:	0.230587838015411	0.132612351130628	0.261438609420149	0.0979952196687161	0.182731912495271	0.278832988350452	0.00340918942097485	0.00427168984516284	0.935058771289166	0.00796540167151946	0.00375174283603668	0.00454479496600198	0.166885414415562	0.763046981294327	0.162555144660659	0.256607776222241	0.219766443828565	0.149951958666305	0.544100610223359	0.554908885189693
G:	0.554908885189693	0.544100610223359	0.149951958666305	0.219766443828565	0.256607776222241	0.162555144660659	0.763046981294327	0.117759837176171	0.00195741848950369	0.00873619781208648	0.00679518075680586	0.973737286470527	0.00212373441633687	0.00340918942097485	0.278832988350452	0.182731912495271	0.0979952196687161	0.261438609420149	0.132612351130628	0.230587838015411
T:	0.0727186689990015	0.22461850835126	0.202372667395048	0.34027608575878	0.385140676949665	0.180869712407266	0.0190407994659461	0.026051023023493	0.0066245279570709	0.0223185137039552	0.955180887366416	0.0188163341770875	0.820236028064987	0.214503029818752	0.377742154581623	0.175519634332822	0.341962250743938	0.386236764518498	0.098668530294752	0.141784607795894



2	CCCCCC.A	0.483231777156732

Enrichment score matrix

A:	-0.0517241379310345	0.235294117647059	0.143763213530655	0.205263157894737	0.105846774193548	0.172067901234568	0.0334269662921348	-0.0888888888888889	-0.24883504193849	-0.125829279080053	-0.153388278388278	-0.194936086529007	-0.12037037037037	0.0599404318689501	0.139152666179693	0.103809523809524	0.2	0.172514619883041	0.172348484848485	0.202380952380952
C:	0.0401785714285714	0.0666666666666667	0.0725108225108225	0.00507416081186573	-0.0337701612903226	-0.0667438271604938	0.267477203647416	0.29347271800102	0.397716682199441	0.410810810810811	0.392366050260787	0.395994208494209	0.292887624466572	0.256691729323308	0.0423280423280423	0.00583460172501268	-0.0298245614035088	0.0644555694618273	0.0576923076923077	-0.0436507936507936
G:	0.0876623376623377	-0.105263157894737	0.0264270613107822	-0.00412087912087912	-0.00857142857142857	0.0147727272727273	-0.137657361795293	-0.140971239981141	-0.0615615615615616	-0.176984126984127	-0.150442477876106	-0.0894788593903638	-0.0483217592592593	-0.133136094674556	-0.128164556962025	-0.111500701262272	-0.121510673234811	-0.158479532163743	-0.2	-0.151851851851852
T:	0.0618729096989967	0.0612244897959184	-0.0103550295857988	-0.00245614035087719	0.204690831556503	0.0508658008658009	0.085112205801861	0.0253968253968254	-0.0820130475302889	-0.0817567567567568	-0.0803698435277383	-0.111009174311927	-0.0915043117214947	0.00414540816326531	0.0785714285714286	0.106798579401319	0.0772413793103448	0.0556818181818182	0.145098039215686	0.0256410256410256

Energy matrix for enoLOGOS

A:	0.476396915791872	-2.16713891105322	-1.32410812958643	-1.89054355003722	-0.974884817598286	-1.58480393746195	-0.307873737153136	0.818696921953439	2.29185543272846	1.15893048908767	1.41275825302748	1.79542770771315	1.10865208181195	-0.552071779556279	-1.28164341918295	-0.95612104813848	-1.84206807439524	-1.5889183682649	-1.58738820804893	-1.86399745623328
C:	-0.3700583185169	-0.614022691465079	-0.667849355976628	-0.0467347481794264	0.311034679900405	0.614733365876497	-2.46355608733709	-2.70298362267838	-3.66310601466993	-3.78370739605508	-3.61382487330976	-3.64724144556296	-2.69759471207667	-2.36421819773885	-0.389855677120685	-0.0537386678222862	0.274694361971219	-0.593657733612983	-0.531365790690934	0.402038667030706
G:	-0.807399967673237	0.969509512839598	-0.243402229703388	0.0379546993350667	0.0789457746169387	-0.136061846404194	1.26787115684292	1.29839310288585	0.567002935812348	1.63008404996086	1.38562642764243	0.824130751081448	0.44505985015047	1.22622874774831	1.18043919324378	1.02695941033956	1.11915465932059	1.45965043321962	1.84206807439524	1.39860724167046
T:	-0.569870558132306	-0.563898390120991	0.0953733470470907	0.022621888632924	-1.88527222965824	-0.468491339267187	-0.783912385244826	-0.233913406272411	0.755368082697022	0.753007557438593	0.740233614532937	1.02243227982488	0.842785856458376	-0.0381806201644421	-0.723669600655272	-0.983651267529674	-0.711419394249195	-0.512848497985038	-1.33640232848282	-0.236162573640415

Probability matrix

A:	0.102158669053723	0.686691022833171	0.476194129837468	0.689088504298828	0.243292348344151	0.597655354813481	0.0873338185080016	0.0260923945446377	0.00251938687546475	0.00698010099409799	0.00639394234071151	0.00422180156683321	0.0203138022717987	0.126732021582316	0.483664923213433	0.388929591832184	0.668896212539437	0.568832532368553	0.463333088060628	0.747180165380743
C:	0.238169455421659	0.145295299979543	0.247044092606199	0.10902322295512	0.067245110016377	0.0662527487602928	0.754020925817645	0.882999310496511	0.971631887272859	0.978187403580176	0.974509394487114	0.975481408836632	0.913741184823886	0.776053304378709	0.198265019388942	0.157750701616476	0.0805490627173157	0.210255916116504	0.161164211231864	0.0774994018323302
G:	0.368825660287391	0.0298216911223319	0.161599282644967	0.100170272866676	0.0848116747797	0.140368648729291	0.0180652982902438	0.0161504464649449	0.0141380262641956	0.00435754935529781	0.00656979650244461	0.0111513314702686	0.0394444282485415	0.0214082050810759	0.0412359210698379	0.0535340484392165	0.0346191215778756	0.0269778799768243	0.0150141024933602	0.0286084361152952
T:	0.290846215237227	0.138191986064955	0.115162494911365	0.101717999879376	0.604650866859772	0.195723247696936	0.14057995738411	0.0747578484939062	0.0117106995874807	0.0104749460704284	0.0125268666697297	0.00914545812626616	0.0265005846557742	0.0758064689578987	0.276834136327787	0.399785658112124	0.215935603165372	0.193933671538118	0.360488598214148	0.146711996671631



3	CCCCCCC	0.482531880261725

Enrichment score matrix

A:	-0.0517241379310345	0.235294117647059	0.143763213530655	0.205263157894737	0.105846774193548	0.172067901234568	0.0334269662921348	-0.160074708855197	-0.155487804878049	-0.183760683760684	-0.141171403962102	-0.195079695079695	0.0599404318689501	0.0599404318689501	0.139152666179693	0.103809523809524	0.2	0.172514619883041	0.172348484848485	0.202380952380952
C:	0.0401785714285714	0.0666666666666667	0.0725108225108225	0.00507416081186573	-0.0337701612903226	-0.0667438271604938	0.267477203647416	0.436752136752137	0.432142857142857	0.42987012987013	0.442446043165468	0.433416149068323	0.256691729323308	0.256691729323308	0.0423280423280423	0.00583460172501268	-0.0298245614035088	0.0644555694618273	0.0576923076923077	-0.0436507936507936
G:	0.0876623376623377	-0.105263157894737	0.0264270613107822	-0.00412087912087912	-0.00857142857142857	0.0147727272727273	-0.137657361795293	-0.155803571428571	-0.153623188405797	-0.143465909090909	-0.102751358695652	-0.177744425385935	-0.133136094674556	-0.133136094674556	-0.128164556962025	-0.111500701262272	-0.121510673234811	-0.158479532163743	-0.2	-0.151851851851852
T:	0.0618729096989967	0.0612244897959184	-0.0103550295857988	-0.00245614035087719	0.204690831556503	0.0508658008658009	0.085112205801861	-0.016017316017316	-0.0493802479008397	-0.0448170063554679	-0.108489795918367	0.0194929442717053	0.00414540816326531	0.00414540816326531	0.0785714285714286	0.106798579401319	0.0772413793103448	0.0556818181818182	0.145098039215686	0.0256410256410256

Energy matrix for enoLOGOS

A:	0.476396915791872	-2.16713891105322	-1.32410812958643	-1.89054355003722	-0.974884817598286	-1.58480393746195	-0.307873737153136	1.47434255350135	1.43209560661825	1.69249844442297	1.3002366812807	1.79675039134532	-0.552071779556279	-0.552071779556279	-1.28164341918295	-0.95612104813848	-1.84206807439524	-1.5889183682649	-1.58738820804893	-1.86399745623328
C:	-0.3700583185169	-0.614022691465079	-0.667849355976628	-0.0467347481794264	0.311034679900405	0.614733365876497	-2.46355608733709	-4.02263583767507	-3.98018280360399	-3.9592502118495	-4.07507865378802	-3.99191025563042	-2.36421819773885	-2.36421819773885	-0.389855677120685	-0.0537386678222862	0.274694361971219	-0.593657733612983	-0.531365790690934	0.402038667030706
G:	-0.807399967673237	0.969509512839598	-0.243402229703388	0.0379546993350667	0.0789457746169387	-0.136061846404194	1.26787115684292	1.43500392402665	1.41492185424562	1.32136985450226	0.946374987269971	1.63708665702578	1.22622874774831	1.22622874774831	1.18043919324378	1.02695941033956	1.11915465932059	1.45965043321962	1.84206807439524	1.39860724167046
T:	-0.569870558132306	-0.563898390120991	0.0953733470470907	0.022621888632924	-1.88527222965824	-0.468491339267187	-0.783912385244826	0.147524932364986	0.454808890819296	0.412779882986879	0.999227947294396	-0.17953665159437	-0.0381806201644421	-0.0381806201644421	-0.723669600655272	-0.983651267529674	-0.711419394249195	-0.512848497985038	-1.33640232848282	-0.236162573640415

Probability matrix

A:	0.102158669053723	0.686691022833171	0.476194129837468	0.689088504298828	0.243292348344151	0.597655354813481	0.0873338185080016	0.00400379820616335	0.00437031894517837	0.00343838722810014	0.00454992679769496	0.00297650629723251	0.126732021582316	0.126732021582316	0.483664923213433	0.388929591832184	0.668896212539437	0.568832532368553	0.463333088060628	0.747180165380743
C:	0.238169455421659	0.145295299979543	0.247044092606199	0.10902322295512	0.067245110016377	0.0662527487602928	0.754020925817645	0.976741325876412	0.979570687627873	0.979214959278607	0.982820480621862	0.9720535312388	0.776053304378709	0.776053304378709	0.198265019388942	0.157750701616476	0.0805490627173157	0.210255916116504	0.161164211231864	0.0774994018323302
G:	0.368825660287391	0.0298216911223319	0.161599282644967	0.100170272866676	0.0848116747797	0.140368648729291	0.0180652982902438	0.00416444116104179	0.00444602191190496	0.00498349335652693	0.00648163529214358	0.00349178813142746	0.0214082050810759	0.0214082050810759	0.0412359210698379	0.0535340484392165	0.0346191215778756	0.0269778799768243	0.0150141024933602	0.0286084361152952
T:	0.290846215237227	0.138191986064955	0.115162494911365	0.101717999879376	0.604650866859772	0.195723247696936	0.14057995738411	0.0150904347563826	0.0116129715150439	0.0123631601367663	0.00614795728829987	0.0214781743325396	0.0758064689578987	0.0758064689578987	0.276834136327787	0.399785658112124	0.215935603165372	0.193933671538118	0.360488598214148	0.146711996671631



4	GGGGGG..A	0.479436188382183

Enrichment score matrix

A:	0.0256410256410256	0.145098039215686	0.0556818181818182	0.0772413793103448	0.106798579401319	0.0785714285714286	0.00414540816326531	-0.127754336615096	-0.0720880681818182	-0.0704787234042553	-0.000339673913043478	-0.0267104029990628	0.0172413793103448	0.085112205801861	0.0508658008658009	0.204690831556503	-0.00245614035087719	-0.0103550295857988	0.0612244897959184	0.0618729096989967
C:	-0.151851851851852	-0.2	-0.158479532163743	-0.121510673234811	-0.111500701262272	-0.128164556962025	-0.133136094674556	-0.0853763440860215	-0.201704545454545	-0.129521016617791	-0.175611413043478	-0.161043423930022	-0.267066766691673	-0.137657361795293	0.0147727272727273	-0.00857142857142857	-0.00412087912087912	0.0264270613107822	-0.105263157894737	0.0876623376623377
G:	-0.0436507936507936	0.0576923076923077	0.0644555694618273	-0.0298245614035088	0.00583460172501268	0.0423280423280423	0.256691729323308	0.341117216117216	0.419642857142857	0.395043731778426	0.386904761904762	0.44327731092437	0.379213483146067	0.267477203647416	-0.0667438271604938	-0.0337701612903226	0.00507416081186573	0.0725108225108225	0.0666666666666667	0.0401785714285714
T:	0.202380952380952	0.172348484848485	0.172514619883041	0.2	0.103809523809524	0.139152666179693	0.0599404318689501	-0.030239099859353	-0.103258810155362	-0.154610622352558	-0.177309782608696	-0.196513002364066	-0.0713235294117647	0.0334269662921348	0.172067901234568	0.105846774193548	0.205263157894737	0.143763213530655	0.235294117647059	-0.0517241379310345

Energy matrix for enoLOGOS

A:	-0.236162573640415	-1.33640232848282	-0.512848497985038	-0.711419394249195	-0.983651267529674	-0.723669600655272	-0.0381806201644421	1.17666092422105	0.663955644712772	0.649133031535555	0.00312851235461148	0.246011903094022	-0.158798971930624	-0.783912385244826	-0.468491339267187	-1.88527222965824	0.022621888632924	0.0953733470470907	-0.563898390120991	-0.569870558132306
C:	1.39860724167046	1.84206807439524	1.45965043321962	1.11915465932059	1.02695941033956	1.18043919324378	1.22622874774831	0.786345188747214	1.85776751821111	1.19293264837424	1.61744088733413	1.48326474906396	2.45977582327346	1.26787115684292	-0.136061846404194	0.0789457746169387	0.0379546993350667	-0.243402229703388	0.969509512839598	-0.807399967673237
G:	0.402038667030706	-0.531365790690934	-0.593657733612983	0.274694361971219	-0.0537386678222862	-0.389855677120685	-2.36421819773885	-3.14180566718052	-3.86505354895429	-3.63848723149496	-3.56352454868126	-4.08273491278776	-3.49268525341793	-2.46355608733709	0.614733365876497	0.311034679900405	-0.0467347481794264	-0.667849355976628	-0.614022691465079	-0.3700583185169
T:	-1.86399745623328	-1.58738820804893	-1.5889183682649	-1.84206807439524	-0.95612104813848	-1.28164341918295	-0.552071779556279	0.278512402246819	0.951048787936154	1.42401645699013	1.63308344910719	1.80995163929201	0.656913982413007	-0.307873737153136	-1.58480393746195	-0.974884817598286	-1.89054355003722	-1.32410812958643	-2.16713891105322	0.476396915791872

Probability matrix

A:	0.146711996671631	0.360488598214148	0.193933671538118	0.215935603165372	0.399785658112124	0.276834136327787	0.0758064689578987	0.0124990746965115	0.0105574094191016	0.0133628510397171	0.0271791672846052	0.0129284715050521	0.0338267989356533	0.14057995738411	0.195723247696936	0.604650866859772	0.101717999879376	0.115162494911365	0.138191986064955	0.290846215237227
C:	0.0286084361152952	0.0150141024933602	0.0269778799768243	0.0346191215778756	0.0535340484392165	0.0412359210698379	0.0214082050810759	0.0184667229472054	0.00319956881214859	0.00775764593809292	0.00540940116427913	0.00375158766140977	0.00246620013957609	0.0180652982902438	0.140368648729291	0.0848116747797	0.100170272866676	0.161599282644967	0.0298216911223319	0.368825660287391
G:	0.0774994018323302	0.161164211231864	0.210255916116504	0.0805490627173157	0.157750701616476	0.198265019388942	0.776053304378709	0.938348306236181	0.978320300155777	0.972722469311695	0.962085988903586	0.980613884800403	0.948744600708957	0.754020925817645	0.0662527487602928	0.067245110016377	0.10902322295512	0.247044092606199	0.145295299979543	0.238169455421659
T:	0.747180165380743	0.463333088060629	0.568832532368553	0.668896212539437	0.388929591832184	0.483664923213433	0.126732021582316	0.0306858961201018	0.00792272161297317	0.00615703371049533	0.00532544264752928	0.00270605603313525	0.0149624002158132	0.0873338185080016	0.597655354813481	0.243292348344151	0.689088504298828	0.476194129837468	0.686691022833171	0.102158669053723



5	A..GGGGGG	0.478204188629253

Enrichment score matrix

A:	0.0256410256410256	0.145098039215686	0.0556818181818182	0.0772413793103448	0.106798579401319	0.0785714285714286	0.00414540816326531	-0.09375	-0.031524926686217	-0.0615030131159163	-0.0123626373626374	-0.000170241743275451	-0.0262745098039216	0.085112205801861	0.0508658008658009	0.204690831556503	-0.00245614035087719	-0.0103550295857988	0.0612244897959184	0.0618729096989967
C:	-0.151851851851852	-0.2	-0.158479532163743	-0.121510673234811	-0.111500701262272	-0.128164556962025	-0.133136094674556	-0.112723214285714	-0.12133431085044	-0.0815972222222222	-0.180925666199158	-0.144875723527409	-0.122887864823349	-0.137657361795293	0.0147727272727273	-0.00857142857142857	-0.00412087912087912	0.0264270613107822	-0.105263157894737	0.0876623376623377
G:	-0.0436507936507936	0.0576923076923077	0.0644555694618273	-0.0298245614035088	0.00583460172501268	0.0423280423280423	0.256691729323308	0.323137744486059	0.388888888888889	0.384990253411306	0.398148148148148	0.392787524366472	0.319444444444444	0.267477203647416	-0.0667438271604938	-0.0337701612903226	0.00507416081186573	0.0725108225108225	0.0666666666666667	0.0401785714285714
T:	0.202380952380952	0.172348484848485	0.172514619883041	0.2	0.103809523809524	0.139152666179693	0.0599404318689501	0.0260416666666667	-0.16235632183908	-0.201041666666667	-0.161616161616162	-0.202898550724638	-0.0385714285714286	0.0334269662921348	0.172067901234568	0.105846774193548	0.205263157894737	0.143763213530655	0.235294117647059	-0.0517241379310345

Energy matrix for enoLOGOS

A:	-0.236162573640415	-1.33640232848282	-0.512848497985038	-0.711419394249195	-0.983651267529674	-0.723669600655272	-0.0381806201644421	0.863469409872767	0.290355304981654	0.566463684699705	0.1138640980052	0.00156798440108549	0.241997178400943	-0.783912385244826	-0.468491339267187	-1.88527222965824	0.022621888632924	0.0953733470470907	-0.563898390120991	-0.569870558132306
C:	1.39860724167046	1.84206807439524	1.45965043321962	1.11915465932059	1.02695941033956	1.18043919324378	1.22622874774831	1.03821917139464	1.11753030173171	0.751538190074446	1.6663869677208	1.33435472532375	1.13183906260844	1.26787115684292	-0.136061846404194	0.0789457746169387	0.0379546993350667	-0.243402229703388	0.969509512839598	-0.807399967673237
G:	0.402038667030706	-0.531365790690934	-0.593657733612983	0.274694361971219	-0.0537386678222862	-0.389855677120685	-2.36421819773885	-2.97620861374927	-3.58179903354629	-3.54589127381149	-3.66707996291644	-3.61770679328109	-2.94219206327017	-2.46355608733709	0.614733365876497	0.311034679900405	-0.0467347481794264	-0.667849355976628	-0.614022691465079	-0.3700583185169
T:	-1.86399745623328	-1.58738820804893	-1.5889183682649	-1.84206807439524	-0.95612104813848	-1.28164341918295	-0.552071779556279	-0.239852613853546	1.49535698568004	1.85166217894938	1.48853985809716	1.86876471315459	0.355255985776224	-0.307873737153136	-1.58480393746195	-0.974884817598286	-1.89054355003722	-1.32410812958643	-2.16713891105322	0.476396915791872

Probability matrix

A:	0.146711996671631	0.360488598214148	0.193933671538118	0.215935603165372	0.399785658112124	0.276834136327787	0.0758064689578987	0.0194687650029868	0.0200872768439276	0.0158232725941402	0.0220643098957351	0.0258205798498617	0.0378052641704397	0.14057995738411	0.195723247696936	0.604650866859772	0.101717999879376	0.115162494911365	0.138191986064955	0.290846215237227
C:	0.0286084361152952	0.0150141024933602	0.0269778799768243	0.0346191215778756	0.0535340484392165	0.0412359210698379	0.0214082050810759	0.016347281674566	0.00878382204045579	0.0131498098695392	0.00467130509645674	0.00680995220400738	0.0155274041496388	0.0180652982902438	0.140368648729291	0.0848116747797	0.100170272866676	0.161599282644967	0.0298216911223319	0.368825660287391
G:	0.0774994018323302	0.161164211231864	0.210255916116504	0.0805490627173157	0.157750701616476	0.198265019388942	0.776053304378709	0.905501931347456	0.965108915071273	0.966650268764024	0.967683844671488	0.963378734185887	0.912910272736698	0.754020925817645	0.0662527487602928	0.067245110016377	0.10902322295512	0.247044092606199	0.145295299979543	0.238169455421659
T:	0.747180165380743	0.463333088060629	0.568832532368553	0.668896212539437	0.388929591832184	0.483664923213433	0.126732021582316	0.0586820219749912	0.00601998604434344	0.00437664877229695	0.00558054033632016	0.00399073376024415	0.0337570589432236	0.0873338185080016	0.597655354813481	0.243292348344151	0.689088504298828	0.476194129837468	0.686691022833171	0.102158669053723



