ACATGTC

Enrichment Score Matrix

A:	-0.0656565656565657	-0.118604651162791	-0.0263157894736842	0.0611672278338945	-0.0511853448275862	0.0445696721311475	0.103513770180437	0.265053128689492	-0.104063349864022	0.32252346193952	-0.0367873651771957	-0.145720720720721	-0.132306255835668	-0.0808612440191388	0.0285714285714286	0.0140291806958474	-0.0206659012629162	-0.0360623781676413	0.0725338491295938	-0.0625
C:	0.15	-0.0535714285714286	0.0486815415821501	-0.0043956043956044	0.00512295081967213	-0.00555555555555556	-0.295849420849421	-0.199045599151644	0.38256157635468	-0.0833784027402199	-0.194722650231125	-0.0827406353722143	0.145204689602153	0.258128078817734	0.051010101010101	0.0137362637362637	-0.0157004830917874	0.0137221269296741	0.111607142857143	-0.0353535353535354
G:	-0.0353535353535354	0.111607142857143	0.0137221269296741	-0.0157004830917874	0.0137362637362637	0.051010101010101	0.258128078817734	0.01875	-0.105744949494949	-0.112244897959184	-0.0607671461329998	0.379556650246305	-0.276323616894706	-0.295849420849421	-0.00555555555555556	0.00512295081967213	-0.0043956043956044	0.0486815415821501	-0.0535714285714286	0.15
T:	-0.0625	0.0725338491295938	-0.0360623781676413	-0.0206659012629162	0.0140291806958474	0.0285714285714286	-0.0808612440191388	-0.0584051724137931	-0.0955384615384615	-0.0713035870516185	0.33599550056243	-0.124771062271062	0.298228128460687	0.103513770180437	0.0445696721311475	-0.0511853448275862	0.0611672278338945	-0.0263157894736842	-0.118604651162791	-0.0656565656565657

Energy matrix for enoLOGOS

PO	1	2	3	4	5	6	7	8	9	10	11	12	13	14	15	16	17	18	19	20
A:	0.604719317351972	1.0923892069088	0.2423773782099	-0.563370987960384	0.47143444791904	-0.41050185059525	-0.953397056548342	-2.44122953188743	0.958458872495682	-2.97055086241109	0.338824154670156	1.34213743708752	1.21858564958826	0.744759580317691	-0.263152582056462	-0.129213529348712	0.190339984725111	0.332146777546899	-0.668061438973127	0.575646273248511
C:	-1.38155105579643	0.493411091355867	-0.448373567804114	0.0404850126240711	-0.0471841207580747	0.0511685576220899	2.72487386487519	1.83327771773057	-3.52352233146636	0.767943468909137	1.79346188676193	0.762069414371666	-1.33738461484298	-2.37744746547563	-0.469820392711916	-0.126515664450222	0.144606793279819	-0.126385459649759	-1.02793977365806	0.325618093958754
G:	0.325618093958754	-1.02793977365806	-0.126385459649759	0.144606793279819	-0.126515664450222	-0.469820392711916	-2.37744746547563	-0.172693881974553	0.973946977465916	1.03381371522182	0.559686099318544	-3.49584593921559	2.54503456441579	2.72487386487519	0.0511685576220899	-0.0471841207580747	0.0404850126240711	-0.448373567804114	0.493411091355867	-1.38155105579643
T:	0.575646273248511	-0.668061438973127	0.332146777546899	0.190339984725111	-0.129213529348712	-0.263152582056462	0.744759580317691	0.537931517414988	0.879941749384186	0.65673030648824	-3.09463292363249	1.14918395208952	-2.74678257162036	-0.953397056548342	-0.41050185059525	0.47143444791904	-0.563370987960384	0.2423773782099	1.0923892069088	0.604719317351972

Probability matrix

A:	0.0939872475415702	0.0589303187300135	0.186730906606991	0.398413395093437	0.158192980313698	0.281346523289804	0.186490665991326	0.856004655065857	0.0109318327063439	0.935791468956829	0.0302857006915757	0.00767969208900607	0.0149501640586911	0.0341316311028992	0.242799941931046	0.288433241163122	0.187500061738463	0.170698557464382	0.342683182224153	0.0967598516648085
C:	0.685007290837357	0.107268369765774	0.372567982457335	0.217812401075774	0.265717642543205	0.177313026224202	0.00471198973611937	0.011914647966032	0.966479578212943	0.0222623816115515	0.00707125478714264	0.0137171582539158	0.192614838219236	0.774665713169655	0.298540508554948	0.287656135979974	0.196274142092327	0.270002553471292	0.49111812928006	0.124245609956264
G:	0.124245609956264	0.49111812928006	0.270002553471292	0.196274142092327	0.287656135979974	0.298540508554948	0.774665713169655	0.0885653027750762	0.0107638237624554	0.0170649744381627	0.0242839037101715	0.969289016519796	0.00396804432023554	0.00471198973611937	0.177313026224202	0.265717642543205	0.217812401075774	0.372567982457335	0.107268369765774	0.685007290837357
T:	0.0967598516648085	0.342683182224153	0.170698557464382	0.187500061738463	0.288433241163122	0.242799941931046	0.0341316311028992	0.0435153941930353	0.0118247653182581	0.0248811749934564	0.93835914081111	0.00931413313728247	0.788466953401837	0.186490665991326	0.281346523289804	0.158192980313698	0.398413395093437	0.186730906606991	0.0589303187300135	0.0939872475415702

