1	CCCCCCC	0.49599273464196

Enrichment score matrix

A:	-0.0714285714285714	0.217647058823529	0.173361522198731	0.125263157894737	0.106854838709677	0.179783950617284	0.0682584269662921	0.0682584269662921	-0.109536365633927	-0.140447154471545	-0.164475126013588	-0.118949181739879	-0.143104643104643	0.134648796227352	0.159970781592403	0.0952380952380952	0.227407407407407	0.171345029239766	0.15530303030303	0.238095238095238
C:	0.160714285714286	0.0717948717948718	0.091991341991342	0.142466822794692	0.0922379032258065	-0.00270061728395062	0.285106382978723	0.285106382978723	0.426739926739927	0.430133928571429	0.419244391971665	0.428057553956835	0.420248447204969	0.261503759398496	0.0701058201058201	0.104769152714358	-0.00350877192982456	0.112015018773467	0.16025641025641	-0.0833333333333333
G:	0.0454545454545455	-0.117543859649123	0.0169133192389006	-0.0776098901098901	-0.0417142857142857	0.0477272727272727	-0.0623973727422003	-0.0623973727422003	-0.123883928571429	-0.11195652173913	-0.108157467532468	-0.105808423913043	-0.180746140651801	-0.187799380107072	-0.102056962025316	-0.0937353903693315	-0.0911330049261084	-0.159649122807018	-0.210204081632653	-0.140740740740741
T:	0.00167224080267559	0.0816326530612245	-0.029585798816568	0.0108771929824561	0.133262260127932	-0.0450937950937951	-0.0399562123700055	-0.0399562123700055	-0.0779220779220779	-0.10875649740104	-0.0925925925925926	-0.112897959183673	-0.0013154747668022	-0.0318877551020408	0.0462406015037594	0.0134449518011162	0.023448275862069	0.0193181818181818	0.105882352941176	0.0480769230769231

Energy matrix for enoLOGOS

A:	0.657881455141156	-2.00460349272423	-1.59671862685422	-1.15371632027912	-0.984169434908745	-1.65587137860374	-0.628683345615228	-0.628683345615228	1.0088672105977	1.29356609695844	1.51487189330882	1.09556245079234	1.31804247180394	-1.24016124393077	-1.4733853480371	-0.877175273521541	-2.09449962533088	-1.57814604034446	-1.43039376989024	-2.19293818380385
C:	-1.4802332740676	-0.661255206193162	-0.847271571015125	-1.31216792965313	-0.849542483907077	0.024873604399627	-2.62592682945704	-2.62592682945704	-3.93041997558691	-3.96167988767815	-3.86138354910123	-3.94255577073801	-3.87063123955223	-2.40853863261152	-0.645698465231134	-0.964959556982791	0.0323169837613199	-1.03169644967693	-1.47601608525259	0.767528364331349
G:	-0.418651835089827	1.08261895600422	-0.155777427010168	0.714813504143756	0.384202769802435	-0.439584426844318	0.574701041272734	0.574701041272734	1.14101314876044	1.03115767207994	0.996167089744989	0.974531598461475	1.66473347632417	1.72969621243227	0.939979357583012	0.863334850201601	0.83936599449044	1.47042276114006	1.9360511394154	1.29627012642628
T:	-0.0154019069765488	-0.751864520161321	0.272495277277402	-0.100182649660092	-1.22739077451708	0.415329201478003	0.368010315902716	0.368010315902716	0.717688860153988	1.00168435872752	0.852809293701498	1.03982863138311	0.0121159703529943	0.293697078188016	-0.425891678854538	-0.123832582373094	-0.215966601825648	-0.177927029913176	-0.975212509973949	-0.442804825575778

Probability matrix

A:	0.0695478863330312	0.62801444725962	0.536602300255093	0.373866855216413	0.293779479195251	0.621659370700323	0.11064406458546	0.11064406458546	0.00699864157464627	0.00512275123538406	0.00452837474497321	0.00635462953348723	0.00541627265313285	0.223026044141253	0.532654774856647	0.365233604939098	0.754590926140947	0.533910932557294	0.368253036349284	0.796133626997232
C:	0.59000455458513	0.163893181756479	0.253613173924427	0.438058008589699	0.256775577507364	0.115774846231436	0.815304699312102	0.815304699312102	0.977504852110269	0.981358297639517	0.979085077871274	0.979754303180666	0.970762250210526	0.71742322842094	0.23280160951389	0.398744733247147	0.0899594644290091	0.309135422503046	0.385442727827205	0.0412355396231667
G:	0.20408749879093	0.0286553660602753	0.127016376232771	0.0577065051183897	0.0747730264074589	0.184215331902705	0.0332127565921969	0.0332127565921969	0.00613230151960633	0.00665987070213301	0.00760699259629317	0.00717221447647959	0.00382943346536701	0.011443605451566	0.0476798466604893	0.0640732550321015	0.0401374640165018	0.0253216618903094	0.0127091904769403	0.0243020020207313
T:	0.136360060290909	0.179437004923626	0.0827681495877083	0.130368631075498	0.374671916889926	0.0783504511655356	0.040838479510241	0.040838479510241	0.00936420479547877	0.00685908042296626	0.00877955478745915	0.00671885280936675	0.0199920436709741	0.0481071219862412	0.186863768968974	0.171948406781654	0.115312145413542	0.131631983049351	0.23359504534657	0.13832883135887



2	CCCCCC.A	0.492695082033974

Enrichment score matrix

A:	-0.0714285714285714	0.217647058823529	0.173361522198731	0.125263157894737	0.106854838709677	0.179783950617284	0.0682584269662921	0.0134920634920635	-0.19291705498602	-0.183104820875719	-0.160027472527473	-0.161504424778761	-0.0674189814814815	0.134648796227352	0.159970781592403	0.0952380952380952	0.227407407407407	0.171345029239766	0.15530303030303	0.238095238095238
C:	0.160714285714286	0.0717948717948718	0.091991341991342	0.142466822794692	0.0922379032258065	-0.00270061728395062	0.285106382978723	0.329678735339113	0.416356011183597	0.432882882882883	0.425557136083452	0.395752895752896	0.317069701280228	0.261503759398496	0.0701058201058201	0.104769152714358	-0.00350877192982456	0.112015018773467	0.16025641025641	-0.0833333333333333
G:	0.0454545454545455	-0.117543859649123	0.0169133192389006	-0.0776098901098901	-0.0417142857142857	0.0477272727272727	-0.0623973727422003	-0.159123055162659	-0.137923637923638	-0.098015873015873	-0.132743362831858	-0.129547689282203	-0.105324074074074	-0.187799380107072	-0.102056962025316	-0.0937353903693315	-0.0911330049261084	-0.159649122807018	-0.210204081632653	-0.140740740740741
T:	0.00167224080267559	0.0816326530612245	-0.029585798816568	0.0108771929824561	0.133262260127932	-0.0450937950937951	-0.0399562123700055	-0.0944444444444444	-0.0736253494874185	-0.135135135135135	-0.12470365101944	-0.104587155963303	-0.112903225806452	-0.0318877551020408	0.0462406015037594	0.0134449518011162	0.023448275862069	0.0193181818181818	0.105882352941176	0.0480769230769231

Energy matrix for enoLOGOS

A:	0.657881455141156	-2.00460349272423	-1.59671862685422	-1.15371632027912	-0.984169434908745	-1.65587137860374	-0.628683345615228	-0.124266497082218	1.77683173998049	1.6864577240151	1.47390749084509	1.48751072379261	0.620951766976404	-1.24016124393077	-1.4733853480371	-0.877175273521541	-2.09449962533088	-1.57814604034446	-1.43039376989024	-2.19293818380385
C:	-1.4802332740676	-0.661255206193162	-0.847271571015125	-1.31216792965313	-0.849542483907077	0.024873604399627	-2.62592682945704	-3.03645336587588	-3.83478057891925	-3.98699869255365	-3.91952607105198	-3.64501887307938	-2.92031987043171	-2.40853863261152	-0.645698465231134	-0.964959556982791	0.0323169837613199	-1.03169644967693	-1.47601608525259	0.767528364331349
G:	-0.418651835089827	1.08261895600422	-0.155777427010168	0.714813504143756	0.384202769802435	-0.439584426844318	0.574701041272734	1.46557749907683	1.27032365061791	0.902759552332586	1.22261155380215	1.1931783126921	0.970070571585455	1.72969621243227	0.939979357583012	0.863334850201601	0.83936599449044	1.47042276114006	1.9360511394154	1.29627012642628
T:	-0.0154019069765488	-0.751864520161321	0.272495277277402	-0.100182649660092	-1.22739077451708	0.415329201478003	0.368010315902716	0.869865479575528	0.678114528784826	1.24464059080759	1.14856307151718	0.963283304958977	1.0398771387715	0.293697078188016	-0.425891678854538	-0.123832582373094	-0.215966601825648	-0.177927029913176	-0.975212509973949	-0.442804825575778

Probability matrix

A:	0.0695478863330312	0.62801444725962	0.536602300255093	0.373866855216413	0.293779479195251	0.621659370700323	0.11064406458546	0.0500726345034927	0.00358108740473854	0.00338084736810606	0.00447172143871698	0.00576446662256841	0.0271194978405533	0.223026044141253	0.532654774856647	0.365233604939098	0.754590926140947	0.533910932557294	0.368253036349284	0.796133626997232
C:	0.59000455458513	0.163893181756479	0.253613173924427	0.438058008589699	0.256775577507364	0.115774846231436	0.815304699312102	0.921185576158318	0.979731757667696	0.98395758875695	0.983587897247867	0.976761225306743	0.93591492860557	0.71742322842094	0.23280160951389	0.398744733247147	0.0899594644290091	0.309135422503046	0.385442727827205	0.0412355396231667
G:	0.20408749879093	0.0286553660602753	0.127016376232771	0.0577065051183897	0.0747730264074589	0.184215331902705	0.0332127565921969	0.0102126857161989	0.00594276544398746	0.00740255011055522	0.00574924982376373	0.00773724004444186	0.0191276348869182	0.011443605451566	0.0476798466604893	0.0640732550321015	0.0401374640165018	0.0253216618903094	0.0127091904769403	0.0243020020207313
T:	0.136360060290909	0.179437004923626	0.0827681495877083	0.130368631075498	0.374671916889926	0.0783504511655356	0.040838479510241	0.0185291036219901	0.0107443894835783	0.0052590137643891	0.00619113148965177	0.00973706802624687	0.0178379386669584	0.0481071219862412	0.186863768968974	0.171948406781654	0.115312145413542	0.131631983049351	0.23359504534657	0.13832883135887



3	CCCCCCA	0.491671860678277

Enrichment score matrix

A:	-0.0714285714285714	0.217647058823529	0.173361522198731	0.125263157894737	0.106854838709677	0.179783950617284	0.0682584269662921	-0.0968992248062016	-0.213331105913799	-0.19998166147075	-0.190276110444178	-0.133790279508635	-0.0195246179966044	0.134648796227352	0.159970781592403	0.0952380952380952	0.227407407407407	0.171345029239766	0.15530303030303	0.238095238095238
C:	0.160714285714286	0.0717948717948718	0.091991341991342	0.142466822794692	0.0922379032258065	-0.00270061728395062	0.285106382978723	0.381056554853346	0.42459630911188	0.424916307986609	0.42156862745098	0.397483402809943	0.339780957428016	0.261503759398496	0.0701058201058201	0.104769152714358	-0.00350877192982456	0.112015018773467	0.16025641025641	-0.0833333333333333
G:	0.0454545454545455	-0.117543859649123	0.0169133192389006	-0.0776098901098901	-0.0417142857142857	0.0477272727272727	-0.0623973727422003	-0.236174242424242	-0.128175182481752	-0.129457364341085	-0.151162790697674	-0.203703703703704	-0.106349206349206	-0.187799380107072	-0.102056962025316	-0.0937353903693315	-0.0911330049261084	-0.159649122807018	-0.210204081632653	-0.140740740740741
T:	0.00167224080267559	0.0816326530612245	-0.029585798816568	0.0108771929824561	0.133262260127932	-0.0450937950937951	-0.0399562123700055	-0.111351139041634	-0.123630672926448	-0.162458078516473	-0.114885114885115	-0.0951545530492899	-0.140609732264999	-0.0318877551020408	0.0462406015037594	0.0134449518011162	0.023448275862069	0.0193181818181818	0.105882352941176	0.0480769230769231

Energy matrix for enoLOGOS

A:	0.657881455141156	-2.00460349272423	-1.59671862685422	-1.15371632027912	-0.984169434908745	-1.65587137860374	-0.628683345615228	0.892474842245754	1.96485209739619	1.84189917029892	1.75250774184661	1.23225401273635	0.179828377381538	-1.24016124393077	-1.4733853480371	-0.877175273521541	-2.09449962533088	-1.57814604034446	-1.43039376989024	-2.19293818380385
C:	-1.4802332740676	-0.661255206193162	-0.847271571015125	-1.31216792965313	-0.849542483907077	0.024873604399627	-2.62592682945704	-3.50966057117193	-3.91067652760523	-3.91362382616013	-3.88279054897035	-3.66095743209089	-3.12949826982798	-2.40853863261152	-0.645698465231134	-0.964959556982791	0.0323169837613199	-1.03169644967693	-1.47601608525259	0.767528364331349
G:	-0.418651835089827	1.08261895600422	-0.155777427010168	0.714813504143756	0.384202769802435	-0.439584426844318	0.574701041272734	2.17524515982089	1.18053705789709	1.19234638924033	1.39226075390338	1.8761804461433	0.979512388765721	1.72969621243227	0.939979357583012	0.863334850201601	0.83936599449044	1.47042276114006	1.9360511394154	1.29627012642628
T:	-0.0154019069765488	-0.751864520161321	0.272495277277402	-0.100182649660092	-1.22739077451708	0.415329201478003	0.368010315902716	1.02558189138069	1.13868057806904	1.49629419931394	1.0581310117655	0.876405821527224	1.29506349377308	0.293697078188016	-0.425891678854538	-0.123832582373094	-0.215966601825648	-0.177927029913176	-0.975212509973949	-0.442804825575778

Probability matrix

A:	0.0695478863330312	0.62801444725962	0.536602300255093	0.373866855216413	0.293779479195251	0.621659370700323	0.11064406458546	0.0119363612503515	0.00276481100384451	0.00312247992719267	0.00351396751130734	0.00733493550624344	0.0343123787443856	0.223026044141253	0.532654774856647	0.365233604939098	0.754590926140947	0.533910932557294	0.368253036349284	0.796133626997232
C:	0.59000455458513	0.163893181756479	0.253613173924427	0.438058008589699	0.256775577507364	0.115774846231436	0.815304699312102	0.974305317356488	0.984861384230463	0.98648737835801	0.984411533810461	0.97834274512587	0.939016294987274	0.71742322842094	0.23280160951389	0.398744733247147	0.0899594644290091	0.309135422503046	0.385442727827205	0.0412355396231667
G:	0.20408749879093	0.0286553660602753	0.127016376232771	0.0577065051183897	0.0747730264074589	0.184215331902705	0.0332127565921969	0.00330957238109208	0.00605744030598628	0.00597856346353084	0.00503791714690901	0.00385249960447296	0.0154224181362981	0.011443605451566	0.0476798466604893	0.0640732550321015	0.0401374640165018	0.0253216618903094	0.0127091904769403	0.0243020020207313
T:	0.136360060290909	0.179437004923626	0.0827681495877083	0.130368631075498	0.374671916889926	0.0783504511655356	0.040838479510241	0.0104487490120686	0.00631636445970659	0.00441157825126688	0.00703658153132255	0.0104698197634134	0.0112489081320421	0.0481071219862412	0.186863768968974	0.171948406781654	0.115312145413542	0.131631983049351	0.23359504534657	0.13832883135887



4	A.CCCCCC	0.490783476109762

Enrichment score matrix

A:	-0.0714285714285714	0.217647058823529	0.173361522198731	0.125263157894737	0.106854838709677	0.179783950617284	0.0682584269662921	-0.0182795698924731	-0.171680376028202	-0.120818915801615	-0.157142857142857	-0.176252096812844	-0.0631720430107527	0.134648796227352	0.159970781592403	0.0952380952380952	0.227407407407407	0.171345029239766	0.15530303030303	0.238095238095238
C:	0.160714285714286	0.0717948717948718	0.091991341991342	0.142466822794692	0.0922379032258065	-0.00270061728395062	0.285106382978723	0.378403465346535	0.422916666666667	0.418870192307692	0.449147727272727	0.438870614035088	0.367105263157895	0.261503759398496	0.0701058201058201	0.104769152714358	-0.00350877192982456	0.112015018773467	0.16025641025641	-0.0833333333333333
G:	0.0454545454545455	-0.117543859649123	0.0169133192389006	-0.0776098901098901	-0.0417142857142857	0.0477272727272727	-0.0623973727422003	-0.197635135135135	-0.105361459019996	-0.1675	-0.125786163522013	-0.173376467768991	-0.0818826563507415	-0.187799380107072	-0.102056962025316	-0.0937353903693315	-0.0911330049261084	-0.159649122807018	-0.210204081632653	-0.140740740740741
T:	0.00167224080267559	0.0816326530612245	-0.029585798816568	0.0108771929824561	0.133262260127932	-0.0450937950937951	-0.0399562123700055	-0.0409090909090909	-0.0896103896103896	-0.107266435986159	-0.126254826254826	-0.0358585858585859	-0.133699633699634	-0.0318877551020408	0.0462406015037594	0.0134449518011162	0.023448275862069	0.0193181818181818	0.105882352941176	0.0480769230769231

Energy matrix for enoLOGOS

A:	0.657881455141156	-2.00460349272423	-1.59671862685422	-1.15371632027912	-0.984169434908745	-1.65587137860374	-0.628683345615228	0.168361060563006	1.5812346984086	1.112783337906	1.44733920131054	1.6233418029208	0.581836018122151	-1.24016124393077	-1.4733853480371	-0.877175273521541	-2.09449962533088	-1.57814604034446	-1.43039376989024	-2.19293818380385
C:	-1.4802332740676	-0.661255206193162	-0.847271571015125	-1.31216792965313	-0.849542483907077	0.024873604399627	-2.62592682945704	-3.48522471377688	-3.89520644898159	-3.85793704282897	-4.13680344548135	-4.04214773452135	-3.3811644260281	-2.40853863261152	-0.645698465231134	-0.964959556982791	0.0323169837613199	-1.03169644967693	-1.47601608525259	0.767528364331349
G:	-0.418651835089827	1.08261895600422	-0.155777427010168	0.714813504143756	0.384202769802435	-0.439584426844318	0.574701041272734	1.8202868640561	0.97041489966218	1.54273201230601	1.15853338012279	1.59685628064337	0.754167135551886	1.72969621243227	0.939979357583012	0.863334850201601	0.83936599449044	1.47042276114006	1.9360511394154	1.29627012642628
T:	-0.0154019069765488	-0.751864520161321	0.272495277277402	-0.100182649660092	-1.22739077451708	0.415329201478003	0.368010315902716	0.376786651580844	0.825342189177087	0.987960385921321	1.16284992341166	0.330269781015308	1.23141913398216	0.293697078188016	-0.425891678854538	-0.123832582373094	-0.215966601825648	-0.177927029913176	-0.975212509973949	-0.442804825575778

Probability matrix

A:	0.0695478863330312	0.62801444725962	0.536602300255093	0.373866855216413	0.293779479195251	0.621659370700323	0.11064406458546	0.0246205862886638	0.00409893018093157	0.00680669539847767	0.00370595614193322	0.00339673805257142	0.018188788962378	0.223026044141253	0.532654774856647	0.365233604939098	0.754590926140947	0.533910932557294	0.368253036349284	0.796133626997232
C:	0.59000455458513	0.163893181756479	0.253613173924427	0.438058008589699	0.256775577507364	0.115774846231436	0.815304699312102	0.950671624842154	0.979622365007028	0.981053629162129	0.986421689590458	0.98073776733539	0.957002359870609	0.71742322842094	0.23280160951389	0.398744733247147	0.0899594644290091	0.309135422503046	0.385442727827205	0.0412355396231667
G:	0.20408749879093	0.0286553660602753	0.127016376232771	0.0577065051183897	0.0747730264074589	0.184215331902705	0.0332127565921969	0.00471928417610591	0.00754998673969829	0.00442804452793093	0.00494683072840206	0.00348790439884056	0.0153095114060616	0.011443605451566	0.0476798466604893	0.0640732550321015	0.0401374640165018	0.0253216618903094	0.0127091904769403	0.0243020020207313
T:	0.136360060290909	0.179437004923626	0.0827681495877083	0.130368631075498	0.374671916889926	0.0783504511655356	0.040838479510241	0.0199885046930759	0.00872871807234236	0.0077116309114628	0.00492552353920636	0.0123775902131983	0.00949933976095175	0.0481071219862412	0.186863768968974	0.171948406781654	0.115312145413542	0.131631983049351	0.23359504534657	0.13832883135887



5	GGGGGG..A	0.489418716504054

Enrichment score matrix

A:	0.0480769230769231	0.105882352941176	0.0193181818181818	0.023448275862069	0.0134449518011162	0.0462406015037594	-0.0318877551020408	-0.0893108298171589	-0.0166903409090909	-0.0428856382978723	-0.0404211956521739	-0.0782567947516401	-0.0114942528735632	-0.0399562123700055	-0.0450937950937951	0.133262260127932	0.0108771929824561	-0.029585798816568	0.0816326530612245	0.00167224080267559
C:	-0.140740740740741	-0.210204081632653	-0.159649122807018	-0.0911330049261084	-0.0937353903693315	-0.102056962025316	-0.187799380107072	-0.107311827956989	-0.165838068181818	-0.103779732811991	-0.12398097826087	-0.10699781318338	-0.257314328582146	-0.0623973727422003	0.0477272727272727	-0.0417142857142857	-0.0776098901098901	0.0169133192389006	-0.117543859649123	0.0454545454545455
G:	-0.0833333333333333	0.16025641025641	0.112015018773467	-0.00350877192982456	0.104769152714358	0.0701058201058201	0.261503759398496	0.323717948717949	0.352872670807453	0.356413994169096	0.345238095238095	0.376750700280112	0.354333868378812	0.285106382978723	-0.00270061728395062	0.0922379032258065	0.142466822794692	0.091991341991342	0.0717948717948718	0.160714285714286
T:	0.238095238095238	0.15530303030303	0.171345029239766	0.227407407407407	0.0952380952380952	0.159970781592403	0.134648796227352	-0.0382090951711205	-0.143804471390678	-0.172857608341479	-0.150815217391304	-0.142730496453901	-0.0334558823529412	0.0682584269662921	0.179783950617284	0.106854838709677	0.125263157894737	0.173361522198731	0.217647058823529	-0.0714285714285714

Energy matrix for enoLOGOS

A:	-0.442804825575778	-0.975212509973949	-0.177927029913176	-0.215966601825648	-0.123832582373094	-0.425891678854538	0.293697078188016	0.822583141519673	0.153723720697046	0.394991325792862	0.372292970198766	0.720771716082485	0.105865981287083	0.368010315902716	0.415329201478003	-1.22739077451708	-0.100182649660092	0.272495277277402	-0.751864520161321	-0.0154019069765488
C:	1.29627012642628	1.9360511394154	1.47042276114006	0.83936599449044	0.863334850201601	0.939979357583012	1.72969621243227	0.988378461422821	1.52742505458554	0.955846662911181	1.14190700943319	0.985486278476052	2.36995254882808	0.574701041272734	-0.439584426844318	0.384202769802435	0.714813504143756	-0.155777427010168	1.08261895600422	-0.418651835089827
G:	0.767528364331349	-1.47601608525259	-1.03169644967693	0.0323169837613199	-0.964959556982791	-0.645698465231134	-2.40853863261152	-2.98155249221024	-3.25007740610495	-3.28269419963291	-3.17976036651559	-3.47000218496021	-3.26353553308787	-2.62592682945704	0.024873604399627	-0.849542483907077	-1.31216792965313	-0.847271571015125	-0.661255206193162	-1.4802332740676
T:	-2.19293818380385	-1.43039376989024	-1.57814604034446	-2.09449962533088	-0.877175273521541	-1.4733853480371	-1.24016124393077	0.351918771831251	1.32448812852026	1.59207740871077	1.3890594854475	1.31459645380157	0.30814006391538	-0.628683345615228	-1.65587137860374	-0.984169434908745	-1.15371632027912	-1.59671862685422	-2.00460349272423	0.657881455141156

Probability matrix

A:	0.13832883135887	0.23359504534657	0.131631983049351	0.115312145413542	0.171948406781654	0.186863768968974	0.0481071219862412	0.0206890649579338	0.0316040522137988	0.0241385358162101	0.0272406608021987	0.0146212635122681	0.0322768839065024	0.040838479510241	0.0783504511655356	0.374671916889926	0.130368631075498	0.0827681495877083	0.179437004923626	0.136360060290909
C:	0.0243020020207313	0.0127091904769403	0.0253216618903095	0.0401374640165018	0.0640732550321015	0.0476798466604893	0.011443605451566	0.0175281818643421	0.00800113985253281	0.0137763619716675	0.0126176509193823	0.0112207227219546	0.00335437256471238	0.0332127565921969	0.184215331902705	0.0747730264074589	0.0577065051183897	0.127016376232771	0.0286553660602753	0.20408749879093
G:	0.0412355396231667	0.385442727827205	0.309135422503046	0.0899594644290091	0.398744733247147	0.23280160951389	0.71742322842094	0.928658369854424	0.950593450015439	0.954793498738465	0.950287030402032	0.966083988623421	0.938002692865882	0.815304699312102	0.115774846231436	0.256775577507364	0.438058008589699	0.253613173924427	0.163893181756479	0.59000455458513
T:	0.796133626997232	0.368253036349285	0.533910932557294	0.754590926140947	0.365233604939098	0.532654774856647	0.223026044141253	0.0331243833232997	0.00980135791822942	0.00729160347365711	0.00985465787638675	0.0080740251423561	0.0263660506629037	0.11064406458546	0.621659370700323	0.293779479195251	0.373866855216413	0.536602300255093	0.62801444725962	0.0695478863330312



