1	TAC.GGAA	0.495149207760301

Enrichment score matrix

A:	0.13963963963964	0.036281179138322	0.201636904761905	-0.026027397260274	-0.0227272727272727	-0.0126794258373206	0.277859960552268	0.0029585798816568	-0.0903003246753247	-0.14039039039039	-0.138176638176638	0.274263120057513	0.368069252684637	-0.0192057291666667	-0.0546471600688468	-0.144686299615877	0.0864197530864197	0.0072463768115942
C:	-0.073469387755102	-0.0576923076923077	-0.154017857142857	0.0377551020408163	-0.157930107526882	-0.286034255599473	0.105234159779614	0.267258382642998	0.151508620689655	-0.17017017017017	-0.343304843304843	-0.0886743886743887	-0.127586206896552	0.0029296875	0.0507745266781411	0.0510907003444317	-0.0466666666666667	-0.050125313283208
G:	-0.0256410256410256	-0.0274122807017544	-0.10655737704918	-0.13265306122449	0.00604838709677419	-0.0356459330143541	-0.248058252427184	-0.211770943796394	0.0556034482758621	0.360161443494777	0.274271312732851	-0.149652528157201	-0.269011615165461	-0.0445963541666667	-0.14255677039529	0.057618437900128	-0.0477582846003899	0.0641025641025641
T:	-0.0341880341880342	0.0487179487179487	0.0733652312599681	0.108767123287671	0.191826215022091	0.302869912961656	-0.140264976958525	-0.0532591414944356	-0.0877314814814815	-0.0690690690690691	0.20721016874863	-0.0470635559131134	0.0279421433267587	0.0623604465709729	0.157466063348416	0.0291925465838509	-0.00617283950617284	0.00645994832041344

Energy matrix for enoLOGOS

A:	-1.28612861050118	-0.334162008960587	-1.85714452440889	0.239721187763764	0.209325917544913	0.116781827682952	-2.55918481243027	-0.0272495277277402	0.8316967259597	1.29304328045011	1.27265386906224	-2.52605668720986	-3.39004309768442	0.176891302716991	0.503318944595945	1.33261006662395	-0.795955340788065	-0.0667415968983781
C:	0.676678068145189	0.531365790690934	1.41855688764812	-0.347737340574611	1.45459004530538	2.63447285211598	-0.969242430329174	-2.46154067140586	-1.39544596584036	1.56732518842438	3.16195445818556	0.81672130196803	1.17511239228662	-0.026983419058524	-0.467650672931665	-0.470562740014857	0.429815884025555	0.461671196590285
G:	0.236162573640415	0.252476435635312	0.981429711767954	1.22177984526215	-0.0557077038627592	0.328311175938864	2.28470093693196	1.95048247325943	-0.512126684476262	-3.31720948344916	-2.52613214453828	1.37835072185457	2.47768853968897	0.410747601224198	1.31299637767028	-0.530685424761752	0.439870056751299	-0.590406434101037
T:	0.314883431520553	-0.448708889916788	-0.675718751373053	-1.00178222676015	-1.76678473262135	-2.78953498680765	1.29188818005542	0.490534821082992	0.80803680578217	0.636149635301658	-1.90847618270951	0.433471369075307	-0.257356650761991	-0.574360938667095	-1.45031604047408	-0.268873290362038	0.0568539529134332	-0.0594983228163836

Probability matrix

A:	0.640874757806821	0.322748431347503	0.712687095567179	0.150721322879792	0.101978715468798	0.0495557265654001	0.810983528583521	0.0760922004462509	0.066089718031991	0.00959707073920628	0.0143118699876969	0.903069143245087	0.946218766709636	0.194655812241064	0.0897683125039601	0.0541295476255559	0.497427819535479	0.234163183245427
C:	0.0900195954224451	0.135822022389345	0.0269326971492751	0.271209372869314	0.0293560891599277	0.0039964513350446	0.165389841313396	0.868039232561403	0.61287185894842	0.00729490393007888	0.00216363282612927	0.0319132451442785	0.00984849160388132	0.238676160312099	0.237033543084896	0.328505312644409	0.146010601910625	0.138048551137523
G:	0.139846146962387	0.179510683604994	0.0416986282160019	0.0564510522244935	0.132926685719282	0.0401077056738003	0.0063876216128285	0.0105298467014924	0.253366382536538	0.964597276787059	0.638981355045501	0.0181994561544697	0.00267712152478517	0.154065314874796	0.0399470414249403	0.348861744089571	0.144549941270798	0.395315062604044
T:	0.129259499808347	0.361918862658157	0.218681579067544	0.521618252026401	0.735738509651993	0.906340116425755	0.0172390084902553	0.0453387202908534	0.0676720404830515	0.0185107485436558	0.344543142140672	0.0468181554561652	0.041255620161698	0.412602712572041	0.633251102986204	0.268503395640464	0.212011637283098	0.232473203013007



2	T.CCGGTA	0.494325253163361

Enrichment score matrix

A:	-0.08	-0.0367965367965368	0.119967793880837	0.113876319758673	0.0301724137931034	0.0335132703553756	0.192886456908345	0.0642839100783026	-0.196165191740413	-0.0477582846003899	-0.0645645645645646	0.13265306122449	0.353194726166329	0.117730496453901	-0.0102201257861635	-0.170967741935484	0.0871428571428571	0.0101010101010101
C:	0.06	-0.0185714285714286	-0.0487421383647799	-0.171111111111111	-0.147270114942529	-0.231111111111111	0.019047619047619	0.30668449197861	0.327268195413759	-0.0116959064327485	-0.236103896103896	-0.176388888888889	-0.0977038985888543	-0.0452586206896552	-0.0399698340874811	-0.00786163522012579	-0.02	0.00721153846153846
G:	0.00721153846153846	-0.02	-0.00786163522012579	-0.0399698340874811	-0.0452586206896552	-0.141467727674624	-0.176388888888889	-0.239304812834225	-0.0384615384615385	0.257352941176471	0.310545839957605	0.019047619047619	-0.254531215036921	-0.147270114942529	-0.171111111111111	-0.0487421383647799	-0.0185714285714286	0.06
T:	0.0101010101010101	0.0871428571428571	-0.170967741935484	-0.0102201257861635	0.117730496453901	0.38065143412737	0.13265306122449	-0.123687423687424	-0.0622767857142857	-0.185858585858586	-0.00120948234155781	0.192886456908345	0.0359492481203008	0.0301724137931034	0.113876319758673	0.119967793880837	-0.0367965367965368	-0.08

Energy matrix for enoLOGOS

A:	0.736827229758095	0.33890862840605	-1.10494421531759	-1.04883966528537	-0.277898200878592	-0.308668626951069	-1.77654992127037	-0.592076692262677	1.80674818506317	0.439870056751299	0.594661615608072	-1.22177984526215	-3.25304364557881	-1.08433794450216	0.0941308371349767	1.57467109585399	-0.80261537527221	-0.0930337411310726
C:	-0.552620422318571	0.171049178336701	0.448931684797581	1.57599157476037	1.35640788524075	2.12861199707894	-0.175435054704308	-2.82466855792959	-3.01425147268313	0.1077232792044	2.17459724626658	1.62460170450135	0.899886161672392	0.416847301317888	0.368135776557117	0.0724083362576744	0.184206807439524	-0.0664207238363667
G:	-0.0664207238363667	0.184206807439524	0.0724083362576744	0.368135776557117	0.416847301317888	1.30296592353332	1.62460170450135	2.20407877885526	0.354243860460622	-2.37030818396446	-2.86023288711078	-0.175435054704308	2.3443191257827	1.35640788524075	1.57599157476037	0.448931684797581	0.171049178336701	-0.552620422318571
T:	-0.0930337411310726	-0.80261537527221	1.57467109585399	0.0941308371349767	-1.08433794450216	-3.50592927139395	-1.22177984526215	1.139203271894	0.573590393701195	1.71182083681174	0.0111397440396422	-1.77654992127037	-0.331104811304595	-0.277898200878592	-1.04883966528537	-1.10494421531759	0.33890862840605	0.736827229758095

Probability matrix

A:	0.109211300382604	0.154282478767233	0.629679395600124	0.612081787043474	0.254180748199769	0.0388313651138719	0.552727224656259	0.0946781122257486	0.00753040799482683	0.0518480705620764	0.0288572996419455	0.317378332187822	0.931744891735547	0.569344309602316	0.195174769326055	0.043189416759143	0.483141322280152	0.250421503516758
C:	0.396522265018292	0.182480743057	0.133131171472246	0.0443465392269937	0.049587537144631	0.00339379130408971	0.111469359297213	0.882778845948593	0.934441365491924	0.0722740034582194	0.00594426774396328	0.0184250838587064	0.0146454432870223	0.126887405053284	0.148396904403478	0.194000016168487	0.180095455895615	0.243844931082346
G:	0.243844931082346	0.180095455895615	0.194000016168487	0.148396904403478	0.126887405053284	0.00774923205521468	0.0184250838587064	0.00577955895760333	0.0321834886929583	0.86134572503496	0.913476348300954	0.111469359297213	0.00345456410089784	0.049587537144631	0.0443465392269937	0.133131171472246	0.182480743057	0.396522265018292
T:	0.250421503516758	0.483141322280152	0.043189416759143	0.195174769326055	0.569344309602316	0.950025611526824	0.317378332187822	0.0167634828680548	0.0258447378202908	0.0145322009447445	0.0517220843131374	0.552727224656259	0.050155100876533	0.254180748199769	0.612081787043474	0.629679395600124	0.154282478767233	0.109211300382604



3	T.CC.GTAA	0.494236152540039

Enrichment score matrix

A:	-0.0671296296296296	0.0811111111111111	-0.00852272727272727	0.0236686390532544	-0.0252659574468085	0.0610242766877286	0.132330827067669	-0.199300699300699	-0.0492822966507177	-0.0208333333333333	-0.0659498207885305	0.316532258064516	0.295246179966044	0.100365797896662	-0.00491803278688525	-0.0833333333333333	0.166666666666667
C:	-0.00989010989010989	-0.0307328605200946	0.0235215053763441	-0.0468354430379747	-0.246171391332682	-0.0974481658692185	0.272089761570827	0.350502948317725	0.0572916666666667	-0.24609375	-0.307233146067416	-0.125	-0.117353723404255	-0.0748581405499782	0.00327868852459016	0.026395173453997	-0.167613636363636
G:	0.0651105651105651	-0.0168067226890756	0.0522875816993464	-0.114683544303797	-0.0621527777777778	-0.132535885167464	-0.290865384615385	-0.0858480749219563	-0.0126953125	0.206019288327236	0.135944700460829	-0.316447368421053	-0.148936170212766	-0.153708439897698	-0.0797962648556876	-0.0687074829931973	-0.0511363636363636
T:	0.0162037037037037	-0.0517751479289941	-0.0617897727272727	0.12734962406015	0.343123938879457	0.178749584303292	-0.0964972527472528	-0.0380434782608696	0.00581975390754905	0.0639553429027113	0.265591397849462	0.131578947368421	-0.020460358056266	0.110213880401571	0.073959938366718	0.123188405797101	0.0625

Energy matrix for enoLOGOS

A:	0.618286737933586	-0.747060941282513	0.0784972190793425	-0.217996221821921	0.232708067908973	-0.562054359247632	-1.21881195899835	1.83562727693232	0.453906726465812	0.191882091082837	0.607420296933196	-2.9153698354844	-2.719317811013	-0.924403160333229	0.0452967559277517	0.767528364331349	-1.5350567286627
C:	0.0910912784041601	0.28306010599454	-0.216641070577397	0.431370371852049	2.26732230401695	0.897530776280295	-2.50603931579717	-3.22825145538742	-0.527675750477802	2.26660720091601	2.82972184883398	1.15129254649702	1.08086773647194	0.689468954078531	-0.0301978372851678	-0.243108531688662	1.54377864189374
G:	-0.599690466480022	0.154795636503801	-0.481586424678493	1.05627447810259	0.572448238397131	1.22070061389349	2.67896919473346	0.79068999031013	0.116928149253604	-1.89750776868615	-1.25209696301059	2.91458797297404	1.37175282135815	1.41570704950324	0.734950759733244	0.632819304469112	0.470983314476055
T:	-0.149241626397762	0.476866735235453	0.569104838325233	-1.17293338383719	-3.16028826685295	-1.64634451278257	0.888772542762812	0.350393383716485	-0.0536019143696652	-0.589050476740423	-2.44618717406249	-1.2118868910495	0.188446861830715	-1.01510735221475	-0.681196206247853	-1.13460714727243	-0.575646273248511

Probability matrix

A:	0.121522157087691	0.486179815416102	0.212477290550089	0.227245939469277	0.0316479122787784	0.229471131080112	0.209883580198243	0.00600737081206827	0.148576652081253	0.0878033871753654	0.0348181523639521	0.831862990030833	0.914339567208092	0.418344015394858	0.215147086054717	0.0862683137980896	0.63952856439776
C:	0.205879710483727	0.17354856933851	0.285423317923632	0.118707949544217	0.00413736018319428	0.0533136339853491	0.760351140674909	0.950383812608777	0.396502948610961	0.0110273104981643	0.00377287503108479	0.0142535410393639	0.0204506869314934	0.0832986200466068	0.232018360499995	0.237009272130351	0.0294265084549694
G:	0.410786581591358	0.197299320346883	0.37200926445499	0.0635458800101328	0.0225318984290847	0.0385911223060219	0.00425788195616804	0.017080278102541	0.208112662128547	0.709449940420202	0.223554700792156	0.00244418062328243	0.0152889659398464	0.0402936499695571	0.107949973513592	0.098708536012755	0.0860295845635758
T:	0.261811550837225	0.142972294898504	0.13009012707129	0.590500230976372	0.941682829108943	0.678624112628518	0.0255073971706798	0.0265285384766135	0.246807737179239	0.191719361906268	0.737854271812807	0.151439288306521	0.0499207799205684	0.458063714588978	0.444884579931696	0.578013878058804	0.245015342583695



4	T.AC.GGAA	0.492021170819757

Enrichment score matrix

A:	0.0395894428152493	0.00518518518518519	0.15692007797271	0.0214285714285714	0.0147849462365591	0.0641110376734964	0.20687237026648	-0.0315789473684211	-0.0291895604395604	-0.0763955342902711	-0.0679945054945055	0.249327956989247	0.311827956989247	0.0881207400194742	-0.0614478114478114	-0.0576923076923077	-0.00337837837837838
C:	0.0183823529411765	0.204545454545455	-0.185897435897436	-0.0194117647058824	-0.193548387096774	-0.28015427769986	0.15187969924812	0.232190860215054	0.105082417582418	-0.091952111739275	-0.302541208791209	-0.0967105263157895	-0.0920698924731183	-0.110082304526749	0.1171875	0.068733153638814	-0.00203252032520325
G:	0.0411140583554377	-0.193181818181818	0.0668859649122807	0.00496894409937888	-0.0562800274536719	0.0688172043010753	-0.1996632996633	-0.170065789473684	0.162431318681319	0.316760891253741	0.225806451612903	-0.114800759013283	-0.213157894736842	-0.0362976406533575	-0.0636604774535809	-0.144871794871795	0.012987012987013
T:	-0.10625	-0.0188216039279869	-0.00101010101010101	0.0384068278805121	0.234728894989705	0.155263157894737	-0.140603085553997	-0.0256578947368421	-0.173211781206171	-0.139234449760766	0.163533834586466	-0.0292096219931271	-0.00193423597678917	0.086734693877551	0.0260770975056689	0.105731225296443	-0.00549450549450549

Energy matrix for enoLOGOS

A:	-0.364632243465333	-0.0477573204472839	-1.4452873293257	-0.197364436542347	-0.136174387220078	-0.59048447857349	-1.90536494371176	0.290852853851879	0.268845786956722	0.703628873712375	0.6262525390286	-2.29639534812041	-2.87204162136892	-0.811622009409781	0.565955258547358	0.531365790690934	0.0311160147701898
C:	-0.169307727426033	-1.88393325790422	1.71217865889301	0.178788960161891	1.78264652360829	2.58031625428085	-1.39886372566856	-2.13855685384259	-0.967844833044201	0.84691024704071	2.78650750951615	0.890736864921381	0.847995047688667	1.01389549362289	-1.07933676234096	-0.63305573985281	0.0187202040080817
G:	-0.378674471526872	1.77927029913176	-0.616042502950161	-0.0457656664446022	0.518358208992483	-0.633829875060727	1.83896694969087	1.56636380668148	-1.49604773212388	-2.91747562497749	-2.07975427754301	1.05735406547355	1.96325676350019	0.334313625117103	0.586334665589996	1.33431854106834	-0.119614810025665
T:	0.978598664522469	0.173353378523283	0.00930337411310726	-0.353739957387421	-2.16193301799304	-1.43002653143841	1.2950022753024	0.236317943754652	1.5953394613451	1.28239667380147	-1.5062022788758	0.269030560693462	0.0178149717059501	-0.798856052671404	-0.240178943940422	-0.973820572926336	0.0506062657800889

Probability matrix

A:	0.322819115170924	0.121432541025632	0.583972977800274	0.269172104509851	0.108127682942052	0.227191405486382	0.599880410772894	0.0730592722903288	0.0947817613499195	0.0251218858509038	0.0407826593647911	0.867205216376383	0.919319103056734	0.405453226976581	0.106365046647894	0.109205282667103	0.240624368440148
C:	0.265540570087897	0.761686328195911	0.0248383473400808	0.184785847232248	0.0158709733832015	0.00953521822298546	0.36148809250529	0.829381936495669	0.326447003952321	0.0217683708788401	0.00470206608656252	0.035807000995449	0.0222779326576331	0.0653323955953039	0.551239310327345	0.34990124892941	0.243625665903235
G:	0.327384191718624	0.0195374135539318	0.254833370995463	0.231308472536056	0.0561923250186081	0.237255650689411	0.0141880268104885	0.0204045947442207	0.55361556451948	0.939026697977008	0.610491146909067	0.0303114713194147	0.00730336284505587	0.128904250661911	0.104219328561122	0.048924421443453	0.279770019060628
T:	0.0842561230225548	0.0973437172245252	0.136355303864182	0.314733575721845	0.819809018656139	0.526017725601221	0.0244434699113269	0.0771541964697811	0.0251556701782794	0.0140830452932482	0.344024127639579	0.0666763113087537	0.0510996014405766	0.400310126766204	0.23817631446364	0.491969046960034	0.235979946595989



5	TTAATAA	0.48813950184159

Enrichment score matrix

A:	0.0923809523809524	-0.0432692307692308	-0.0463320463320463	0.062111801242236	0.103085553997195	0.075219298245614	0.118352450469239	0.0512003000750188	0.115990774553142	0.271272443403591	0.330952380952381	0.157099184782609	0.185912698412698	0.182738095238095	0.0254545454545455	0.0534274193548387	0.0545679012345679	-0.0204013377926421	0.177142857142857	0.171875
C:	-0.0295238095238095	0.0590863952333664	0.0181236673773987	-0.0464190981432361	0.018543956043956	-0.0696465696465697	-0.139659574468085	-0.121905476369092	-0.183897435897436	-0.257063232750336	-0.330952380952381	-0.274252704933064	-0.115983606557377	-0.128517823639775	0.00270536153467782	0.0120967741935484	-0.0176136363636364	-0.00167224080267559	-0.0384615384615385	-0.161442006269592
G:	-0.136904761904762	-0.0211538461538462	-0.0748792270531401	-0.0612535612535613	-0.067671809256662	-0.0488945578231293	-0.0669731386334956	-0.131496062992126	-0.226008064516129	-0.0956179127426485	-0.330952380952381	-0.20473729543497	-0.208618331053352	-0.154468412942989	-0.110673880964092	-0.142137096774194	-0.0639506172839506	0.0394456289978678	-0.120689655172414	0.0893416927899686
T:	0.0285087719298246	0.00977835723598435	0.0903755868544601	0.066213921901528	-0.0374313186813187	0.0452581032412965	0.106297872340426	0.213714285714286	0.275956284153005	0.0965711805555556	0.330952380952381	0.317279942279942	0.158401639344262	0.110655737704918	0.0988786952089704	0.0705263157894737	0.0253036437246964	-0.0159914712153518	-0.059748427672956	-0.07

Energy matrix for enoLOGOS

A:	-0.850860015315895	0.3985243430182	0.426733916848317	-0.572070830557527	-0.949453039747896	-0.692795339383296	-1.09006635267914	-0.47157219083824	-1.0683145136436	-2.49851153728472	-3.04818407548736	-1.44693696400781	-1.71231923185351	-1.68308005606946	-0.234445027650303	-0.492084717454373	-0.50258894375475	0.187903265113895	-1.63154600875007	-1.58302725143341
C:	0.271924334791678	-0.544205811452416	-0.166925145334323	0.427535693659372	-0.1707961470078	0.641468612185451	1.28631221705642	1.12279093056724	1.69375797814906	2.36763987075113	3.04818407548736	2.52596076036867	1.06824849396281	1.18369289958793	-0.0249173005636345	-0.111415407725518	0.162227586097308	0.0154019069765488	0.354243860460622	1.48693582807766
G:	1.26093945568722	0.194834123253342	0.689663167949907	0.564166148140991	0.623280396841306	0.450335519888291	0.616845402594042	1.2111234977323	2.0816112010051	0.880673522017711	3.04818407548736	1.88570017779392	1.92144583683498	1.4227066599239	1.01934411396687	1.30913104077484	0.589006952183168	-0.363307669257056	1.11159280351437	-0.822867400004142
T:	-0.262575493060725	-0.0900619984221921	-0.832389916246674	-0.609852758076522	0.344755185626856	-0.416842535442379	-0.979039585072192	-1.96838131378234	-2.54165130483496	-0.889453443040235	-3.04818407548736	-2.92225626159923	-1.45893301383967	-1.01917700837441	-0.910706438411508	-0.649571373602531	-0.233055171355673	0.14728689294205	0.550303355558325	0.644723826038333

Probability matrix

A:	0.499582444894723	0.155692699096786	0.140810726847221	0.366628890630484	0.515300771828302	0.427164233431321	0.460993845191229	0.1707556559679	0.182822445024518	0.805247544039742	0.498877013730643	0.184265586714505	0.536311539325285	0.618616867158731	0.246129588309816	0.33122815404703	0.382587123816499	0.20140666126107	0.760761270452681	0.616604517149339
C:	0.162550429531686	0.399660062235741	0.25495210092361	0.134928311982022	0.236534449321264	0.112494531247655	0.0428200359266486	0.0346698523429633	0.0115471995491065	0.00620278466190773	0.00112298626935749	0.00346766133048573	0.0332530833951202	0.0351882834579362	0.199603011590464	0.2263625947967	0.1967905316963	0.239326185098287	0.104431330852725	0.0286245505892752
G:	0.0604594666821785	0.190866533570268	0.10825476395267	0.117696957058008	0.106913202808753	0.136188193049503	0.0836359069324198	0.0317387373601925	0.00783491260595127	0.0274389813394058	0.00112298626935749	0.00657806731557259	0.014167493547504	0.0277073968142155	0.0702506132253066	0.0546851212948839	0.128426981577372	0.349511683007419	0.0489686741851525	0.288319139503037
T:	0.277407658891412	0.253780705097204	0.495982408276498	0.380745840329487	0.141251576041682	0.32415304227152	0.412550211949703	0.762835754328944	0.797795442820424	0.161110689958944	0.498877013730643	0.805688684639437	0.41626788373209	0.318487452569117	0.484016786874414	0.387724129861386	0.292195362909829	0.209755470633225	0.0858387245094412	0.0664517927583493



