1	T.CC.GGAA	0.499024977587572

Enrichment score matrix

A:	-0.1546875	0.0273279352226721	0.0846560846560847	0.0208333333333333	-0.0335771276595745	0.0126404494382022	0.184081346423562	-0.225772471910112	0.0113636363636364	-0.0072463768115942	-0.0204301075268817	0.394787644787645	0.283054711246201	-0.00202429149797571	-0.0360710321864595	-0.0939393939393939	-0.213793103448276
C:	0.091016548463357	-0.0411764705882353	0.11358024691358	-0.013972602739726	-0.129321808510638	-0.230688202247191	0.119548872180451	0.256912442396313	0.0330056179775281	-0.113194444444444	-0.247542134831461	-0.0511583011583012	-0.0645833333333333	-0.0781433607520564	-0.014957264957265	-0.0831842576028623	0.175324675324675
G:	0.0964912280701754	0.0272536687631027	-0.093006993006993	-0.0934246575342466	-0.0214194373401535	-0.0274725274725275	-0.214478114478114	-0.0639044943820225	0.233333333333333	0.342325227963526	0.178955453149002	-0.334942084942085	-0.181307456588355	0.0578093306288032	-0.0531475748194014	-0.0154471544715447	0.0580357142857143
T:	-0.00983899821109123	-0.0137844611528822	-0.133333333333333	0.13795045045045	0.20298833819242	0.27726574500768	-0.0722300140252454	0.0491039426523298	-0.197435897435897	-0.192708333333333	0.115412186379928	-0.0657142857142857	-0.0170138888888889	0.0553830227743271	0.138179800221976	0.154600301659125	-0.0162337662337662

Energy matrix for enoLOGOS

A:	1.42472452629007	-0.251699585064126	-0.77971135424137	-0.191882091082837	0.309256774457977	-0.116422841780598	-1.69545185669267	2.07944131291457	-0.104662958772457	0.0667415968983781	0.188168244158653	-3.63612858314504	-2.60703023446894	0.0186444137084538	0.3322264840058	0.865213792518975	1.96910725193974
C:	-0.838293390829984	0.379249309434313	-1.04611273360717	0.128692427115284	1.19109787390251	2.12471686249591	-1.10108580386783	-2.36625104026577	-0.30399297576045	1.04255936155008	2.27994731820337	0.471185366520017	0.594834482356795	0.719726950336564	0.137761501290242	0.766155326112509	-1.61479993534647
G:	-0.888717053436298	-0.251015565693271	0.856626062568414	0.86047289502572	0.19728030847903	0.253031328900445	1.97541643668311	0.588582144557467	-2.14907942012778	-3.15293186745841	-1.64824063492354	3.08493060721596	1.66990338715605	-0.532443611767386	0.489507254031758	0.142273550461421	-0.534528682302189
T:	0.090620522443415	0.126959579062328	1.22804538293016	-1.27057060311608	-1.869591686294	-2.55371188501029	0.665263014245124	-0.452264025433956	1.8184518170312	1.77490934251624	-1.06298551963309	0.605250938729863	0.15670370771765	-0.510096490580461	-1.27268299257607	-1.42392139989074	0.149518512532081

Probability matrix

A:	0.0407866890379609	0.310927691915591	0.37961609550691	0.199375286973079	0.0879613327382939	0.0755319603873501	0.59818649745007	0.00968291096333997	0.0990944223630634	0.0376250603543692	0.0918121318476023	0.968950094251982	0.894752644273734	0.202922801542175	0.124277109947793	0.071270681747756	0.0180472286012095
C:	0.392043850176627	0.165440479354632	0.495497271121848	0.144693019994594	0.0364177472547873	0.00803186037167859	0.330146508520404	0.82555420844774	0.120953137092815	0.0141802841901111	0.0113357944537055	0.0159410757506638	0.0364041430469676	0.100659454501593	0.150954552185427	0.0786921585775179	0.649952523970935
G:	0.412319015352992	0.310715084073617	0.0739081458771071	0.0696048275853145	0.098383566519089	0.0522010031631904	0.0152264535545116	0.0430009300182851	0.765469689168549	0.941377089013101	0.576026302191094	0.00116783769837923	0.0124237962169081	0.352099442999097	0.106190331042527	0.14685200181196	0.220661105906773
T:	0.15485044543242	0.21291674465616	0.0509784874941346	0.586326865447013	0.77723735348783	0.864235176077781	0.056440540475014	0.121761950570635	0.0144827513755727	0.00681756644241833	0.320825771507598	0.0139409922989754	0.0564194164623899	0.344318300957135	0.618578006824253	0.703185157862766	0.111339141521083



2	TT.C.GGAA	0.498969355503642

Enrichment score matrix

A:	0.0249266862170088	-0.017037037037037	0.165692007797271	0.0137362637362637	0.00277777777777778	0.0264375413086583	0.184081346423562	-0.241750841750842	-0.0460164835164835	-0.0231738969225065	-0.134920634920635	0.27726574500768	0.302051671732523	0.0433300876338851	-0.0462962962962963	-0.0307692307692308	-0.0945945945945946
C:	0.0919117647058824	0.173295454545455	-0.0558608058608059	-0.00294117647058824	-0.164303438496987	-0.364656381486676	0.119548872180451	0.320300751879699	0.136675824175824	-0.0431961438635521	-0.341269841269841	-0.0274725274725275	-0.097660404112017	-0.114711934156379	0.1078125	0.0417789757412399	0.107723577235772
G:	-0.0437665782493369	-0.09375	0.0482456140350877	0.0229813664596273	-0.00289410963568267	0.122939068100358	-0.214478114478114	-0.13288920056101	0.20364010989011	0.329365079365079	0.341269841269841	-0.230688202247191	-0.201878766394895	0.0839382940108893	-0.0318302387267905	-0.0269230769230769	0.025974025974026
T:	-0.053125	-0.0728314238952537	-0.126262626262626	0.0177809388335704	0.203267477203647	0.231954887218045	-0.0722300140252454	0.0859046283309958	-0.220196353436185	-0.235632183908046	0.145833333333333	0.0126404494382022	0.0173611111111111	0.0190166975881262	-0.0018896447467876	0.0138339920948617	-0.0164835164835165

Energy matrix for enoLOGOS

A:	-0.229583264404098	0.156916910041076	-1.526079788729	-0.126515664450222	-0.025584278811045	-0.243498754050924	-1.69545185669267	2.226607537737	0.423827475908245	0.213439478401376	1.24266497082218	-2.55371188501029	-2.78199870658095	-0.399084855455638	0.426404646850749	0.283395088368498	0.871248413565315
C:	-0.846538637130164	-1.59611012127996	0.514497035430904	0.0270892363881652	1.5132905928433	3.35860939230548	-1.10108580386783	-2.95007894621192	-1.25883086127971	0.397851187740165	3.14321139678552	0.253031328900445	0.899485562736419	1.05653595830797	-0.992989821353682	-0.384798586969355	-0.992170812428329
G:	0.403105082593122	0.863469409872767	-0.444358526718149	-0.211666207306285	0.0266557348184534	-1.13231066221786	1.97541643668311	1.22395476892671	-1.87559472547455	-3.03356448759533	-3.14321139678552	2.12471686249591	1.85937215237165	-0.7731002580833	0.293167332794998	0.247970702322436	-0.239229620051329
T:	0.489299332261235	0.670802203850966	1.16292176413841	-0.163768498790473	-1.8721626515985	-2.13638346222154	0.665263014245124	-0.79121086645658	2.02808336381523	2.17025261638519	-1.34317463757986	-0.116422841780598	-0.159901742569031	-0.17515025753758	0.0174042713000306	-0.127415775896904	0.151818797340267

Probability matrix

A:	0.258282119859385	0.12716890543575	0.650654504743877	0.250975844816921	0.117621884097198	0.0990295540573112	0.59818649745007	0.00496852021201757	0.0604255217852682	0.036119223217197	0.0105560406150841	0.864235176077781	0.902950525321624	0.286846718647836	0.12849424967514	0.181989916446113	0.0797778374340668
C:	0.478668287967195	0.734025080920262	0.0845549790547985	0.215239593896756	0.0252442961652949	0.00270015771713951	0.330146508520404	0.8799002384622	0.325079542648509	0.0300365061446973	0.00157798992896702	0.0522010031631904	0.0227413190729147	0.0669085778539441	0.531274385832474	0.355009644509063	0.514227083963731
G:	0.137189629860653	0.0627377705302065	0.220579356737092	0.273282823261388	0.111635052796006	0.240863465458551	0.0152264535545116	0.0135417136365826	0.602347043358392	0.928740334240304	0.8477405500295	0.00803186037167859	0.00870847686624542	0.416948784098692	0.146807391800901	0.188552346282037	0.242190298144336
T:	0.125859962312768	0.0760682431137819	0.0442111594642318	0.260501738024935	0.745498766941501	0.657406822766998	0.056440540475014	0.1015895276892	0.0121478922078305	0.00510393639780129	0.140125419426449	0.0755319603873501	0.0655996787392157	0.229295919399528	0.193423972691485	0.274448092762788	0.163804780457865



3	T.CCGG.AA	0.498891433806688

Enrichment score matrix

A:	-0.1546875	0.0273279352226721	0.0846560846560847	0.0208333333333333	-0.0315755208333333	0.0126404494382022	-0.0319148936170213	-0.23936170212766	0.0113636363636364	-0.0452473958333333	-0.0204301075268817	0.315087719298246	0.19645390070922	-0.00202429149797571	-0.0360710321864595	-0.0939393939393939	-0.213793103448276
C:	0.091016548463357	-0.0411764705882353	0.11358024691358	-0.013972602739726	-0.1923828125	-0.230688202247191	0.255902777777778	0.248958333333333	0.0330056179775281	-0.175844806007509	-0.247542134831461	-0.00100806451612903	-0.117816091954023	-0.0781433607520564	-0.014957264957265	-0.0831842576028623	0.175324675324675
G:	0.0964912280701754	0.0272536687631027	-0.093006993006993	-0.0934246575342466	-0.0200250312891114	-0.0274725274725275	-0.144614361702128	0.0322473404255319	0.233333333333333	0.338775510204082	0.178955453149002	-0.284274193548387	-0.100574712643678	0.0578093306288032	-0.0531475748194014	-0.0154471544715447	0.0580357142857143
T:	-0.00983899821109123	-0.0137844611528822	-0.133333333333333	0.13795045045045	0.25578231292517	0.27726574500768	-0.0684840425531915	-0.03125	-0.197435897435897	-0.0960286458333333	0.115412186379928	-0.01681537405628	-0.0560344827586207	0.0553830227743271	0.138179800221976	0.154600301659125	-0.0162337662337662

Energy matrix for enoLOGOS

A:	1.42472452629007	-0.251699585064126	-0.77971135424137	-0.191882091082837	0.290821294297425	-0.116422841780598	0.293947033148176	2.20460274861132	-0.104662958772457	0.416743916570537	0.188168244158653	-2.90206514176653	-1.80940729293433	0.0186444137084538	0.3322264840058	0.865213792518975	1.96910725193974
C:	-0.838293390829984	0.379249309434313	-1.04611273360717	0.128692427115284	1.77191118484307	2.12471686249591	-2.35695168546752	-2.2929909884399	-0.30399297576045	1.61959051597328	2.27994731820337	0.00928461731045986	1.0851263081926	0.719726950336564	0.137761501290242	0.766155326112509	-1.61479993534647
G:	-0.888717053436298	-0.251015565693271	0.856626062568414	0.86047289502572	0.184437354132189	0.253031328900445	1.33194749395267	-0.297008981410136	-2.14907942012778	-3.12023775866948	-1.64824063492354	2.61826208154968	0.926327336261973	-0.532443611767386	0.489507254031758	0.142273550461421	-0.534528682302189
T:	0.090620522443415	0.126959579062328	1.22804538293016	-1.27057060311608	-2.35584216317214	-2.55371188501029	0.630761341963795	0.287823136624256	1.8184518170312	0.884456513584952	-1.06298551963309	0.154875318540437	0.516096658774527	-0.510096490580461	-1.27268299257607	-1.42392139989074	0.149518512532081

Probability matrix

A:	0.0407866890379609	0.310927691915591	0.37961609550691	0.199375286973079	0.0608030982201892	0.0755319603873501	0.0615954385871704	0.00910730562234798	0.0990944223630634	0.0275559407681237	0.0918121318476023	0.904618673901054	0.821081866509404	0.202922801542175	0.124277109947793	0.071270681747756	0.0180472286012095
C:	0.392043850176627	0.165440479354632	0.495497271121848	0.144693019994594	0.0138259996844078	0.00803186037167859	0.872608094985732	0.81784321058754	0.120953137092815	0.00827609756578764	0.0113357944537055	0.0492132915772601	0.0454262085334016	0.100659454501593	0.150954552185427	0.0786921585775179	0.649952523970935
G:	0.412319015352992	0.310715084073617	0.0739081458771071	0.0696048275853145	0.0676281749493479	0.0522010031631904	0.0218147720673395	0.111128660881037	0.765469689168549	0.946905996234805	0.576026302191094	0.00362257926685698	0.053244163390235	0.352099442999097	0.106190331042527	0.14685200181196	0.220661105906773
T:	0.15485044543242	0.21291674465616	0.0509784874941346	0.586326865447013	0.857742727146055	0.864235176077781	0.0439816943597586	0.0619208229090746	0.0144827513755727	0.0172619654312834	0.320825771507598	0.0425454552548293	0.0802477615669601	0.344318300957135	0.618578006824253	0.703185157862766	0.111339141521083



4	TCC.GGAA	0.498840418709057

Enrichment score matrix

A:	0.0200892857142857	0.0128998968008256	0.127232142857143	-0.0180111618467783	0.00277777777777778	0.0564536499115938	0.20069033530572	-0.214322120285423	-0.182445759368836	0.00978835978835979	-0.193067134708205	0.369670152855994	0.469125214408233	0.103708791208791	-0.0546179090482888	-0.0714285714285714	0.0462962962962963	-0.0995085995085995
C:	0.00476190476190476	0.0344995140913508	-0.0833333333333333	0.0461309523809524	-0.164303438496987	-0.32192513368984	0.205509641873278	0.386904761904762	0.273809523809524	-0.0461499235084141	-0.286679536679537	-0.0199805068226121	-0.0976190476190476	-0.084478021978022	-0.00778388278388278	0.0394252026529108	-0.00362844702467344	-0.0818181818181818
G:	-0.117647058823529	-0.0347222222222222	0.109396914446003	-0.0536	-0.00289410963568267	-0.0548076923076923	-0.278883495145631	-0.111688311688312	0.216770508826584	0.389256198347107	0.319487983281087	-0.31981981981982	-0.212777777777778	0.0413744740532959	-0.0208626347866854	-0.0269320843091335	-0.0568627450980392	0.07002457002457
T:	0.0936507936507937	-0.0229591836734694	-0.133184523809524	0.0945793337097685	0.203267477203647	0.32992082992083	-0.118375576036866	-0.0372889305816135	-0.219275879653238	-0.318045112781955	0.20771878072763	-0.0127358490566038	-0.0820728291316527	0.00171703296703297	0.122115384615385	0.0656108597285068	0.00652173913043478	0.128992628992629

Energy matrix for enoLOGOS

A:	-0.18502915925845	-0.11881244029897	-1.17185134197018	0.165888931103579	-0.025584278811045	-0.519957330926162	-1.84842629753171	1.97397967707237	1.68038754321064	-0.0901541253341584	1.77821402530475	-3.40478793316416	-4.32080290177613	-0.955193266599178	0.503049532740378	0.657881455141156	-0.426404646850749	0.916508071412864
C:	-0.0438587636760771	-0.31775226744913	0.767528364331349	-0.424881773111997	1.5132905928433	2.96504005557736	-1.89281375137582	-3.56352454868126	-2.52187891137443	0.425056503653159	2.64041611049896	0.18402726864085	0.89910465535958	0.778071336368867	0.071692209855126	-0.363119535667447	0.0334192321189266	0.753573303161688
G:	1.08356945552661	0.319803485138062	-1.00758281769164	0.493674243937923	0.0266557348184534	0.504797501156387	2.56861191441763	1.02868736622072	-1.9965301688993	-3.58518207867833	-2.94259307077505	2.94564939824464	1.95975575692604	-0.381072988742353	0.192151967441603	0.248053663413878	0.523725236837861	-0.644950124327571
T:	-0.862555685629516	0.211461896295372	1.22667479656528	-0.871107855621689	-1.8721626515985	-3.03868313937571	1.09027934702829	0.343443742763652	2.01960548697081	2.92930374236536	-1.91316067215336	0.117301504737433	0.755918691593564	-0.0158144580562778	-1.12472425696248	-0.604298350197532	-0.0600674372085403	-1.18806601849816

Probability matrix

A:	0.242802825332936	0.279036269149366	0.480040165547393	0.157563935504838	0.117621884097198	0.072451647607007	0.473845742186809	0.00380628521137257	0.00925288917770829	0.0289038964865796	0.00650275453370423	0.944363142729277	0.986659848564108	0.469312309533476	0.11115409094271	0.11343469455284	0.368819332387401	0.0660225777847536
C:	0.210835730113688	0.340454536711958	0.0690264712495316	0.284462666449852	0.0252442961652949	0.00222092110790504	0.495352328511643	0.966960773153513	0.618441312728087	0.0172664581378868	0.00274566629618123	0.0260937435655845	0.0053356877604922	0.0829305780728185	0.171104549151342	0.314891546824604	0.232870622485463	0.0777059273416012
G:	0.0682823340461317	0.179958423721719	0.40732087046122	0.11352760268007	0.111635052796006	0.0260017690924258	0.00571928397496783	0.00979572449265107	0.365714713594008	0.952418335102054	0.72999154919513	0.00164884236689695	0.0018473768051306	0.26431674460973	0.151686366465888	0.170895982964858	0.142619040987172	0.314648130022691
T:	0.478079110507244	0.200550770416957	0.0436124927418552	0.44444579536524	0.745498766941501	0.899325662192662	0.0250826453265804	0.0194372171424629	0.00659108450019701	0.00141131027348003	0.260760029974984	0.0278942713382419	0.00615708687026931	0.183440367783975	0.566054993440059	0.400777775657698	0.255691004139963	0.541623364850955



5	T.CGGGAA	0.498722275672841

Enrichment score matrix

A:	0.0200892857142857	0.0128998968008256	0.127232142857143	-0.0180111618467783	0.00277777777777778	0.0198547764919446	0.20069033530572	-0.258230452674897	-0.182445759368836	0.0306591722023505	-0.0441326530612245	0.412626262626263	0.432291666666667	0.103708791208791	-0.0546179090482888	-0.0714285714285714	0.0462962962962963	-0.0995085995085995
C:	0.00476190476190476	0.0344995140913508	-0.0833333333333333	0.0461309523809524	-0.164303438496987	-0.364035087719298	0.205509641873278	0.407150205761317	0.273809523809524	-0.145409565695437	-0.391500474833808	-0.134486457495307	-0.180856553147575	-0.084478021978022	-0.00778388278388278	0.0394252026529108	-0.00362844702467344	-0.0818181818181818
G:	-0.117647058823529	-0.0347222222222222	0.109396914446003	-0.0536	-0.00289410963568267	0.0677331518039483	-0.278883495145631	-0.172672672672673	0.216770508826584	0.418253968253968	0.365365365365365	-0.188352826510721	-0.193719124911785	0.0413744740532959	-0.0208626347866854	-0.0269320843091335	-0.0568627450980392	0.07002457002457
T:	0.0936507936507937	-0.0229591836734694	-0.133184523809524	0.0945793337097685	0.203267477203647	0.285201149425287	-0.118375576036866	0.0130647130647131	-0.219275879653238	-0.328843995510662	0.0889434889434889	-0.0861490534387731	-0.0513996706657257	0.00171703296703297	0.122115384615385	0.0656108597285068	0.00652173913043478	0.128992628992629

Energy matrix for enoLOGOS

A:	-0.18502915925845	-0.11881244029897	-1.17185134197018	0.165888931103579	-0.025584278811045	-0.182869249500321	-1.84842629753171	2.37839036354529	1.68038754321064	-0.282381411506679	0.406476756212214	-3.80042832520431	-3.98155338996887	-0.955193266599178	0.503049532740378	0.657881455141156	-0.426404646850749	0.916508071412864
C:	-0.0438587636760771	-0.31775226744913	0.767528364331349	-0.424881773111997	1.5132905928433	3.35288706523694	-1.89281375137582	-3.74999197758187	-2.52187891137443	1.33927159339621	3.60585262900967	1.23866604895309	1.66575041299156	0.778071336368867	0.071692209855126	-0.363119535667447	0.0334192321189266	0.753573303161688
G:	1.08356945552661	0.319803485138062	-1.00758281769164	0.493674243937923	0.0266557348184534	-0.623845382581096	2.56861191441763	1.59037408825415	-1.9965301688993	-3.85226140954877	-3.36513937514645	1.73479364218752	1.78421907699892	-0.381072988742353	0.192151967441603	0.248053663413878	0.523725236837861	-0.644950124327571
T:	-0.862555685629516	0.211461896295372	1.22667479656528	-0.871107855621689	-1.8721626515985	-2.62679966068574	1.09027934702829	-0.120330454188211	2.01960548697081	3.02876512793381	-0.819199807040634	0.793462104894665	0.473408461838813	-0.0158144580562778	-1.12472425696248	-0.604298350197532	-0.0600674372085403	-1.18806601849816

Probability matrix

A:	0.242802825332936	0.279036269149366	0.480040165547393	0.157563935504838	0.117621884097198	0.0709140214935257	0.473845742186809	0.00210943984601336	0.00925288917770829	0.0272135668198828	0.0208779220287965	0.979874953219287	0.982047435386192	0.469312309533476	0.11115409094271	0.11343469455284	0.368819332387401	0.0660225777847536
C:	0.210835730113688	0.340454536711958	0.0690264712495316	0.284462666449852	0.0252442961652949	0.0020662014301838	0.495352328511643	0.967586452544618	0.618441312728087	0.00537663451818527	0.000851561433215445	0.00634921123742109	0.00346369455240911	0.0829305780728185	0.171104549151342	0.314891546824604	0.232870622485463	0.0777059273416012
G:	0.0682823340461317	0.179958423721719	0.40732087046122	0.11352760268007	0.111635052796006	0.110216246298806	0.00571928397496783	0.0046387211392645	0.365714713594008	0.966417202031323	0.907150501573231	0.00386593279631873	0.00307672938591682	0.26431674460973	0.151686366465888	0.170895982964858	0.142619040987172	0.314648130022691
T:	0.478079110507244	0.200550770416957	0.0436124927418552	0.44444579536524	0.745498766941501	0.816803530777485	0.0250826453265804	0.025665386470104	0.00659108450019701	0.000992596630608686	0.0711200149647569	0.00990990274697281	0.0114121406754819	0.183440367783975	0.566054993440059	0.400777775657698	0.255691004139963	0.541623364850955



