1	T.CCGGTA	0.497859393998215

Enrichment score matrix

A:	-0.0685714285714286	0.00649350649350649	0.0845410628019324	0.110859728506787	-0.00718390804597701	0.0515069725596041	0.194254445964432	0.0473604445567062	-0.188450192874972	-0.0657894736842105	-0.0467967967967968	0.136734693877551	0.357505070993915	0.118439716312057	-0.0290880503144654	-0.137634408602151	0.134285714285714	-0.0101010101010101
C:	0.04	-0.0457142857142857	-0.0393081761006289	-0.154814814814815	-0.102011494252874	-0.234141414141414	-0.0054421768707483	0.308823529411765	0.342971086739781	-0.0275341130604288	-0.214025974025974	-0.150694444444444	-0.117316431475724	-0.0675287356321839	-0.0256410256410256	-0.00471698113207547	-0.0971428571428571	0.0336538461538462
G:	0.0336538461538462	-0.0971428571428571	-0.00471698113207547	-0.0256410256410256	-0.0675287356321839	-0.159372236958444	-0.150694444444444	-0.226470588235294	-0.0450419786702973	0.270220588235294	0.308691043985162	-0.0054421768707483	-0.243343029760573	-0.102011494252874	-0.154814814814815	-0.0393081761006289	-0.0457142857142857	0.04
T:	-0.0101010101010101	0.134285714285714	-0.137634408602151	-0.0290880503144654	0.118439716312057	0.387214389888187	0.136734693877551	-0.121001221001221	-0.0774553571428571	-0.163131313131313	-0.0372520561199806	0.194254445964432	0.0394736842105263	-0.00718390804597701	0.110859728506787	0.0845410628019324	0.00649350649350649	-0.0685714285714286

Energy matrix for enoLOGOS

A:	0.63156619693551	-0.0598074050128324	-0.778651963814412	-1.02105583309238	0.0661662383044266	-0.474396748803991	-1.78914956610208	-0.436205814535371	1.73569041954305	0.605943445524749	0.431014426816703	-1.25937307127021	-3.29274338856147	-1.09087010079434	0.267910844153395	1.26765975012145	-1.23681713566537	0.0930337411310726
C:	-0.368413614879047	0.42104413129034	0.362041681288372	1.42589713906891	0.939560583922858	2.15652211941826	0.0501243013440881	-2.84436982075735	-3.15888044661995	0.253598553127025	1.97125206922295	1.38794712549919	1.08052426511703	0.62196264006161	0.236162573640415	0.0434450017546046	0.894718778991972	-0.309963377903045
G:	-0.309963377903045	0.894718778991972	0.0434450017546046	0.236162573640415	0.62196264006161	1.46787254823051	1.38794712549919	2.08587120188872	0.414851954580729	-2.48882359316268	-2.84314958488401	0.0501243013440881	2.24127213124281	0.939560583922858	1.42589713906891	0.362041681288372	0.42104413129034	-0.368413614879047
T:	0.0930337411310726	-1.23681713566537	1.26765975012145	0.267910844153395	-1.09087010079434	-3.56637632779729	-1.25937307127021	1.11446243084596	0.713390202918691	1.50249491926682	0.34310411642098	-1.78914956610208	-0.363566067314849	0.0661662383044266	-1.02105583309238	-0.778651963814412	-0.0598074050128324	0.63156619693551

Probability matrix

A:	0.125068514990687	0.190552102794233	0.529572128088698	0.607328105291832	0.193362240305389	0.0430366359356624	0.558854068228912	0.0806065685065869	0.00708773378550961	0.0401405451750924	0.034810034354474	0.32901781084828	0.934578523447829	0.614987327322954	0.167352522991025	0.0684263278782853	0.618276268086111	0.214303698933467
C:	0.339964608273708	0.1178101141687	0.169249799965474	0.0525684541456722	0.0807349023562832	0.00309916550473168	0.0888202365402993	0.895824163419881	0.946656705698844	0.0570958718679147	0.00746084028289749	0.0233078843825094	0.0117850054273523	0.110915530015374	0.172750917571471	0.232751744067543	0.0733615149509557	0.320663177802138
G:	0.320663177802138	0.0733615149509557	0.232751744067543	0.172750917571471	0.110915530015374	0.00617051593538024	0.0233078843825094	0.00647211614192794	0.026554629964167	0.886387278311173	0.919720390461422	0.0888202365402993	0.00369167443220516	0.0807349023562832	0.0525684541456722	0.169249799965474	0.1178101141687	0.339964608273708
T:	0.214303698933467	0.618276268086111	0.0684263278782853	0.167352522991025	0.614987327322954	0.947693682624226	0.32901781084828	0.0170971519316042	0.019700930551479	0.0163763046458198	0.0380087349012068	0.558854068228912	0.0499447966926132	0.193362240305389	0.607328105291832	0.529572128088698	0.190552102794233	0.125068514990687



2	TAC.GGAA	0.495898712678285

Enrichment score matrix

A:	0.146396396396396	0.0192743764172336	0.194196428571429	-0.0188888888888889	-0.0499320652173913	0.012200956937799	0.282790927021696	-0.00536927460004383	-0.0915697674418605	-0.141617063492063	-0.116710875331565	0.267313683201534	0.354043392504931	0.000986842105263158	-0.0431184668989547	-0.131168831168831	0.0849056603773585	-0.0202898550724638
C:	-0.0979591836734694	-0.0333333333333333	-0.14360119047619	0.0248447204968944	-0.134850543478261	-0.287878787878788	0.0542699724517906	0.267477536708306	0.161086956521739	-0.165936206476747	-0.355216622458002	-0.0938223938223938	-0.135775862068966	0.00940860215053763	0.0557491289198606	0.0524475524475524	-0.0310734463276836	-0.031328320802005
G:	0.00256410256410256	-0.0219298245614035	-0.122267759562842	-0.127272727272727	0.00169836956521739	-0.0590909090909091	-0.228398058252427	-0.18610816542948	0.0597826086956522	0.382145377558222	0.2763041556145	-0.13719146896717	-0.264847687924611	-0.0792763157894737	-0.113878246062154	0.0681818181818182	-0.0615079365079365	0.0555555555555556
T:	-0.0384615384615385	0.0371794871794872	0.0885167464114833	0.114444444444444	0.200520833333333	0.303105151729005	-0.116071428571429	-0.0723370429252782	-0.105275443510738	-0.0922619047619048	0.199055330634278	-0.0478680611423974	0.0507341661187815	0.0757575757575758	0.112235294117647	0.00454545454545455	-0.00462962962962963	0.0167958656330749

Energy matrix for enoLOGOS

A:	-1.34836064004156	-0.177523567260312	-1.78861520616502	0.173973095915106	0.459891316127887	-0.112374966260953	-2.6046006919765	0.04945284661701	0.843388725922238	1.30434135724167	1.07494688691499	-2.46205000837274	-3.26086015141958	-0.00908915168287123	0.397135756457161	1.20810958125921	-0.782010031582884	0.186876471315459
C:	0.902237424193585	0.307011345732539	1.3226158421067	-0.228828332223011	1.24201940478076	2.65146162223557	-0.499844918258763	-2.46355915494125	-1.48366569905095	1.52832894168536	3.27166599862196	0.864136181617843	1.25054190395366	-0.0866564282309587	-0.513468452793097	-0.483059809719031	0.286197017208299	0.288544497868928
G:	-0.0236162573640415	0.20198114850825	1.12612768209272	1.17222513825151	-0.0156425617730574	0.544247385616774	2.1036238568033	1.71411954960957	-0.55061817441162	-3.51968899888857	-2.54485531940102	1.26358012531904	2.43933735251659	0.730161851857322	1.0488574071961	-0.62797775263474	0.566509030815995	-0.511685576220899
T:	0.354243860460622	-0.342435731778602	-0.815269363069662	-1.05407228701505	-1.84686512667231	-2.79170161592362	1.06905736460438	0.666248786844064	0.969622667544645	0.849763546223993	-1.83336734799796	0.440881136068047	-0.46727893844236	-0.697753058483044	-1.03372526057239	-0.0418651835089826	0.0426404646850749	-0.154695639322597

Probability matrix

A:	0.643742787180143	0.287399816191814	0.677240257287191	0.159258956310518	0.0762886775928645	0.061892964782767	0.864842679287223	0.0710682910603821	0.0618808446972371	0.00782224385344032	0.0176157969729905	0.896949507230532	0.92977415779205	0.219819842380038	0.122110999080078	0.0617740509434656	0.489803104039666	0.18792235955359
C:	0.0678094240652578	0.177033578053114	0.0301684008429987	0.238252958855377	0.0348968457458166	0.00390231485717869	0.105403078453214	0.877128288058875	0.634137051829757	0.00625251552475925	0.00195830037818333	0.0322272826080634	0.010211756557199	0.237549396983561	0.303546456769319	0.335174998703066	0.168308134450557	0.169755789157581
G:	0.171152481672643	0.196639011395506	0.0367185914902416	0.0586905949161123	0.12273878671382	0.0320976932696134	0.00780155496219466	0.0134499388247563	0.249439793265593	0.973601232223462	0.657600932043328	0.0216146091600259	0.00311037784268624	0.104957689211749	0.0636378748035786	0.38744376765494	0.12716486821262	0.377885388254755
T:	0.117295307081956	0.338927594359565	0.255872750379569	0.543797489917993	0.766075689947499	0.902107027090441	0.0219526872973684	0.0383534820559862	0.0545423102074125	0.012324008398338	0.322824970605498	0.049208601001379	0.0569037078080643	0.437673071424652	0.510704669347024	0.215607182698529	0.214723893297157	0.264436463034074



3	T.CC.GTAA	0.495212343415826

Enrichment score matrix

A:	-0.00925925925925926	-0.00333333333333333	0.0078125	0.00887573964497041	-0.0518617021276596	0.131526438310609	0.118421052631579	-0.190975690975691	-0.0355661881977671	-0.00227864583333333	-0.0426523297491039	0.317540322580645	0.28471986417657	0.123228166438043	-0.0213114754098361	-0.0772946859903382	0.0848484848484849
C:	-0.0186813186813187	0.0354609929078014	0.00672043010752688	-0.0544303797468354	-0.256924079504725	-0.100318979266348	0.268583450210379	0.348074921956296	0.0218098958333333	-0.2236328125	-0.337429775280899	-0.0967105263157895	-0.085438829787234	-0.13203841117416	0.0221311475409836	0.0580693815987934	-0.170454545454545
G:	0.111793611793612	-0.0434173669467787	0.0645424836601307	-0.115696202531646	-0.0177083333333333	-0.185805422647528	-0.262706043956044	-0.118453000346861	0.0166015625	0.18506817426006	0.149769585253456	-0.345065789473684	-0.158244680851064	-0.136828644501279	-0.117147707979626	-0.00748299319727891	-0.0340909090909091
T:	-0.0763888888888889	0.00591715976331361	-0.0710227272727273	0.149436090225564	0.338030560271647	0.166777519122049	-0.108516483516484	-0.0217391304347826	-0.00216162287994679	0.043859649122807	0.259856630824373	0.130921052631579	-0.0329283887468031	0.131165429943256	0.105546995377504	0.03743961352657	0.125

Energy matrix for enoLOGOS

A:	0.0852809293701498	0.0307011345732539	-0.0719557841560639	-0.0817485831832206	0.477663928865786	-1.21140326475443	-1.09069820194455	1.75895111665945	0.327576699035198	0.0209871037121853	0.392842474647013	-2.92465445279486	-2.62236685972904	-1.13497335630891	0.196285942353591	0.711910366916033	-0.78148342550101
C:	0.172061303652302	-0.326607814609085	-0.0618974487363991	0.501322324044273	2.36635822199518	0.923971944812284	-2.47374499471731	-3.20588850616653	-0.200876564102345	2.05973432146733	3.10784308197651	0.890736864921381	0.786920703323763	1.21611870908895	-0.203835401674883	-0.534838769715057	1.56994438158685
G:	-1.02965721603174	0.39988872763482	-0.594458242962515	1.06560140506155	0.163099777420412	1.71133118554262	2.4196120826105	1.0909924512764	-0.152906041331636	-1.70454087695535	-1.37942885755404	3.17817337177731	1.45748737269304	1.2602383884929	1.07897026428923	0.0689209143481211	0.31398887631737
T:	0.703567667303736	-0.0544990554554804	0.654143492327854	-1.37635725483479	-3.11337651623168	-1.53607771750783	0.999473749156756	0.200224790695134	0.0199092824801614	-0.403962297016499	-2.39336801780743	-1.20582745659425	0.303281668258807	-1.20807825481399	-0.972123752666207	-0.344831583974954	-1.15129254649702

Probability matrix

A:	0.181648922469858	0.237546156243766	0.240383074794243	0.180988068631465	0.0257780282461781	0.391302627026847	0.19453041531239	0.00662301724105883	0.176260844330251	0.120843148982749	0.043159541550247	0.830880889334751	0.906121648066927	0.442035482558101	0.163330652083066	0.108012871026228	0.347575466294386
C:	0.166549981317252	0.339566870721223	0.237977340323207	0.101024211173396	0.00389942153431593	0.0462520613740419	0.775598756841877	0.948982791868183	0.298992422736758	0.0157327762826517	0.00285737368477306	0.0183035518784395	0.0299606844355503	0.0421105410565364	0.243690269224318	0.375778371770508	0.0331006858771258
G:	0.553916510404098	0.164214640165005	0.405344067018654	0.0574595442367857	0.0353071912801164	0.02104676343994	0.00581405489063211	0.0129165535295765	0.2849881807287	0.678592904327785	0.253959511415522	0.00185829356021861	0.0153224539960918	0.0402930263814298	0.0675651531739589	0.205457633314114	0.116222854648616
T:	0.0978845858087927	0.258672332870006	0.116295517863896	0.660528175958353	0.935015358939389	0.541398548159171	0.0240567729551002	0.0314776373611816	0.239758552204291	0.184831170406814	0.700023573349458	0.148957265226591	0.048595213501431	0.475560950003933	0.525413925518657	0.31075112388915	0.503100993179872



4	T.AC.GGAA	0.494366025053468

Enrichment score matrix

A:	-0.0190615835777126	-0.0037037037037037	0.178362573099415	0.0043956043956044	-0.0174731182795699	0.0793126239259749	0.198807854137447	-0.0519736842105263	-0.0357142857142857	-0.0189792663476874	-0.0583791208791209	0.259072580645161	0.304099462365591	0.068159688412853	-0.0462962962962963	-0.0512820512820513	0.00675675675675676
C:	0.0845588235294118	0.178977272727273	-0.157509157509158	-0.01	-0.180851063829787	-0.29523141654979	0.155263157894737	0.222782258064516	0.124656593406593	-0.0836381775856335	-0.315590659340659	-0.112828947368421	-0.0756048387096774	-0.088477366255144	0.06875	0.0835579514824798	0.0304878048780488
G:	0.0570291777188329	-0.167613636363636	0.0822368421052632	0.0279503105590062	-0.0391214824982841	0.0860215053763441	-0.197306397306397	-0.144736842105263	0.157967032967033	0.330728300631859	0.241234221598878	-0.112270714737508	-0.210197368421053	-0.0317604355716878	-0.0205570291777188	-0.107692307692308	-0.0606060606060606
T:	-0.11875	-0.00900163666121113	-0.0696969696969697	0.0234708392603129	0.237817433081675	0.13609022556391	-0.138148667601683	-0.0213815789473684	-0.187587657784011	-0.218022328548644	0.150751879699248	-0.025085910652921	-0.013217279174726	0.0830241187384045	0.0139833711262283	0.0612648221343874	0.0164835164835165

Energy matrix for enoLOGOS

A:	0.175563672779605	0.0341123717480599	-1.6427800078671	-0.0404850126240711	0.160933366714638	-0.730496262152771	-1.83108800522808	0.478695321964552	0.328940727570578	0.174805503072594	0.537691573913445	-2.38614664878819	-2.80085955532206	-0.627773929930217	0.426404646850749	0.47232514728083	-0.0622320295403796
C:	-0.778815546159751	-1.64844160066619	1.45071295236255	0.0921034037197618	1.66569985450633	2.71918183492425	-1.43002653143841	-2.05190042561163	-1.14812965488577	0.770336083655474	2.90669739074386	1.03919300907494	0.69634629828449	0.814906658425876	-0.633210900573363	-0.769597173938711	-0.280803060121225
G:	-0.525258137924371	1.54377864189374	-0.757429306905936	-0.257431873750887	0.360322169665506	-0.792287343825908	1.81725907676028	1.33307558015445	-1.45493014117756	-3.04612021946469	-2.22184929029439	1.03405149653749	1.93598930845157	0.292524421977465	0.189337235763436	0.991882809289743	0.558202446786435
T:	1.09372791917217	0.0829081375546138	0.641932813804401	-0.216174418403424	-2.19037950507189	-1.25343729874262	1.2723962505465	0.196931619795543	1.72774617777253	2.00805985462383	-1.38847612374528	0.231049775654385	0.121735639990659	-0.764680392664071	-0.128791607620226	-0.564269864686288	-0.151818797340267

Probability matrix

A:	0.166341815378114	0.132404098435569	0.641142342021282	0.232009338585494	0.0797407123600475	0.264376966151044	0.574535813947662	0.0653082575114997	0.0863569702786622	0.0373657694895895	0.0421064649531234	0.878540510586446	0.915045355519015	0.359529291155474	0.145031139498477	0.126957587859013	0.258015883300482
C:	0.43199932207835	0.712238317067242	0.0290715064436328	0.203199693438837	0.0177079517065656	0.00839551714074406	0.384714292306103	0.820336179190152	0.378251721933339	0.0205986275635527	0.00394005811775552	0.0285861507793572	0.0277092911994254	0.0849544357674735	0.418452767416143	0.439560514926538	0.32104849188646
G:	0.335246677213795	0.0292591494896331	0.264515749445483	0.288220117333372	0.0653260883947934	0.281228376898385	0.0149575374896725	0.027791722514912	0.514070487526357	0.936061101350641	0.664970151667962	0.0287335053199844	0.00802149464434817	0.143236527086316	0.183830821376046	0.0755122892708655	0.138737917795005
T:	0.0664121853297411	0.126098435007556	0.0652704020896021	0.276570850642297	0.837225247538594	0.445999139809827	0.0257923562565619	0.086563840783436	0.0213208202616428	0.00597450159621678	0.288983325261159	0.0641398333142125	0.0492238586372115	0.412279745990736	0.252685271709334	0.357969607943583	0.282197707018054



5	TACCG.AA	0.490071507150715

Enrichment score matrix

A:	0.146396396396396	0.0192743764172336	0.194196428571429	-0.0188888888888889	-0.0499320652173913	0.0502415458937198	0.186622807017544	0.014187643020595	-0.0915697674418605	-0.0870194295163291	-0.116710875331565	0.195432692307692	0.279130434782609	0.000986842105263158	-0.0431184668989547	-0.131168831168831	0.0849056603773585	-0.0202898550724638
C:	-0.0979591836734694	-0.0333333333333333	-0.14360119047619	0.0248447204968944	-0.134850543478261	-0.221669037458511	0.158812658812659	0.229646017699115	0.161086956521739	-0.0917790343627664	-0.355216622458002	-0.105195473251029	-0.163292847503374	0.00940860215053763	0.0557491289198606	0.0524475524475524	-0.0310734463276836	-0.031328320802005
G:	0.00256410256410256	-0.0219298245614035	-0.122267759562842	-0.127272727272727	0.00169836956521739	-0.0836050302748021	-0.262719298245614	-0.229424778761062	0.0597826086956522	0.19936974789916	0.2763041556145	-0.106007944389275	-0.166739130434783	-0.0792763157894737	-0.113878246062154	0.0681818181818182	-0.0615079365079365	0.0555555555555556
T:	-0.0384615384615385	0.0371794871794872	0.0885167464114833	0.114444444444444	0.200520833333333	0.244594594594595	-0.0786555786555787	-0.0152542372881356	-0.105275443510738	-0.0222689075630252	0.199055330634278	0.00672514619883041	0.0478699038021072	0.0757575757575758	0.112235294117647	0.00454545454545455	-0.00462962962962963	0.0167958656330749

Energy matrix for enoLOGOS

A:	-1.34836064004156	-0.177523567260312	-1.78861520616502	0.173973095915106	0.459891316127887	-0.462741738495422	-1.7188595738052	-0.130673021295772	0.843388725922238	0.801478564820581	1.07494688691499	-1.80000161596554	-2.57088631252553	-0.00908915168287123	0.397135756457161	1.20810958125921	-0.782010031582884	0.186876471315459
C:	0.902237424193585	0.307011345732539	1.3226158421067	-0.228828332223011	1.24201940478076	2.04164728492123	-1.46271864304311	-2.11511798807772	-1.48366569905095	0.845316145492377	3.27166599862196	0.968886114233091	1.50398270581527	-0.0866564282309587	-0.513468452793097	-0.483059809719031	0.286197017208299	0.288544497868928
G:	-0.0236162573640415	0.20198114850825	1.12612768209272	1.17222513825151	-0.0156425617730574	0.7700307856403	2.41973415912883	2.11308030215471	-0.55061817441162	-1.83626323802634	-2.54485531940102	0.976369249958746	1.53572414463168	0.730161851857322	1.0488574071961	-0.62797775263474	0.566509030815995	-0.511685576220899
T:	0.354243860460622	-0.342435731778602	-0.815269363069662	-1.05407228701505	-1.84686512667231	-2.25279946936174	0.724444651572624	0.14049671753862	0.969622667544645	0.205104218367537	-1.83336734799796	-0.0619408855425299	-0.440898107591164	-0.697753058483044	-1.03372526057239	-0.0418651835089826	0.0426404646850749	-0.154695639322597

Probability matrix

A:	0.643742787180143	0.287399816191814	0.677240257287191	0.159258956310518	0.0762886775928645	0.135814075579669	0.532807214554873	0.109366650631244	0.0618808446972371	0.0563246101466823	0.0176157969729905	0.768724052768668	0.867832104015293	0.219819842380038	0.122110999080078	0.0617740509434656	0.489803104039666	0.18792235955359
C:	0.0678094240652578	0.177033578053114	0.0301684008429987	0.238252958855377	0.0348968457458166	0.0110994752860236	0.412410300668523	0.795643301294854	0.634137051829757	0.0539088137052806	0.00195830037818333	0.0482233978505562	0.0147483210480479	0.237549396983561	0.303546456769319	0.335174998703066	0.168308134450557	0.169755789157581
G:	0.171152481672643	0.196639011395506	0.0367185914902416	0.0586905949161123	0.12273878671382	0.0395875365427519	0.00849574905337893	0.0115993919800739	0.249439793265593	0.78750787263315	0.657600932043328	0.0478638824482205	0.0142875397352885	0.104957689211749	0.0636378748035786	0.38744376765494	0.12716486821262	0.377885388254755
T:	0.117295307081956	0.338927594359565	0.255872750379569	0.543797489917993	0.766075689947499	0.813498912591555	0.0462867357232253	0.0833906560938284	0.0545423102074125	0.102258703514887	0.322824970605498	0.135188666932555	0.103132035201371	0.437673071424652	0.510704669347024	0.215607182698529	0.214723893297157	0.264436463034074



