1	T.CC.GGAA	0.499123134206273

Enrichment score matrix

A:	-0.1296875	-0.0131578947368421	0.0873015873015873	0.0400641025641026	-0.0279255319148936	0.0365168539325843	0.181626928471248	-0.242275280898876	0.0175619834710744	-0.00797101449275362	-0.0211469534050179	0.364864864864865	0.273176291793313	-0.00337381916329285	-0.0715871254162042	-0.0838383838383838	-0.227586206896552
C:	0.109929078014184	-0.0196078431372549	0.119753086419753	-0.0315068493150685	-0.126994680851064	-0.269311797752809	0.136466165413534	0.226190476190476	0.0452949438202247	-0.0302083333333333	-0.240168539325843	-0.0154440154440154	-0.106944444444444	-0.0599294947121034	0.0106837606837607	-0.0831842576028623	0.191558441558442
G:	0.0511695906432749	0.0576519916142558	-0.115384615384615	-0.102191780821918	-0.0233375959079284	-0.00769230769230769	-0.211784511784512	-0.0161516853932584	0.228937728937729	0.305091185410334	0.161674347158218	-0.357142857142857	-0.155430711610487	0.0294117647058824	-0.0469556243550052	0.0121951219512195	0.0580357142857143
T:	0.00268336314847943	-0.0275689223057644	-0.115740740740741	0.145833333333333	0.196428571428571	0.271121351766513	-0.08835904628331	0.0491039426523298	-0.212087912087912	-0.240972222222222	0.123297491039427	-0.0523809523809524	0.000347222222222222	0.0703933747412008	0.140399556048835	0.121417797888386	-0.0194805194805195

Energy matrix for enoLOGOS

A:	1.19446601699066	0.12118868910495	-0.804077334061413	-0.369004021313148	0.257203654004654	-0.336332654032838	-1.67284583193677	2.23143780079479	-0.161751845375615	0.0734157565882159	0.194770638690536	-3.3605295951805	-2.5160466289707	0.031074022847423	0.659341791334588	0.772180051387902	2.09614642948423
C:	-1.01248422528816	0.180594909254435	-1.1029666865206	0.290188806240346	1.16966423606878	2.48045332349218	-1.25689983271705	-2.08329127461366	-0.417181849713809	0.278229032070114	2.21203399383136	0.142244638949439	0.984994734225231	0.551971044619019	-0.0984010723501729	0.766155326112509	-1.76431844787855
G:	-0.471289346519249	-0.530994465889612	1.06273158138187	0.941221084588251	0.214947201775659	0.0708487720921245	1.95060743904815	0.148762520052986	-2.10859440750371	-2.80999366211887	-1.48907576674423	3.28940727570578	1.43156975819105	-0.270892363881652	0.432477282688252	-0.11232122404849	-0.534528682302189
T:	-0.0247146879391132	0.253919158124657	1.06601161712687	-1.34317463757986	-1.80917400163818	-2.49711993187987	0.813816891212482	-0.452264025433956	1.95340185911143	2.21943618685815	-1.1356118594838	0.482446400436848	-0.00319803485138062	-0.648346941298531	-1.29312769928411	-1.11829924576785	0.179422215038497

Probability matrix

A:	0.0532991106340235	0.211070553030855	0.376352047873738	0.225428450811153	0.0967037036688653	0.0961234544803343	0.565101576264837	0.0101565681746343	0.106177837169761	0.0504875552034344	0.0970709546449448	0.949814138222722	0.884561477295719	0.203283501394231	0.0874570693367485	0.090494778766852	0.0144572991910911
C:	0.484380079746196	0.198896826800521	0.507458206262398	0.116607079679793	0.0388299214286165	0.00574797358068214	0.372806491979446	0.759643832823201	0.137077355040963	0.0411372319713652	0.0129122806532552	0.0286024416725493	0.026683640256224	0.120747856591669	0.186585746558967	0.0910416306097362	0.686539868620451
G:	0.281934565985602	0.405197907049834	0.0581901494764205	0.0608114267566883	0.100877625605988	0.0639724117068831	0.015082757817478	0.081515720217021	0.743938194599046	0.902470761997862	0.522846858553714	0.00122915808415545	0.0170726134865587	0.274944140088386	0.1097288744453	0.219158109670701	0.200712700163295
T:	0.180386243634179	0.18483471311879	0.0579995963874431	0.597153042752365	0.76358874929653	0.8341561602321	0.0470091739382391	0.148683878785143	0.0128066131902304	0.0059044508273384	0.367169906148085	0.0203542620205734	0.0716822689614987	0.401024501925714	0.616228309658985	0.59930548095271	0.0982901320251631



2	TT.C.GGAA	0.499015161925702

Enrichment score matrix

A:	-0.0337243401759531	-0.0496296296296296	0.144249512670565	0.0241758241758242	-0.00347222222222222	0.0396563119629874	0.181626928471248	-0.238383838383838	-0.0367445054945055	-0.0276232851316277	-0.162698412698413	0.271121351766513	0.314969604863222	0.0511197663096397	-0.0496632996632997	-0.058974358974359	-0.0726351351351351
C:	0.139705882352941	0.190340909090909	-0.0503663003663004	0.0129411764705882	-0.171038638780574	-0.415147265077139	0.136466165413534	0.329323308270677	0.0789835164835165	-0.021319985168706	-0.33531746031746	-0.00769230769230769	-0.100141793690181	-0.0889917695473251	0.11171875	0.055256064690027	0.0934959349593496
G:	-0.0305039787798408	-0.0880681818181818	0.0548245614035088	-0.0273291925465838	-0.00425604358188628	0.147670250896057	-0.211784511784512	-0.122370266479663	0.212568681318681	0.333333333333333	0.349206349206349	-0.269311797752809	-0.187344913151365	0.058529945553539	-0.0245358090185676	-0.0230769230769231	0.0173160173160173
T:	-0.046875	-0.0630114566284779	-0.114141414141414	0.0440967283072546	0.216185410334347	0.245112781954887	-0.08835904628331	0.0634642356241234	-0.179523141654979	-0.256025213199852	0.16765873015873	0.0365168539325843	-0.00625	0.0153061224489796	-0.0117157974300831	0.0227272727272727	-0.0201465201465201

Energy matrix for enoLOGOS

A:	0.310612651840839	0.457105781424003	-1.3285871101876	-0.222667569432391	0.0319803485138062	-0.365248131076385	-1.67284583193677	2.19559629069331	0.338429402404345	0.25441985825444	1.49850775893263	-2.49711993187987	-2.90097726761712	-0.470830447447663	0.45741589389444	0.543173919372954	0.668994317559081
C:	-1.28673872843785	-1.75310455943865	0.463890769650815	-0.119192640107927	1.57532407992857	3.82364761585547	-1.25689983271705	-3.03317976159817	-0.727465070588778	0.196364320129266	3.08838794219043	0.0708487720921245	0.922340005346782	0.819644487835329	-1.02896771343171	-0.508927163411083	-0.861129384371757
G:	0.280952027261873	0.811137930486539	-0.504952871270624	0.251711165445312	0.0391996100271373	-1.36009327356781	1.95060743904815	1.12707180568713	-1.95782990736719	-3.07011345732539	-3.21630933624565	2.48045332349218	1.72551041708239	-0.539080720501328	0.225983152362811	0.212546316276373	-0.159486413367553
T:	0.431734704936384	0.580356962882296	1.05128127478112	-0.406145877000372	-1.99114121263467	-2.25757215132649	0.813816891212482	-0.584527211545473	1.65346923928885	2.3580793573784	-1.54419397109521	-0.336332654032838	0.0575646273248512	-0.140974597530248	0.10790648206019	-0.209325917544913	0.185556307860326

Probability matrix

A:	0.127291861512309	0.0854443208285934	0.588947692316114	0.26843050095933	0.102371274541658	0.0965788053050377	0.565101576264837	0.00484035512780047	0.0708775475060758	0.0333691369937745	0.0074764035793663	0.8341561602321	0.922901891111279	0.326285492973072	0.12345901068481	0.135541728050759	0.104929312629365
C:	0.628813023288714	0.779050044895241	0.0980874563317728	0.24204341460346	0.0218732060509835	0.00146442630257259	0.372806491979446	0.903037556933717	0.205788342715794	0.0353637388474301	0.00152481286065887	0.0639724117068831	0.0201701877923691	0.0897742160923009	0.545821943097048	0.38814564068758	0.484642067016351
G:	0.131123968026885	0.0599693019044444	0.258450227833138	0.167036659067526	0.101634890810871	0.261178596961602	0.015082757817478	0.0140906657773161	0.704306066211652	0.927195785184898	0.834279907574249	0.00574797358068214	0.00903436148859619	0.349332089807556	0.155608298910213	0.188652585596408	0.240271045252969
T:	0.112771147172091	0.0755363323717212	0.0545146235189756	0.322489425369684	0.774120628596488	0.640778171430788	0.0470091739382391	0.0780314221611665	0.0190280435664778	0.00407133897389767	0.156718875985726	0.0961234544803343	0.047893559607756	0.234608201127071	0.175110747307928	0.287660045665252	0.170157575101315



3	TCC.GGAA	0.498894818819002

Enrichment score matrix

A:	0.0290178571428571	0.0304437564499484	0.126488095238095	-0.028158295281583	-0.00347222222222222	0.0875221015407931	0.195759368836292	-0.248980632008155	-0.199211045364892	-0.00740740740740741	-0.209082931110136	0.374497184231698	0.470840480274443	0.117788461538462	-0.0621190811064229	-0.0784543325526932	0.0625	-0.0773955773955774
C:	-0.00476190476190476	0.0276967930029155	-0.0900297619047619	0.0391865079365079	-0.171038638780574	-0.375668449197861	0.21404958677686	0.37987012987013	0.254497354497354	-0.0520142784293728	-0.275820463320463	-0.0163255360623782	-0.0666666666666667	-0.0916895604395604	-0.0283882783882784	0.0475313190862196	-0.0195936139332366	-0.0757575757575758
G:	-0.108823529411765	-0.0405092592592593	0.103085553997195	-0.0552	-0.00425604358188628	-0.0298076923076923	-0.271601941747573	-0.102077922077922	0.225597092419522	0.38732782369146	0.322884012539185	-0.324710424710425	-0.236111111111111	0.0389200561009818	-0.00586029067041725	-0.0433255269320843	-0.0764705882352941	0.097051597051597
T:	0.080952380952381	-0.0293367346938776	-0.119047619047619	0.113212874082439	0.216185410334347	0.322822822822823	-0.130184331797235	-0.00797373358348968	-0.191993880673126	-0.294235588972431	0.211406096361849	-0.0160377358490566	-0.0826330532212885	-0.0051510989010989	0.132692307692308	0.0828054298642534	0.0195652173913043	0.0724815724815725

Energy matrix for enoLOGOS

A:	-0.267264341151095	-0.28039735910557	-1.1649984101458	0.25934748383799	0.0319803485138062	-0.806108345261366	-1.80301041798548	2.29319636682486	1.83480153366784	0.0682247434961199	1.9257249614948	-3.44924653512061	-4.33660108423235	-1.08487182266066	0.57213788058455	0.722591106466516	-0.575646273248511	0.712839611098894
C:	0.0438587636760771	-0.25509689076902	0.829204750750832	-0.360921076084384	1.57532407992857	3.46003428412474	-1.97146955069573	-3.49873319325069	-2.34400725868812	0.479069208537262	2.54040034873764	0.150363743889475	0.614022691465079	0.844492060205234	0.261465706530459	-0.437779627113091	0.180463853442204	0.697753058483044
G:	1.00230174636211	0.373104065994406	-0.949453039747896	0.508410788533085	0.0391996100271373	0.274538991856982	2.50154632918479	0.940172406801725	-2.07782600811197	-3.56742109173513	-2.97387165615532	2.99069353391196	2.17466369893882	-0.35846696398645	0.0539752717532594	0.399042849839718	0.704320146092296	-0.893878242489089
T:	-0.74559898249331	0.270201311932975	1.09646909190193	-1.04272910478895	-1.99114121263467	-2.97330807804036	1.19904200695082	0.0734408003393973	1.76832899033607	2.71000992398497	-1.94712210420342	0.147713005965656	0.76107854614369	0.0474433741688334	-1.22214131858915	-0.762666193697575	-0.180202311625621	-0.667579953251345

Probability matrix

A:	0.275712804985547	0.325537524984846	0.488657946785048	0.136688915524481	0.102371274541658	0.0991354949020553	0.44510285634531	0.00292638263157252	0.00851883066927743	0.0252139001025272	0.00543905366701668	0.946666870219315	0.985535784206949	0.512512628311447	0.0994192003045736	0.100107711017587	0.413066655187164	0.091089706731789
C:	0.20199373003389	0.317404590496299	0.0665171353223687	0.254163106937429	0.0218732060509835	0.00139144798449148	0.526770266220952	0.958813539376524	0.556177717176798	0.0167190864628707	0.00294152954722514	0.0258765454799985	0.00697659978279045	0.0744376206882428	0.135641778770702	0.319455329437833	0.193930305778353	0.0924743549064004
G:	0.0774624788147078	0.169351479240064	0.393907999801064	0.10655319559549	0.101634890810871	0.0336441843212662	0.00601194693983497	0.0113224901169173	0.426199108453411	0.956270926715436	0.730114743828019	0.00151135589023891	0.00146509583025739	0.247873985152878	0.16691886663957	0.138351143729079	0.11485179444968	0.454211370187522
T:	0.444830986165856	0.187706405278791	0.0509169180915192	0.502594781942599	0.774120628596488	0.865828872792187	0.0221149304939037	0.0269375878749862	0.00910434370051389	0.00179608671916622	0.26150467295774	0.0259452284104478	0.00602252018000337	0.165175765847432	0.598020154285154	0.442085815815501	0.278151244584803	0.362224568174288



4	T.CCGG.AA	0.498888379905329

Enrichment score matrix

A:	-0.1296875	-0.0131578947368421	0.0873015873015873	0.0400641025641026	-0.0384114583333333	0.0365168539325843	-0.0452127659574468	-0.242353723404255	0.0175619834710744	-0.0208333333333333	-0.0211469534050179	0.344912280701754	0.206382978723404	-0.00337381916329285	-0.0715871254162042	-0.0838383838383838	-0.227586206896552
C:	0.109929078014184	-0.0196078431372549	0.119753086419753	-0.0315068493150685	-0.210611979166667	-0.269311797752809	0.263194444444444	0.236111111111111	0.0452949438202247	-0.191176470588235	-0.240168539325843	-0.00974462365591398	-0.142959770114943	-0.0599294947121034	0.0106837606837607	-0.0831842576028623	0.191558441558442
G:	0.0511695906432749	0.0576519916142558	-0.115384615384615	-0.102191780821918	-0.0150187734668335	-0.00769230769230769	-0.140292553191489	0.023936170212766	0.228937728937729	0.33265306122449	0.161674347158218	-0.278225806451613	-0.123563218390805	0.0294117647058824	-0.0469556243550052	0.0121951219512195	0.0580357142857143
T:	0.00268336314847943	-0.0275689223057644	-0.115740740740741	0.145833333333333	0.276530612244898	0.271121351766513	-0.0664893617021277	-0.00764627659574468	-0.212087912087912	-0.0986328125	0.123297491039427	-0.0432395332875772	-0.0380747126436782	0.0703933747412008	0.140399556048835	0.121417797888386	-0.0194805194805195

Energy matrix for enoLOGOS

A:	1.19446601699066	0.12118868910495	-0.804077334061413	-0.369004021313148	0.353782605433981	-0.336332654032838	0.416424963626583	2.23216028296896	-0.161751845375615	0.191882091082837	0.194770638690536	-3.17675950373775	-1.90085748102487	0.031074022847423	0.659341791334588	0.772180051387902	2.09614642948423
C:	-1.01248422528816	0.180594909254435	-1.1029666865206	0.290188806240346	1.93980801454056	2.48045332349218	-2.42411041734651	-2.17466369893882	-0.417181849713809	1.76080036523074	2.21203399383136	0.0897513006677787	1.31670814225809	0.551971044619019	-0.0984010723501729	0.766155326112509	-1.76431844787855
G:	-0.471289346519249	-0.530994465889612	1.06273158138187	0.941221084588251	0.138328015599142	0.0708487720921245	1.29214216654719	-0.220460274861132	-2.10859440750371	-3.06384791965738	-1.48907576674423	2.56255437768692	1.13805929883614	-0.270892363881652	0.432477282688252	-0.11232122404849	-0.534528682302189
T:	-0.0247146879391132	0.253919158124657	1.06601161712687	-1.34317463757986	-2.54694106204647	-2.49711993187987	0.612389652392033	0.0704248100250838	1.95340185911143	0.908441774970307	-1.1356118594838	0.398250819103981	0.350681063013461	-0.648346941298531	-1.29312769928411	-1.11829924576785	0.179422215038497

Probability matrix

A:	0.0532991106340235	0.211070553030855	0.376352047873738	0.225428450811153	0.0484673049263232	0.0961234544803343	0.0516434605363231	0.00967927317763088	0.106177837169761	0.036185677684346	0.0970709546449448	0.935128821423824	0.838099069437574	0.203283501394231	0.0874570693367485	0.090494778766852	0.0144572991910911
C:	0.484380079746196	0.198896826800521	0.507458206262398	0.116607079679793	0.00992308674079245	0.00574797358068214	0.884390721306447	0.793783532847594	0.137077355040963	0.00753640382770465	0.0129122806532552	0.0356651311257044	0.0335679147133381	0.120747856591669	0.186585746558967	0.0910416306097362	0.686539868620451
G:	0.281934565985602	0.405197907049834	0.0581901494764205	0.0608114267566883	0.0601200883968139	0.0639724117068831	0.0215127627119209	0.112461098568629	0.743938194599046	0.938603758016459	0.522846858553714	0.00300828580128013	0.0401338266036369	0.274944140088386	0.1097288744453	0.219158109670701	0.200712700163295
T:	0.180386243634179	0.18483471311879	0.0579995963874431	0.597153042752365	0.88148951993607	0.8341561602321	0.0424530554453091	0.0840760954061465	0.0128066131902304	0.0176741604714904	0.367169906148085	0.0261977616491916	0.0881991892454512	0.401024501925714	0.616228309658985	0.59930548095271	0.0982901320251631



5	T.CGGGAA	0.498880082263048

Enrichment score matrix

A:	0.0290178571428571	0.0304437564499484	0.126488095238095	-0.028158295281583	-0.00347222222222222	0.00850918992511913	0.195759368836292	-0.339506172839506	-0.199211045364892	-0.00996423096576392	-0.106887755102041	0.417171717171717	0.43452380952381	0.117788461538462	-0.0621190811064229	-0.0784543325526932	0.0625	-0.0773955773955774
C:	-0.00476190476190476	0.0276967930029155	-0.0900297619047619	0.0391865079365079	-0.171038638780574	-0.354801477377655	0.21404958677686	0.412294238683128	0.254497354497354	-0.133864760857614	-0.337369420702754	-0.128318584070796	-0.158410732714138	-0.0916895604395604	-0.0283882783882784	0.0475313190862196	-0.0195936139332366	-0.0757575757575758
G:	-0.108823529411765	-0.0405092592592593	0.103085553997195	-0.0552	-0.00425604358188628	0.0661447696845927	-0.271601941747573	-0.114523614523615	0.225597092419522	0.417460317460317	0.377377377377377	-0.200536062378168	-0.214655375205834	0.0389200561009818	-0.00586029067041725	-0.0433255269320843	-0.0764705882352941	0.097051597051597
T:	0.080952380952381	-0.0293367346938776	-0.119047619047619	0.113212874082439	0.216185410334347	0.289272030651341	-0.130184331797235	0.0333333333333333	-0.191993880673126	-0.295173961840628	0.0815724815724816	-0.0839923316558831	-0.0530463420371677	-0.0051510989010989	0.132692307692308	0.0828054298642534	0.0195652173913043	0.0724815724815725

Energy matrix for enoLOGOS

A:	-0.267264341151095	-0.28039735910557	-1.1649984101458	0.25934748383799	0.0319803485138062	-0.0783725355001377	-1.80301041798548	3.12696741023883	1.83480153366784	0.0917739587396707	0.98447260608623	-3.8422935087133	-4.00211218544203	-1.08487182266066	0.57213788058455	0.722591106466516	-0.575646273248511	0.712839611098894
C:	0.0438587636760771	-0.25509689076902	0.829204750750832	-0.360921076084384	1.57532407992857	3.26784237112821	-1.97146955069573	-3.79737027167639	-2.34400725868812	1.23294001131182	3.10728719576879	1.18185783534208	1.45901676687136	0.844492060205234	0.261465706530459	-0.437779627113091	0.180463853442204	0.697753058483044
G:	1.00230174636211	0.373104065994406	-0.949453039747896	0.508410788533085	0.0391996100271373	-0.60921584262107	2.50154632918479	1.05480147039148	-2.07782600811197	-3.84495161560276	-3.47577409432935	1.84700539135877	1.97704906831999	-0.35846696398645	0.0539752717532594	0.399042849839718	0.704320146092296	-0.893878242489089
T:	-0.74559898249331	0.270201311932975	1.09646909190193	-1.04272910478895	-1.99114121263467	-2.66429386239158	1.19904200695082	-0.307011345732539	1.76832899033607	2.7186526574969	-0.75131032026931	0.773597963186593	0.488574865650583	0.0474433741688334	-1.22214131858915	-0.762666193697575	-0.180202311625621	-0.667579953251345

Probability matrix

A:	0.275712804985547	0.325537524984846	0.488657946785048	0.136688915524481	0.102371274541658	0.0624566801101244	0.44510285634531	0.000946376062325559	0.00851883066927743	0.0189961447889001	0.0107178941546479	0.980533960402795	0.982325371344412	0.512512628311447	0.0994192003045736	0.100107711017587	0.413066655187164	0.091089706731789
C:	0.20199373003389	0.317404590496299	0.0665171353223687	0.254163106937429	0.0218732060509835	0.00219956209221565	0.526770266220952	0.962200089110603	0.556177717176798	0.00606824842094949	0.0012828704494985	0.00644913450660854	0.00417366120135478	0.0744376206882428	0.135641778770702	0.319455329437833	0.193930305778353	0.0924743549064004
G:	0.0774624788147078	0.169351479240064	0.393907999801064	0.10655319559549	0.101634890810871	0.106199192511364	0.00601194693983497	0.00751612475353917	0.426199108453411	0.973562113482622	0.927192678800129	0.00331612980236121	0.00248621465549307	0.247873985152878	0.16691886663957	0.138351143729079	0.11485179444968	0.454211370187522
T:	0.444830986165856	0.187706405278791	0.0509169180915192	0.502594781942599	0.774120628596488	0.829144565286296	0.0221149304939037	0.0293374100735321	0.00910434370051389	0.00137349330752833	0.0608065565957242	0.00970077528823576	0.0110147527987397	0.165175765847432	0.598020154285154	0.442085815815501	0.278151244584803	0.362224568174288



