1	TTATAAA	0.496703878478744

Enrichment score matrix

A:	-0.0977011494252874	-0.0126811594202899	-0.038265306122449	-0.0760135135135135	-0.0317377731529657	0.107209612817089	0.16374380480366	0.187609756097561	0.385644768856448	0.257158006362672	0.372523686477175	0.289583333333333	0.250816993464052	0.2234360410831	0.060824230387289	0.0351973684210526	0.0989940557841792	0.0971467391304348	0.106886657101865	-0.0698924731182796
C:	0.106060606060606	-0.063845050215208	0.104508196721311	0.0122863247863248	0.00237771739130435	-0.0389705882352941	-0.110723964382501	-0.310867895545315	-0.314308943089431	-0.30749354005168	-0.268204346168509	-0.331389183457052	-0.290166473093302	-0.257948717948718	-0.0919786096256685	-0.0470430107526882	-0.170324645633288	-0.0901875901875902	-0.181492109038737	-0.120689655172414
G:	0.0666666666666667	-0.00256410256410256	-0.0442176870748299	-0.0135135135135135	-0.0197010869565217	-0.164085447263017	-0.231592787377911	-0.175308421240837	-0.276104073947278	-0.304545454545455	-0.284979031643157	-0.193790584415584	-0.115151515151515	-0.0796252927400468	-0.00423150423150423	-0.0384868421052632	-0.024859287054409	-0.0487394957983193	0.117094017094017	-0.00892857142857143
T:	-0.0952380952380952	0.0788690476190476	0.00789473684210526	0.0835616438356164	0.09375	0.105681818181818	0.203703703703704	0.35	0.303769401330377	0.39390142021721	0.223408311094167	0.299055489964581	0.0776229190863337	0.126016260162602	0.0334134615384615	0.0554480980012895	0.0933035714285714	0.0252206809583859	-0.0319148936170213	0.23828125

Energy matrix for enoLOGOS

A:	0.899860840940202	0.116797794572162	0.352436493825619	0.700110332329271	0.292315693387381	-0.987437025193174	-1.50813617604414	-1.72794971076197	-3.55191958383996	-2.36851276797903	-3.43106994907812	-2.66716106605144	-2.31010988087965	-2.0579219897422	-0.560211864730428	-0.324179743355741	-0.911768948574689	-0.894754533418882	-0.984462493130883	0.64373346685855
C:	-0.976854281876262	0.588034643547977	-0.962556063464724	-0.113161233202699	-0.0218995864822803	0.35893238214319	1.0198053992974	2.86319912869229	2.89489234780975	2.83212016605986	2.4702533174553	3.05220717523071	2.67253198172518	2.37579549082257	0.847154301593531	0.433282141154794	1.56874796001881	0.830658402956005	1.67160409907459	1.11159280351437
G:	-0.614022691465079	0.0236162573640415	0.407259948420716	0.124464059080759	0.181453716567466	1.51128281938034	2.13304839944527	1.61465022970189	2.54301249914371	2.80496729510184	2.62475388030964	1.78487724335172	1.06058464889423	0.733376048354076	0.0389735942576115	0.354476915631978	0.228962495175768	0.448907345861024	-1.07847575295789	0.0822351818926445
T:	0.877175273521541	-0.726410773385026	-0.0727132134629699	-0.769631181767873	-0.863469409872767	-0.973365516583847	-1.8761804461433	-3.22361913019166	-2.79781958084421	-3.62796615320532	-2.05766658710562	-2.7544028526819	-0.7149335054515	-1.16065264850106	-0.307749353775166	-0.510695855570569	-0.859357650778135	-0.232291056039752	0.293947033148176	-2.19465141675995

Probability matrix

A:	0.076339944018318	0.198188484711923	0.138865841960374	0.106590891192495	0.150083863428132	0.4294794069053	0.392010753505572	0.181560403570589	0.678300126317092	0.220523074247966	0.794708131441323	0.474811928476121	0.803797505442748	0.675268142914186	0.388964100758336	0.314347086488652	0.425129648687262	0.511622079402666	0.408617234969294	0.0488572700093696
C:	0.498653485558213	0.123715140878722	0.517236832001753	0.24039168770696	0.205492493903976	0.111743312272723	0.0312915375909559	0.00184124055833622	0.00107549166792152	0.00121576000589081	0.00217418014890941	0.00155822997286151	0.00551077637393944	0.0080156219410458	0.0952134189353749	0.147383179989068	0.0355833299922362	0.091119632860927	0.0286946952110689	0.0306013416839865
G:	0.346915018467655	0.217543767045769	0.131457663171388	0.189548387105314	0.167679799299243	0.0352989757886141	0.0102790176522054	0.00641724218951801	0.00152906703932392	0.00124922364135846	0.00186293106277842	0.00553383174024497	0.027623112971513	0.0414219868278744	0.213641973814537	0.159467651131193	0.135865134331394	0.133476355132831	0.448896398074367	0.0856613280241324
T:	0.0780915519558139	0.460552607363586	0.212439662866485	0.463469033995231	0.47674384336865	0.423478305033363	0.566418691251267	0.810181113681557	0.319095314975663	0.777011942104785	0.20125475734699	0.518096009810773	0.1630686052118	0.275294248316894	0.302180506491753	0.378802082391087	0.403421886989107	0.263781932603576	0.113791671745271	0.834880060282511



2	TATATAA	0.496628722957022

Enrichment score matrix

A:	-0.0555555555555556	-0.0571587125416204	0.0424107142857143	-0.0610021786492375	-0.0377289377289377	0.0237220691766146	0.153931339977852	0.299055489964581	0.170119210474888	0.332438238453276	0.31468253968254	0.361224489795918	0.338441558441558	0.222159090909091	0.164371148967017	0.0796586059743954	0.0665322580645161	0.233493397358944	0.0364583333333333
C:	-0.0299539170506912	0.00213675213675214	0.062	0.0356280193236715	0.0014336917562724	-0.0187569988801792	-0.171239669421488	-0.193790584415584	-0.32962962962963	-0.269085411942555	-0.314565483476132	-0.210287741426882	-0.186293913904008	-0.108663181478715	-0.111505681818182	-0.134705882352941	0.0768518518518519	-0.157334826427772	0.0476190476190476
G:	-0.0353535353535354	0.0438401775804661	-0.136678200692042	0.0291428571428571	0.0143960674157303	-0.0564738292011019	-0.220293486041518	-0.331389183457052	-0.186470710860955	-0.338301716350497	-0.270495495495496	-0.241623965313362	-0.171052631578947	-0.0521235521235521	-0.0563610003624502	0.0523529411764706	-0.0738636363636364	0.032967032967033	0.0285714285714286
T:	0.106060606060606	0.0106837606837607	0.00577200577200577	0.0423412204234122	0.0758426966292135	0.0982114340466305	0.301050420168067	0.289583333333333	0.395838020247469	0.311653599429793	0.301873536299766	0.157723577235772	0.0483323911814584	0.00630630630630631	0.0759259259259259	0.0288235294117647	-0.0343873517786561	-0.0975	-0.129166666666667

Energy matrix for enoLOGOS

A:	0.511685576220899	0.526451197732268	-0.390617113990061	0.561850828791575	0.347496358356611	-0.218488331444186	-1.4177600351104	-2.7544028526819	-1.56685583228557	-3.06186932881485	-2.89833329959409	-3.32700050171385	-3.11716194926882	-2.04616084400153	-1.51391422931903	-0.733682874581318	-0.612784742490351	-2.15055366428496	-0.335793659394965
C:	0.275885771510807	-0.0196802144700346	-0.571041103062523	-0.328146184750359	-0.0132047890637651	0.172758344043226	1.57717564055658	1.78487724335172	3.03600108557733	2.47836823312436	2.89725517209043	1.9368216745957	1.71583035628354	1.00082488732079	1.02700528295473	1.24068702657797	-0.707831713772244	1.44910730376557	-0.438587636760771
G:	0.325618093958754	-0.403782957483973	1.25885274980297	-0.268415633697592	-0.132592680916792	0.520143189050997	2.02897798817156	3.05220717523071	1.71745871643375	3.11587395601182	2.49135558259986	2.22543896256263	1.57545295836435	0.480075656454357	0.519103997043239	-0.482188407709341	0.680309232020968	-0.303637594680534	-0.263152582056462
T:	-0.976854281876262	-0.0984010723501729	-0.0531621377891843	-0.389977051864496	-0.698537050683587	-0.904560735989357	-2.77277683887434	-2.66716106605144	-3.64580289864839	-2.87043572889992	-2.78035801861295	-1.45268783102714	-0.445157773772732	-0.058083227571021	-0.699303620835229	-0.265474516604019	0.316719214372304	0.898008186267678	1.18966896471359

Probability matrix

A:	0.126565522948089	0.14025966555023	0.322220908560905	0.120199637642013	0.144992856962459	0.241552837144247	0.201665136687589	0.518096009810773	0.110576234301517	0.545918530219263	0.527336503719679	0.860204783711224	0.920607775328429	0.79087661607899	0.605127113559063	0.393296715929338	0.361156805239013	0.811370287790336	0.30715190874495
C:	0.160221934822102	0.242166830484583	0.385932062783363	0.292700827556311	0.207968292109503	0.163341248427321	0.0100912923355746	0.00553383174024497	0.00110832322866288	0.00214305459175249	0.00160359887472433	0.0044519771691917	0.0073304856713397	0.0375681358214647	0.0476803340466453	0.0546087664854211	0.397167934018993	0.0221771740417045	0.340405113742049
G:	0.152448620465678	0.355572659032507	0.0619153108939503	0.275729543370015	0.234340109182001	0.115406042726052	0.00642290533276368	0.00155822997286151	0.00414287767745454	0.00113283854278807	0.00240644363994165	0.00333586166803145	0.00843524844521424	0.0632380053200672	0.0792351738624713	0.305842377335045	0.099108801632296	0.127971612508784	0.28563117041712
T:	0.56076392176413	0.26200084493268	0.229931717761781	0.311369991431661	0.412698741746037	0.47969987170238	0.781820665644072	0.474811928476121	0.884172564792366	0.450805576646197	0.468653453765655	0.132007377451552	0.0636264905550169	0.108317242779479	0.26795737853182	0.246252140250196	0.142566459109698	0.0384809256591758	0.0668118070958811



3	TAT.TAAA	0.495879550280805

Enrichment score matrix

A:	0.0697115384615385	-0.0939393939393939	0.0719534598897734	0.0954055321143929	0.0795932678821879	0.0548229548229548	-0.029021151008362	0.283875530410184	0.119319727891156	0.332438238453276	0.179655870445344	0.250720838794233	0.254738330975955	0.199725274725275	0.0982456140350877	0.0239506172839506	0.0212053571428571	0.0714285714285714	0.197860962566845
C:	0.0037593984962406	-0.0648148148148148	0.00113122171945701	-0.0792592592592593	-0.0613604488078541	-0.0495327102803738	-0.0238563698967044	-0.10687432867884	-0.197454736289688	-0.269085411942555	-0.269292389853138	-0.149197860962567	-0.162459720730397	-0.0844120819848975	-0.0839920948616601	-0.0536437246963563	0.0914786967418546	-0.0872395833333333	0.0429292929292929
G:	-0.0841346153846154	0.0316315205327414	-0.0827020202020202	-0.0549450549450549	-0.0645604395604396	-0.0381234893430015	-0.105105105105105	-0.138985005767013	-0.190438034188034	-0.338301716350497	-0.196078431372549	-0.197191697191697	-0.196944444444444	-0.107417582417582	-0.0446122168840082	0.0178866263070996	-0.0363408521303258	-0.00651041666666667	-0.148148148148148
T:	0.0126262626262626	0.0994318181818182	0.00704225352112676	0.0593061415846226	0.095467032967033	0.0499866702212743	0.205454545454545	0.00631009615384615	0.264081632653061	0.311653599429793	0.27196261682243	0.105195473251029	0.196087084436599	0.0380258899676375	0.0551075268817204	0.0126518218623482	-0.0689935064935065	0.0244055068836045	-0.103365384615385

Energy matrix for enoLOGOS

A:	-0.642066997084878	0.865213792518975	-0.662715856526149	-0.878717424143063	-0.733081088512831	-0.504938074116887	0.267294678773534	-2.61459025835307	-1.09897530696913	-3.06186932881485	-1.65469171662528	-2.30922426364226	-2.34622673407767	-1.83953776110623	-0.904875545316958	-0.220593337304121	-0.195308556995031	-0.657881455141156	-1.82236681156748
C:	-0.0346253397442714	0.596966505591049	-0.0104189370723712	0.730004755408483	0.565150618897557	0.456213121228727	0.219725286788414	0.984348944158572	1.81862532928682	2.47836823312436	2.4802745701303	1.37416308223602	1.49630932466316	0.777464006588065	0.773595782231201	0.494076963274026	-0.84254993377727	0.803506256409381	-0.395393399807058
G:	0.774908444757612	-0.291337070589702	0.761713755510657	0.506062657800889	0.594623622916045	0.351130313016451	0.96805379285035	1.28009920971526	1.75399911464183	3.11587395601182	1.80594909254435	1.81620264966319	1.81392536770309	0.989352496000738	0.410893702250139	-0.164741916394731	0.334711617527957	0.0599631534633866	1.3644948699224
T:	-0.116292176413841	-0.915800889258995	-0.0648615519153252	-0.546229750142985	-0.879283867929045	-0.460394246799663	-1.89230629460602	-0.0581181333568209	-2.43228172272187	-2.87043572889992	-2.50486826938792	-0.968886114233091	-1.80602879020951	-0.350231389549256	-0.507559079638472	-0.116527585677836	0.635453678261344	-0.224783025348605	0.952030374987923

Probability matrix

A:	0.420470855582719	0.0875465353586079	0.432622463761486	0.46132705395218	0.370984554140444	0.361831796239707	0.0891853347011301	0.888667425861341	0.203861065298095	0.545918530219263	0.29520532307171	0.767429425424298	0.617406952610398	0.736578318090008	0.470135076681822	0.299742302482249	0.254157121508071	0.422259242680299	0.744201184489087
C:	0.229048440261533	0.114482019026034	0.225330569111646	0.0923314718170656	0.101284027265554	0.138383422616192	0.093530352461716	0.024307473727604	0.0110213915764401	0.00214305459175249	0.00472423119613297	0.0192913956548425	0.0132366872880928	0.0537860317610249	0.0877549896695692	0.14667992226025	0.485507162846392	0.0979279234441428	0.178633817063321
G:	0.101941561865041	0.278306033397149	0.104108729342488	0.115506540272845	0.0983424442989522	0.153716664272289	0.0442545195433981	0.0180841090265417	0.0117571819981903	0.00113283854278807	0.0092722893784656	0.0123990469164866	0.0096347491991012	0.0435158531246583	0.126122140068332	0.283460190807595	0.149595126758029	0.20597912649519	0.0307364647325263
T:	0.248539142290708	0.519665412218209	0.237938237784381	0.33083493395791	0.42938897429505	0.346068116871812	0.773029793293756	0.0689409913845136	0.773360361127274	0.450805576646197	0.690798156353692	0.200880132004373	0.359721610902408	0.166119797024309	0.315987793580278	0.270117584449906	0.110740588887509	0.273833707380368	0.0464285337150665



4	TATAAAA	0.495673872019929

Enrichment score matrix

A:	-0.0977011494252874	-0.0126811594202899	-0.038265306122449	-0.0760135135135135	-0.0317377731529657	0.107209612817089	0.16374380480366	0.115667074663403	0.388888888888889	0.0918871252204586	0.369340016708438	0.31468253968254	0.313479052823315	0.2234360410831	0.060824230387289	0.0351973684210526	0.0989940557841792	0.0971467391304348	0.106886657101865	-0.0698924731182796
C:	0.106060606060606	-0.063845050215208	0.104508196721311	0.0122863247863248	0.00237771739130435	-0.0389705882352941	-0.110723964382501	-0.283004258614015	-0.32758031442242	-0.229007633587786	-0.284840654608096	-0.314565483476132	-0.239467849223947	-0.257948717948718	-0.0919786096256685	-0.0470430107526882	-0.170324645633288	-0.0901875901875902	-0.181492109038737	-0.120689655172414
G:	0.0666666666666667	-0.00256410256410256	-0.0442176870748299	-0.0135135135135135	-0.0197010869565217	-0.164085447263017	-0.231592787377911	-0.180982745686422	-0.291489361702128	-0.305959302325581	-0.328423772609819	-0.270495495495496	-0.108761904761905	-0.0796252927400468	-0.00423150423150423	-0.0384868421052632	-0.024859287054409	-0.0487394957983193	0.117094017094017	-0.00892857142857143
T:	-0.0952380952380952	0.0788690476190476	0.00789473684210526	0.0835616438356164	0.09375	0.105681818181818	0.203703703703704	0.33879781420765	0.248923959827834	0.444268077601411	0.219181419522495	0.301873536299766	0.0594951923076923	0.126016260162602	0.0334134615384615	0.0554480980012895	0.0933035714285714	0.0252206809583859	-0.0319148936170213	0.23828125

Energy matrix for enoLOGOS

A:	0.899860840940202	0.116797794572162	0.352436493825619	0.700110332329271	0.292315693387381	-0.987437025193174	-1.50813617604414	-1.06533312748072	-3.58179903354629	-0.84631169908282	-3.40174726687608	-2.89833329959409	-2.88724877598743	-2.0579219897422	-0.560211864730428	-0.324179743355741	-0.911768948574689	-0.894754533418882	-0.984462493130883	0.64373346685855
C:	-0.976854281876262	0.588034643547977	-0.962556063464724	-0.113161233202699	-0.0218995864822803	0.35893238214319	1.0198053992974	2.60656554855385	3.01712619498946	2.10923825312432	2.62347938071707	2.89725517209043	2.20558039949762	2.37579549082257	0.847154301593531	0.433282141154794	1.56874796001881	0.830658402956005	1.67160409907459	1.11159280351437
G:	-0.614022691465079	0.0236162573640415	0.407259948420716	0.124464059080759	0.181453716567466	1.51128281938034	2.13304839944527	1.66691268922675	2.68471623608667	2.81798931439097	3.02489473198494	2.49135558259986	1.0017341623616	0.733376048354076	0.0389735942576115	0.354476915631978	0.228962495175768	0.448907345861024	-1.07847575295789	0.0822351818926445
T:	0.877175273521541	-0.726410773385026	-0.0727132134629699	-0.769631181767873	-0.863469409872767	-0.973365516583847	-1.8761804461433	-3.12044318613401	-2.29267439675447	-4.09186021111252	-2.01873547701508	-2.78035801861295	-0.547970971650025	-1.16065264850106	-0.307749353775166	-0.510695855570569	-0.859357650778135	-0.232291056039752	0.293947033148176	-2.19465141675995

Probability matrix

A:	0.076339944018318	0.198188484711923	0.138865841960374	0.106590891192495	0.150083863428132	0.4294794069053	0.392010753505572	0.112382301566954	0.781999916291818	0.037378340351523	0.796903634470519	0.527336503719679	0.890468775256949	0.675268142914186	0.388964100758336	0.314347086488652	0.425129648687262	0.511622079402666	0.408617234969294	0.0488572700093696
C:	0.498653485558213	0.123715140878722	0.517236832001753	0.24039168770696	0.205492493903976	0.111743312272723	0.0312915375909559	0.0028576733782755	0.00106495165627901	0.00194554364976934	0.00192611903083493	0.00160359887472433	0.0054680324990795	0.0080156219410458	0.0952134189353749	0.147383179989068	0.0355833299922362	0.091119632860927	0.0286946952110689	0.0306013416839865
G:	0.346915018467655	0.217543767045769	0.131457663171388	0.189548387105314	0.167679799299243	0.0352989757886141	0.0102790176522054	0.00731305164968223	0.0014848880227688	0.000957710621576133	0.0012892901070569	0.00240644363994165	0.0182244682312226	0.0414219868278744	0.213641973814537	0.159467651131193	0.135865134331394	0.133476355132831	0.448896398074367	0.0856613280241324
T:	0.0780915519558139	0.460552607363586	0.212439662866485	0.463469033995231	0.47674384336865	0.423478305033363	0.566418691251267	0.877446973405088	0.215450244029134	0.959718405377131	0.199880956391589	0.468653453765655	0.0858387240127492	0.275294248316894	0.302180506491753	0.378802082391087	0.403421886989107	0.263781932603576	0.113791671745271	0.834880060282511



5	T.TATAAA	0.495647991204361

Enrichment score matrix

A:	-0.0977011494252874	-0.0126811594202899	-0.038265306122449	-0.0760135135135135	-0.0317377731529657	0.107209612817089	0.16374380480366	0.158687258687259	0.313401442307692	0.203513513513514	0.277043269230769	0.27515243902439	0.222159090909091	0.2234360410831	0.060824230387289	0.0351973684210526	0.0989940557841792	0.0971467391304348	0.106886657101865	-0.0698924731182796
C:	0.106060606060606	-0.063845050215208	0.104508196721311	0.0122863247863248	0.00237771739130435	-0.0389705882352941	-0.110723964382501	-0.231531531531532	-0.276111111111111	-0.220571095571096	-0.22	-0.256818181818182	-0.108663181478715	-0.257948717948718	-0.0919786096256685	-0.0470430107526882	-0.170324645633288	-0.0901875901875902	-0.181492109038737	-0.120689655172414
G:	0.0666666666666667	-0.00256410256410256	-0.0442176870748299	-0.0135135135135135	-0.0197010869565217	-0.164085447263017	-0.231592787377911	-0.178721174004193	-0.282777777777778	-0.301081081081081	-0.18359375	-0.19079939668175	-0.0521235521235521	-0.0796252927400468	-0.00423150423150423	-0.0384868421052632	-0.024859287054409	-0.0487394957983193	0.117094017094017	-0.00892857142857143
T:	-0.0952380952380952	0.0788690476190476	0.00789473684210526	0.0835616438356164	0.09375	0.105681818181818	0.203703703703704	0.274147727272727	0.291165865384615	0.35	0.133611111111111	0.262015503875969	0.00630630630630631	0.126016260162602	0.0334134615384615	0.0554480980012895	0.0933035714285714	0.0252206809583859	-0.0319148936170213	0.23828125

Energy matrix for enoLOGOS

A:	0.899860840940202	0.116797794572162	0.352436493825619	0.700110332329271	0.292315693387381	-0.987437025193174	-1.50813617604414	-1.46156366520549	-2.8865339567221	-1.87442872975623	-2.55166280738042	-2.53424761759406	-2.04616084400153	-2.0579219897422	-0.560211864730428	-0.324179743355741	-0.911768948574689	-0.894754533418882	-0.984462493130883	0.64373346685855
C:	-0.976854281876262	0.588034643547977	-0.962556063464724	-0.113161233202699	-0.0218995864822803	0.35893238214319	1.0198053992974	2.13248421225034	2.54307731381787	2.03153486642948	2.02627488183476	2.36538286825752	1.00082488732079	2.37579549082257	0.847154301593531	0.433282141154794	1.56874796001881	0.830658402956005	1.67160409907459	1.11159280351437
G:	-0.614022691465079	0.0236162573640415	0.407259948420716	0.124464059080759	0.181453716567466	1.51128281938034	2.13304839944527	1.6460828442578	2.60447958296438	2.77305923631932	1.6909609276675	1.75732738620662	0.480075656454357	0.733376048354076	0.0389735942576115	0.354476915631978	0.228962495175768	0.448907345861024	-1.07847575295789	0.0822351818926445
T:	0.877175273521541	-0.726410773385026	-0.0727132134629699	-0.769631181767873	-0.863469409872767	-0.973365516583847	-1.8761804461433	-2.52499388038552	-2.68173672489331	-3.22361913019166	-1.23060381081126	-2.41325197343252	-0.058083227571021	-1.16065264850106	-0.307749353775166	-0.510695855570569	-0.859357650778135	-0.232291056039752	0.293947033148176	-2.19465141675995

Probability matrix

A:	0.076339944018318	0.198188484711923	0.138865841960374	0.106590891192495	0.150083863428132	0.4294794069053	0.392010753505572	0.25198553566438	0.548449785220639	0.204749742269501	0.774294378743577	0.524336966269737	0.79087661607899	0.675268142914186	0.388964100758336	0.314347086488652	0.425129648687262	0.511622079402666	0.408617234969294	0.0488572700093696
C:	0.498653485558213	0.123715140878722	0.517236832001753	0.24039168770696	0.205492493903976	0.111743312272723	0.0312915375909559	0.00692628649486487	0.00240484260306666	0.00411988342389358	0.00795670083805488	0.00390596181801045	0.0375681358214647	0.0080156219410458	0.0952134189353749	0.147383179989068	0.0355833299922362	0.091119632860927	0.0286946952110689	0.0306013416839865
G:	0.346915018467655	0.217543767045769	0.131457663171388	0.189548387105314	0.167679799299243	0.0352989757886141	0.0102790176522054	0.0112652771715181	0.00226162184526624	0.00196265961117012	0.0111264860930302	0.00717468988596039	0.0632380053200672	0.0414219868278744	0.213641973814537	0.159467651131193	0.135865134331394	0.133476355132831	0.448896398074367	0.0856613280241324
T:	0.0780915519558139	0.460552607363586	0.212439662866485	0.463469033995231	0.47674384336865	0.423478305033363	0.566418691251267	0.729822900669237	0.446883750331028	0.789167714695435	0.206622434325338	0.464582382026292	0.108317242779479	0.275294248316894	0.302180506491753	0.378802082391087	0.403421886989107	0.263781932603576	0.113791671745271	0.834880060282511



