1	ATATATA	0.499270369134324

Enrichment score matrix

A:	0.00802139037433155	0.0306122448979592	0.0785413744740533	0.107954545454545	0.0782928208027134	0.171658986175115	0.221038961038961	0.220180893159977	0.108731130150959	0.419632925472747	0.0913931753966529	0.426474779139356	0.156191074795726	0.259185980780102	0.127155172413793	0.0784832451499118	0.0169230769230769	0.0103668261562998	-0.0559895833333333	0.146464646464646
C:	-0.153225806451613	0.0387755102040816	0.0743145743145743	-0.000293944738389183	-0.0149802148106275	-0.0384615384615385	-0.220141700404858	-0.214574898785425	-0.196827262044653	-0.242706131078224	-0.191259398496241	-0.172398589065256	-0.21875	-0.013663967611336	-0.00577731092436975	0.0262860373092142	0.0347692307692308	-0.134199134199134	-0.00966183574879227	0.0241935483870968
G:	0.0241935483870968	-0.00966183574879227	-0.134199134199134	0.0347692307692308	0.0262860373092142	-0.00577731092436975	-0.013663967611336	-0.165512122711529	-0.102380952380952	-0.219238900634249	-0.244238084582681	-0.179453262786596	-0.156162313835528	-0.220141700404858	-0.0384615384615385	-0.0149802148106275	-0.000293944738389183	0.0743145743145743	0.0387755102040816	-0.153225806451613
T:	0.146464646464646	-0.0559895833333333	0.0103668261562998	0.0169230769230769	0.0784832451499118	0.127155172413793	0.259185980780102	0.132727272727273	0.355334051724138	0.166158536585366	0.443573667711599	0.0472395472395472	0.37448275862069	0.221038961038961	0.171658986175115	0.0782928208027134	0.107954545454545	0.0785413744740533	0.0306122448979592	0.00802139037433155

Energy matrix for enoLOGOS

A:	-0.073879735604087	-0.281949195060495	-0.723392792188873	-0.994298108338338	-0.721103528275128	-1.58103769058117	-2.03584406663681	-2.02794096940911	-1.00145071771997	-3.86496207489212	-0.841762253078893	-3.92797787593684	-1.43857296193343	-2.38719110262921	-1.17114241798835	-0.722857401327937	-0.155867298602674	-0.0954819974766271	0.515683119785125	-1.34898924640055
C:	1.4112618311899	-0.357135647076628	-0.684462524035748	0.00270733109111587	0.137972877251198	0.354243860460622	2.02757999079435	1.9763078530961	1.81284607791541	2.23540607759591	1.76156415948981	1.58784968493946	2.01476195636979	0.125849792532063	0.0532110000481817	-0.242103350648328	-0.320236449856403	1.23601970359854	0.0889887958645042	-0.222830815451037
G:	-0.222830815451037	0.0889887958645042	1.23601970359854	-0.320236449856403	-0.242103350648328	0.0532110000481817	0.125849792532063	1.52442298586147	0.942963419035657	2.0192648976193	2.249515890806	1.65282563112624	1.43830806370058	2.02757999079435	0.354243860460622	0.137972877251198	0.00270733109111587	-0.684462524035748	-0.357135647076628	1.4112618311899
T:	-1.34898924640055	0.515683119785125	-0.0954819974766271	-0.155867298602674	-0.722857401327937	-1.17114241798835	-2.38719110262921	-1.22246335846229	-3.2727475621327	-1.53037667766068	-4.08546445966969	-0.435092309094278	-3.44911367033315	-2.03584406663681	-1.58103769058117	-0.721103528275128	-0.994298108338338	-0.723392792188873	-0.281949195060495	-0.073879735604087

Probability matrix

A:	0.167611441350791	0.310697375649218	0.37929581420916	0.432712057390089	0.328438409924261	0.499200713820554	0.391649964472777	0.669447442614987	0.0917853951850213	0.907543409282119	0.0373861142026585	0.963200798676473	0.116886553930676	0.556526912088276	0.331329376044799	0.329014954646269	0.187099713606196	0.202432322002928	0.139936263039685	0.59989699311171
C:	0.0379590096744191	0.334958224748123	0.364813456521058	0.159663276044193	0.139111104389437	0.0720764020465872	0.00673248579421645	0.012209371799204	0.00550224612639849	0.00203475058031413	0.00276757903900968	0.00387456865925415	0.00369828397520309	0.0450906376447306	0.0973935080880607	0.203435531040034	0.220524952959521	0.0534584072668545	0.214408136562974	0.19453255586308
G:	0.19453255586308	0.214408136562974	0.0534584072668545	0.220524952959521	0.203435531040034	0.0973935080880607	0.0450906376447306	0.0191842322439048	0.0131318300038097	0.00252569033763408	0.00169896834945608	0.00363081955921402	0.00658189576648646	0.00673248579421645	0.0720764020465872	0.139111104389437	0.159663276044193	0.364813456521058	0.334958224748123	0.0379590096744191
T:	0.59989699311171	0.139936263039685	0.202432322002928	0.187099713606196	0.329014954646269	0.331329376044799	0.556526912088276	0.299158953341904	0.889580528684771	0.0878961497999329	0.958147338408876	0.0292938131050587	0.872833266327634	0.391649964472777	0.499200713820554	0.328438409924261	0.432712057390089	0.37929581420916	0.310697375649218	0.167611441350791



2	A..TATATA	0.4987861298154

Enrichment score matrix

A:	-0.115079365079365	0.072463768115942	0.00705329153605016	0.183712121212121	0.134821933295647	0.0292509568069984	0.220180893159977	0.138194444444444	0.438656987295826	0.0108848314606742	0.45095785440613	0.0143167814425516	0.276456599286564	0.132727272727273	0.0327777777777778	0.0904377880184332	0.123197115384615	0.115987460815047	0.0832290362953692	0.138095238095238
C:	-0.0212121212121212	-0.08984375	0.00268817204301075	-0.0534200113058225	-0.0829493087557604	-0.122744669218152	-0.214574898785425	-0.223263888888889	-0.190217391304348	-0.216129032258065	-0.204022988505747	-0.218039772727273	-0.10303605313093	-0.165512122711529	0.061038961038961	0.0221432476763259	-0.133207070707071	-0.0585149313962873	0.00340136054421769	-0.0625
G:	-0.0625	0.00340136054421769	-0.0585149313962873	-0.133207070707071	0.0221432476763259	0.061038961038961	-0.165512122711529	-0.149060616802552	-0.262228260869565	-0.196629213483146	-0.198084291187739	-0.147372159090909	-0.201707779886148	-0.214574898785425	-0.122744669218152	-0.0829493087557604	-0.0534200113058225	0.00268817204301075	-0.08984375	-0.0212121212121212
T:	0.138095238095238	0.0832290362953692	0.115987460815047	0.123197115384615	0.0904377880184332	0.0327777777777778	0.132727272727273	0.290507971820541	0.0727605727605728	0.455397301349325	-0.00109970674486804	0.426487305797651	0.137950664136622	0.220180893159977	0.0292509568069984	0.134821933295647	0.183712121212121	0.00705329153605016	0.072463768115942	-0.115079365079365

Energy matrix for enoLOGOS

A:	1.05992012217186	-0.667415968983781	-0.0649632157898007	-1.69205116682138	-1.24175589526078	-0.269411268398429	-2.02794096940911	-1.27281787084949	-4.04018015954019	-0.100253002644404	-4.15347533249654	-0.131862430117093	-2.54625937750828	-1.22246335846229	-0.30189448997033	-0.832962810138399	-1.13468736553793	-1.06828399298783	-0.76656775311191	-1.27190414660623
C:	0.195370856375252	0.827491517794735	-0.0247589794945596	0.492016486801441	0.763991367260697	1.13052018234481	1.9763078530961	2.05633640943774	1.75196691858243	1.99062195136259	1.87912116784572	2.00822052144651	0.948997119920886	1.52442298586147	-0.562189607120624	-0.203946848039932	1.22688246116602	0.538942435002642	-0.031327688340055	0.575646273248511
G:	0.575646273248511	-0.031327688340055	0.538942435002642	1.22688246116602	-0.203946848039932	-0.562189607120624	1.52442298586147	1.37289901680822	2.41521153776006	1.81102198325374	1.82442374418072	1.3573477465803	1.85779730842707	1.9763078530961	1.13052018234481	0.763991367260697	0.492016486801441	-0.0247589794945596	0.827491517794735	0.195370856375252
T:	-1.27190414660623	-0.76656775311191	-1.06828399298783	-1.13468736553793	-0.832962810138399	-0.30189448997033	-1.22246335846229	-2.67567730123965	-0.670149640784814	-4.1943641499067	0.0101286734295926	-3.92809325072345	-1.27057257123846	-2.02794096940911	-0.269411268398429	-1.24175589526078	-1.69205116682138	-0.0649632157898007	-0.667415968983781	1.05992012217186

Probability matrix

A:	0.0653866564136042	0.349911887111687	0.191036957728684	0.57494699963172	0.464416124635621	0.276260178686831	0.669447442614987	0.193289380039911	0.962452759521977	0.0163245403760273	0.979926393629486	0.0217977898729155	0.756539688104566	0.299158953341904	0.28538133961905	0.308582084934386	0.329281846629266	0.521019611192055	0.386384564968761	0.673267332613133
C:	0.15522372651119	0.0784745120575297	0.183508808486756	0.0647290572671858	0.0624916975136695	0.0681295913949252	0.012209371799204	0.00692428061327225	0.00293685096161128	0.00201736976446975	0.00235109448953458	0.00256440281567331	0.0229541442424674	0.0191842322439048	0.370228890299194	0.164510092916324	0.0310420964718284	0.104434622592505	0.185229035862022	0.106122284462073
G:	0.106122284462073	0.185229035862022	0.104434622592505	0.0310420964718284	0.164510092916324	0.370228890299194	0.0191842322439048	0.0137147453471435	0.0015129982628271	0.00241426413401519	0.00248327532310054	0.00491650742757715	0.00925069152983519	0.012209371799204	0.0681295913949252	0.0624916975136695	0.0647290572671858	0.183508808486756	0.0784745120575297	0.15522372651119
T:	0.673267332613133	0.386384564968761	0.521019611192055	0.329281846629266	0.308582084934386	0.28538133961905	0.299158953341904	0.786071593999674	0.0330973912535847	0.979243825725488	0.0152392365578789	0.970721299883834	0.211255476123131	0.669447442614987	0.276260178686831	0.464416124635621	0.57494699963172	0.191036957728684	0.349911887111687	0.0653866564136042



3	AATATAT	0.498639092800397

Enrichment score matrix

A:	0.00802139037433155	0.0306122448979592	0.0785413744740533	0.107954545454545	0.0782928208027134	0.171658986175115	0.221038961038961	0.347058823529412	-0.0113636363636364	0.474912891986063	0.111363636363636	0.456782713085234	0.121212121212121	0.259185980780102	0.127155172413793	0.0784832451499118	0.0169230769230769	0.0103668261562998	-0.0559895833333333	0.146464646464646
C:	-0.153225806451613	0.0387755102040816	0.0743145743145743	-0.000293944738389183	-0.0149802148106275	-0.0384615384615385	-0.220141700404858	-0.229542920847269	-0.228066037735849	-0.30103668261563	-0.19988344988345	-0.145801856248651	-0.252656434474616	-0.013663967611336	-0.00577731092436975	0.0262860373092142	0.0347692307692308	-0.134199134199134	-0.00966183574879227	0.0241935483870968
G:	0.0241935483870968	-0.00966183574879227	-0.134199134199134	0.0347692307692308	0.0262860373092142	-0.00577731092436975	-0.013663967611336	-0.0907441016333938	-0.129523124850228	-0.21359649122807	-0.318289318092235	-0.257413600891862	-0.157754010695187	-0.220141700404858	-0.0384615384615385	-0.0149802148106275	-0.000293944738389183	0.0743145743145743	0.0387755102040816	-0.153225806451613
T:	0.146464646464646	-0.0559895833333333	0.0103668261562998	0.0169230769230769	0.0784832451499118	0.127155172413793	0.259185980780102	0.0018595041322314	0.435392535392535	0.0916197623514697	0.481179138321995	-0.016164994425864	0.333482142857143	0.221038961038961	0.171658986175115	0.0782928208027134	0.107954545454545	0.0785413744740533	0.0306122448979592	0.00802139037433155

Energy matrix for enoLOGOS

A:	-0.073879735604087	-0.281949195060495	-0.723392792188873	-0.994298108338338	-0.721103528275128	-1.58103769058117	-2.03584406663681	-3.1965298938035	0.104662958772457	-4.3741093822312	-1.02569699597008	-4.20712426354975	-1.11640489357287	-2.38719110262921	-1.17114241798835	-0.722857401327937	-0.155867298602674	-0.0954819974766271	0.515683119785125	-1.34898924640055
C:	1.4112618311899	-0.357135647076628	-0.684462524035748	0.00270733109111587	0.137972877251198	0.354243860460622	2.02757999079435	2.11416843098093	2.10056583483513	2.77265031134052	1.84099460815142	1.34288472291602	2.32705175868111	0.125849792532063	0.0532110000481817	-0.242103350648328	-0.320236449856403	1.23601970359854	0.0889887958645042	-0.222830815451037
G:	-0.222830815451037	0.0889887958645042	1.23601970359854	-0.320236449856403	-0.242103350648328	0.0532110000481817	0.125849792532063	0.835784062792757	1.19295206591256	1.96729638647035	2.93155295639368	2.37086688059008	1.45296813354705	2.02757999079435	0.354243860460622	0.137972877251198	0.00270733109111587	-0.684462524035748	-0.357135647076628	1.4112618311899
T:	-1.34898924640055	0.515683119785125	-0.0954819974766271	-0.155867298602674	-0.722857401327937	-1.17114241798835	-2.38719110262921	-0.0171266659809474	-4.01011344638294	-0.843849196056605	-4.43182364383979	0.148885100773305	-3.07148404369027	-2.03584406663681	-1.58103769058117	-0.721103528275128	-0.994298108338338	-0.723392792188873	-0.281949195060495	-0.073879735604087

Probability matrix

A:	0.167611441350791	0.310697375649218	0.37929581420916	0.432712057390089	0.328438409924261	0.499200713820554	0.391649964472777	0.93960041358062	0.0159461140654611	0.969136372060414	0.0320263943798064	0.982214505831519	0.122353857075394	0.556526912088276	0.331329376044799	0.329014954646269	0.187099713606196	0.202432322002928	0.139936263039685	0.59989699311171
C:	0.0379590096744191	0.334958224748123	0.364813456521058	0.159663276044193	0.139111104389437	0.0720764020465872	0.00673248579421645	0.00464019489304233	0.00216693188938113	0.000763109033588421	0.00182187972323488	0.00381828258232219	0.00390970006786674	0.0450906376447306	0.0973935080880607	0.203435531040034	0.220524952959521	0.0534584072668545	0.214408136562974	0.19453255586308
G:	0.19453255586308	0.214408136562974	0.0534584072668545	0.220524952959521	0.203435531040034	0.0973935080880607	0.0450906376447306	0.0166621676006081	0.00537052710010617	0.00170744750485437	0.000612204093975726	0.00136590686509102	0.00937029226378982	0.00673248579421645	0.0720764020465872	0.139111104389437	0.159663276044193	0.364813456521058	0.334958224748123	0.0379590096744191
T:	0.59989699311171	0.139936263039685	0.202432322002928	0.187099713606196	0.329014954646269	0.331329376044799	0.556526912088276	0.0390972239257298	0.976516426945052	0.0283930714011427	0.965539521802983	0.0126013047210679	0.864366150592949	0.391649964472777	0.499200713820554	0.328438409924261	0.432712057390089	0.37929581420916	0.310697375649218	0.167611441350791



4	ATATAT..A	0.498590636186825

Enrichment score matrix

A:	0.00802139037433155	0.0306122448979592	0.0785413744740533	0.107954545454545	0.0782928208027134	0.171658986175115	0.221038961038961	0.239917695473251	0.0494994438264739	0.416971916971917	0.0796078431372549	0.375243664717349	0.0125841900035448	0.259185980780102	0.127155172413793	0.0784832451499118	0.0169230769230769	0.0103668261562998	-0.0559895833333333	0.146464646464646
C:	-0.153225806451613	0.0387755102040816	0.0743145743145743	-0.000293944738389183	-0.0149802148106275	-0.0384615384615385	-0.220141700404858	-0.113409961685824	-0.188542825361513	-0.199295513533556	-0.189382530120482	-0.235069444444444	-0.132638888888889	-0.013663967611336	-0.00577731092436975	0.0262860373092142	0.0347692307692308	-0.134199134199134	-0.00966183574879227	0.0241935483870968
G:	0.0241935483870968	-0.00966183574879227	-0.134199134199134	0.0347692307692308	0.0262860373092142	-0.00577731092436975	-0.013663967611336	-0.130147058823529	-0.159251019651465	-0.182239525398591	-0.232157177225341	-0.155555555555556	-0.113888888888889	-0.220141700404858	-0.0384615384615385	-0.0149802148106275	-0.000293944738389183	0.0743145743145743	0.0387755102040816	-0.153225806451613
T:	0.146464646464646	-0.0559895833333333	0.0103668261562998	0.0169230769230769	0.0784832451499118	0.127155172413793	0.259185980780102	0.0926470588235294	0.363654863654864	0.0367005813953488	0.409511784511784	0.0576036866359447	0.262962962962963	0.221038961038961	0.171658986175115	0.0782928208027134	0.107954545454545	0.0785413744740533	0.0306122448979592	0.00802139037433155

Energy matrix for enoLOGOS

A:	-0.073879735604087	-0.281949195060495	-0.723392792188873	-0.994298108338338	-0.721103528275128	-1.58103769058117	-2.03584406663681	-2.20972363656877	-0.455906725865339	-3.84045328086675	-0.733215331573006	-3.45612187447449	-0.115904673238268	-2.38719110262921	-1.17114241798835	-0.722857401327937	-0.155867298602674	-0.0954819974766271	0.515683119785125	-1.34898924640055
C:	1.4112618311899	-0.357135647076628	-0.684462524035748	0.00270733109111587	0.137972877251198	0.354243860460622	2.02757999079435	1.04454434869921	1.7365435962736	1.83557951425183	1.74427756291567	2.16506959438468	1.2216493132274	0.125849792532063	0.0532110000481817	-0.242103350648328	-0.320236449856403	1.23601970359854	0.0889887958645042	-0.222830815451037
G:	-0.222830815451037	0.0889887958645042	1.23601970359854	-0.320236449856403	-0.242103350648328	0.0532110000481817	0.125849792532063	1.19869871017631	1.46675609557426	1.67848805814842	2.13824662204259	1.43271961341852	1.04895543125284	2.02757999079435	0.354243860460622	0.137972877251198	0.00270733109111587	-0.684462524035748	-0.357135647076628	1.4112618311899
T:	-1.34898924640055	0.515683119785125	-0.0954819974766271	-0.155867298602674	-0.722857401327937	-1.17114241798835	-2.38719110262921	-0.853310946227205	-3.34938507218589	-0.338024846500579	-3.7717429216889	-0.530549560597706	-2.42197839411226	-2.03584406663681	-1.58103769058117	-0.721103528275128	-0.994298108338338	-0.723392792188873	-0.281949195060495	-0.073879735604087

Probability matrix

A:	0.167611441350791	0.310697375649218	0.37929581420916	0.432712057390089	0.328438409924261	0.499200713820554	0.391649964472777	0.752283786573836	0.0517762744473385	0.963798421786165	0.0454234627231832	0.939157212867248	0.0861370925779373	0.556526912088276	0.331329376044799	0.329014954646269	0.187099713606196	0.202432322002928	0.139936263039685	0.59989699311171
C:	0.0379590096744191	0.334958224748123	0.364813456521058	0.159663276044193	0.139111104389437	0.0720764020465872	0.00673248579421645	0.0290449794306901	0.00578045095738752	0.00330306019834006	0.00381345604780259	0.00340005436832695	0.0226098610396631	0.0450906376447306	0.0973935080880607	0.203435531040034	0.220524952959521	0.0534584072668545	0.214408136562974	0.19453255586308
G:	0.19453255586308	0.214408136562974	0.0534584072668545	0.220524952959521	0.203435531040034	0.0973935080880607	0.0450906376447306	0.0248956049978084	0.00757057635026418	0.00386491939881374	0.00257169912351554	0.00707198640628172	0.0268718702076811	0.00673248579421645	0.0720764020465872	0.139111104389437	0.159663276044193	0.364813456521058	0.334958224748123	0.0379590096744191
T:	0.59989699311171	0.139936263039685	0.202432322002928	0.187099713606196	0.329014954646269	0.331329376044799	0.556526912088276	0.193775628997665	0.93487269824501	0.0290335986166808	0.948191382105499	0.0503707463581433	0.864381176174719	0.391649964472777	0.499200713820554	0.328438409924261	0.432712057390089	0.37929581420916	0.310697375649218	0.167611441350791



5	T..TATATA	0.498583272803418

Enrichment score matrix

A:	-0.115079365079365	0.072463768115942	0.00705329153605016	0.183712121212121	0.134821933295647	0.0292509568069984	0.220180893159977	0.0448807854137447	0.412058371735791	-0.0168458781362007	0.430780559646539	0.0291193181818182	0.280775075987842	0.132727272727273	0.0327777777777778	0.0904377880184332	0.123197115384615	0.115987460815047	0.0832290362953692	0.138095238095238
C:	-0.0212121212121212	-0.08984375	0.00268817204301075	-0.0534200113058225	-0.0829493087557604	-0.122744669218152	-0.214574898785425	-0.202953296703297	-0.254121863799283	-0.214336917562724	-0.178091397849462	-0.197354113809351	-0.113541666666667	-0.165512122711529	0.061038961038961	0.0221432476763259	-0.133207070707071	-0.0585149313962873	0.00340136054421769	-0.0625
G:	-0.0625	0.00340136054421769	-0.0585149313962873	-0.133207070707071	0.0221432476763259	0.061038961038961	-0.165512122711529	-0.0872252747252747	-0.166783707865169	-0.198207885304659	-0.239130434782609	-0.152698863636364	-0.21534916696207	-0.214574898785425	-0.122744669218152	-0.0829493087557604	-0.0534200113058225	0.00268817204301075	-0.08984375	-0.0212121212121212
T:	0.138095238095238	0.0832290362953692	0.115987460815047	0.123197115384615	0.0904377880184332	0.0327777777777778	0.132727272727273	0.269548872180451	0.0600421348314607	0.460061443932412	0.0288978494623656	0.396739130434783	0.0868055555555556	0.220180893159977	0.0292509568069984	0.134821933295647	0.183712121212121	0.00705329153605016	0.072463768115942	-0.115079365079365

Energy matrix for enoLOGOS

A:	1.05992012217186	-0.667415968983781	-0.0649632157898007	-1.69205116682138	-1.24175589526078	-0.269411268398429	-2.02794096940911	-0.413367309822213	-3.79519785680893	0.15515627149924	-3.96763557997501	-0.26819883185442	-2.5860340178155	-1.22246335846229	-0.30189448997033	-0.832962810138399	-1.13468736553793	-1.06828399298783	-0.76656775311191	-1.27190414660623
C:	0.195370856375252	0.827491517794735	-0.0247589794945596	0.492016486801441	0.763991367260697	1.13052018234481	1.9763078530961	1.86926894225203	2.34054886155237	1.97411596503289	1.64028239151458	1.81769856199385	1.04575739640146	1.52442298586147	-0.562189607120624	-0.203946848039932	1.22688246116602	0.538942435002642	-0.031327688340055	0.575646273248511
G:	0.575646273248511	-0.031327688340055	0.538942435002642	1.22688246116602	-0.203946848039932	-0.562189607120624	1.52442298586147	0.803374469258912	1.53613471793844	1.82556208806553	2.20247269764648	1.40640850850489	1.98343912654219	1.9763078530961	1.13052018234481	0.763991367260697	0.492016486801441	-0.0247589794945596	0.827491517794735	0.195370856375252
T:	-1.27190414660623	-0.76656775311191	-1.06828399298783	-1.13468736553793	-0.832962810138399	-0.30189448997033	-1.22246335846229	-2.48263685966426	-0.55300849845784	-4.23732249064035	-0.266159029566516	-3.6541024301862	-0.799508712845155	-2.02794096940911	-0.269411268398429	-1.24175589526078	-1.69205116682138	-0.0649632157898007	-0.667415968983781	1.05992012217186

Probability matrix

A:	0.0653866564136042	0.349911887111687	0.191036957728684	0.57494699963172	0.464416124635621	0.276260178686831	0.669447442614987	0.107327862177936	0.955949856470074	0.0121667940309184	0.970452857471684	0.0324083403811671	0.830307238353652	0.299158953341904	0.28538133961905	0.308582084934386	0.329281846629266	0.521019611192055	0.386384564968761	0.673267332613133
C:	0.15522372651119	0.0784745120575297	0.183508808486756	0.0647290572671858	0.0624916975136695	0.0681295913949252	0.012209371799204	0.0109490427243304	0.00206877933876564	0.00197338579785763	0.00356030015472189	0.00402497385418675	0.0219771743404077	0.0191842322439048	0.370228890299194	0.164510092916324	0.0310420964718284	0.104434622592505	0.185229035862022	0.106122284462073
G:	0.106122284462073	0.185229035862022	0.104434622592505	0.0310420964718284	0.164510092916324	0.370228890299194	0.0191842322439048	0.0317898324059708	0.00462452140466384	0.00228943399576289	0.00202922622066311	0.00607273128522205	0.0086048212326877	0.012209371799204	0.0681295913949252	0.0624916975136695	0.0647290572671858	0.183508808486756	0.0784745120575297	0.15522372651119
T:	0.673267332613133	0.386384564968761	0.521019611192055	0.329281846629266	0.308582084934386	0.28538133961905	0.299158953341904	0.849933262691763	0.0373568427864963	0.983570386175461	0.0239576161529311	0.957493954479424	0.139110766073253	0.669447442614987	0.276260178686831	0.464416124635621	0.57494699963172	0.191036957728684	0.349911887111687	0.0653866564136042



