1	T.A.GCTGA	0.470483645609052

Enrichment score matrix

A:	-0.0898617511520737	0.0595238095238095	-0.0181992337164751	-0.192307692307692	-0.131597222222222	0.0268357810413885	0.193460925039872	0.00532212885154062	0.0285618279569892	-0.2446735395189	-0.282538659793814	-0.223260309278351	0.312424242424242	0.0937799043062201	-0.200465425531915	-0.0945159950145409	0.00147058823529412	-0.07	-0.0673076923076923
C:	-0.105769230769231	-0.0357142857142857	-0.0151515151515152	0.0966197183098592	-0.0188455008488964	-0.0551619433198381	-0.0439453125	-0.0728732897085068	-0.0325940860215054	0.185364281108962	0.0128865979381443	0.225193298969072	-0.158645276292335	-0.216561314791403	0.0136303191489362	0.0308641975308642	0.0117647058823529	-0.0167243367935409	0.03125
G:	0.0852534562211982	0.00347222222222222	0.0281385281385281	-0.0110184633710542	-0.0142952127659574	0.118018018018018	-0.0450615231127369	0.0733801717408275	0.182476943346509	0.000657894736842105	0.0383376288659794	0.199810606060606	0.0869430693069307	0.155709763817872	0.0972835314091681	0.0420393559928444	0.0358730158730159	0.0727513227513227	0.0535714285714286
T:	0.108974358974359	-0.0166666666666667	0.00416666666666667	0.121007371007371	0.155588139459107	-0.096875	-0.109375	-0.00802951388888889	-0.144489247311828	0.0444078947368421	0.226641414141414	-0.205863402061856	-0.231134878193702	-0.041866028708134	0.0935483870967742	0.0250447227191413	-0.0498327759197324	0.0241675617615467	0

Energy matrix for enoLOGOS

A:	0.827657314532422	-0.548234545950963	0.167621137037881	1.77121930230311	1.21205520867325	-0.247166677539014	-1.7818409682946	-0.0490186182262038	-0.263064157129696	2.25352657898524	2.60227722494301	2.05630344000628	-2.87753361318407	-0.863744838711642	1.84635480196198	0.870524484679926	-0.0135446181940826	0.644723826038333	0.619926755806089
C:	0.974170616266712	0.328940727570578	0.139550611696609	-0.889900492278262	0.173573477298702	0.508060273555366	0.40475128587786	0.671187802240977	0.300202626371536	-1.70726812182021	-0.118689953247116	-2.07410693299335	1.46117699305861	1.9946034206315	-0.125539878740367	-0.284269764567166	-0.108356945552661	0.154036834364077	-0.287823136624256
G:	-0.785213349684606	-0.0319803485138062	-0.259165421722274	0.101483798023561	0.131663775264287	-1.08698611597196	0.415031965547979	-0.675856358287089	-1.68067475825916	-0.00605943445524749	-0.353102610910169	-1.84032369174903	-0.800775261301147	-1.43413992400262	-0.896014436866274	-0.387196777712773	-0.330402686359781	-0.670064445051177	-0.493411091355867
T:	-1.00369093797176	0.15350567286627	-0.0383764182165674	-1.11451907449589	-1.43301972226088	0.892251723535193	1.0073809781849	0.0739545559381768	1.33079514783258	-0.409011825729206	-2.08744456662844	1.89607200312267	2.12883089999925	0.38560037442484	-0.861612486410675	-0.230670420765056	0.458976827901154	-0.222591469784602	0

Probability matrix

A:	0.0762008994529928	0.398655767016101	0.208788144364949	0.0259471609131328	0.0479495396081185	0.243554464597896	0.778259783634204	0.235703318612449	0.169499189681194	0.012918097774101	0.00693351793378518	0.00880178419077803	0.873298075502855	0.321231298047717	0.0258352852354954	0.0934708253070859	0.244159189952812	0.114443820418998	0.119302781322885
C:	0.065815802214468	0.165823344457056	0.21473197013474	0.371363732051908	0.135453841772404	0.114447206759574	0.0873976265746157	0.114705442076986	0.096503701262954	0.678187607718691	0.10535488421189	0.547501292755456	0.0113994639169725	0.0184269295836584	0.185607806999485	0.296617552816663	0.268441431451832	0.186936884323695	0.295720435968718
G:	0.382314638540618	0.237898498965652	0.319931411352151	0.137799220506414	0.141251308428353	0.564059662150234	0.0865037224162513	0.441161768296848	0.699565023779198	0.123744043857822	0.133186068074821	0.433365542835992	0.109455555807536	0.568247181986623	0.401059759010852	0.328774012021752	0.335183619162315	0.426184487730906	0.363217740194185
T:	0.475668659791921	0.197622389561191	0.256548474148159	0.464889886528546	0.675345310191124	0.0779386664922958	0.0478388673749286	0.208429471013717	0.0344320852766541	0.185150250649386	0.754525529779504	0.0103313802177742	0.00584690477263707	0.0920945903820018	0.387497148754168	0.281137609854499	0.152215759433041	0.272434807526402	0.221759042514211



2	TCA..CTGA	0.467948592106899

Enrichment score matrix

A:	-0.0467980295566502	-0.0870098039215686	0.0245098039215686	0.0031055900621118	-0.0770334928229665	-0.100470430107527	0.279461917392952	-0.128352490421456	-0.123106060606061	-0.0926640926640927	-0.186813186813187	-0.104323953328758	0.283793103448276	0.084	-0.132936507936508	-0.156887755102041	0.0939393939393939
C:	0.140522875816993	0.19515306122449	-0.0595238095238095	0.0799220272904483	0.0366082603254068	0.237068965517241	0.0532398635846912	0.109073359073359	0.123106060606061	0.147509578544061	-0.0610098176718093	0.0704874835309618	-0.182345360824742	-0.254658385093168	0.0177514792899408	0.0522959183673469	-0.166666666666667
G:	-0.166666666666667	0.0522959183673469	0.0177514792899408	-0.254658385093168	-0.241861979166667	0.0362903225806452	-0.0842696629213483	0.147509578544061	0.123106060606061	0.109073359073359	0.0413744740532959	0.230603448275862	0.0619195046439628	0.0799220272904483	-0.0595238095238095	0.19515306122449	0.140522875816993
T:	0.0939393939393939	-0.156887755102041	-0.132936507936508	0.084	0.302159526297457	-0.157594086021505	-0.233961580282711	-0.0926640926640927	-0.123106060606061	-0.128352490421456	0.220102714600147	-0.185483870967742	-0.141486068111455	0.0031055900621118	0.0245098039215686	-0.0870098039215686	-0.0467980295566502

Energy matrix for enoLOGOS

A:	0.43102578095455	0.801389909816555	-0.225743636568044	-0.0286035415278763	0.709504688941706	0.925366858609166	-2.57393938019418	1.18217012437242	1.13384872003495	0.853467833696635	1.72061303652302	0.960859119108016	-2.61383107797807	-0.773668591246	1.22439048595715	1.44498962468504	-0.865213792518975
C:	-1.29426351632345	-1.79742611851066	0.548234545950963	-0.736109074563399	-0.337174538022908	-2.18348586404608	-0.490357264972586	-1.00460276258041	-1.13384872003495	-1.35861342651756	0.561921186789571	-0.649213715284224	1.67946283844669	2.34549040528586	-0.163497166366441	-0.481663208228346	1.5350567286627
G:	1.5350567286627	-0.481663208228346	-0.163497166366441	2.34549040528586	2.22763115116481	-0.334246223176555	0.776152278537319	-1.35861342651756	-1.13384872003495	-1.00460276258041	-0.381072988742353	-2.12393624957209	-0.570299713435058	-0.736109074563399	0.548234545950963	-1.79742611851066	-1.29426351632345
T:	-0.865213792518975	1.44498962468504	1.22439048595715	-0.773668591246	-2.78299208383467	1.45149517286856	2.1548657883692	0.853467833696635	1.13384872003495	1.18217012437242	-2.02722091826328	1.70836958512461	1.30313484519911	-0.0286035415278763	-0.225743636568044	0.801389909816555	0.43102578095455

Probability matrix

A:	0.0943289313637268	0.0538188743333054	0.37945409841814	0.191255744378796	0.0270744377869733	0.0363500454431984	0.855870060765731	0.0416923788652998	0.0469169068279016	0.057917561253073	0.0182499095639119	0.0352861735178971	0.859747954243694	0.402895232006454	0.0889967199189956	0.0282763146148146	0.344821715698725
C:	0.529576293808937	0.723745823339473	0.174994659132761	0.388043342655207	0.0771127976607039	0.814071481119969	0.106541699298629	0.371330030787948	0.453083093172098	0.529060029093679	0.0581398883257752	0.176542922990865	0.0117440338407901	0.0178056809595428	0.356554522530103	0.194158987712407	0.0312730591286109
G:	0.0312730591286109	0.194158987712407	0.356554522530103	0.0178056809595428	0.00593260593223825	0.128099657591533	0.030024896106198	0.529060029093679	0.453083093172098	0.371330030787948	0.149283345817364	0.771461348079248	0.111397836387401	0.388043342655207	0.174994659132761	0.723745823339473	0.529576293808937
T:	0.344821715698725	0.0282763146148146	0.0889967199189956	0.402895232006454	0.889880158620085	0.021478815845299	0.00756334382944221	0.057917561253073	0.0469169068279016	0.0416923788652998	0.774326856292949	0.0167095554119899	0.0171101755281155	0.191255744378796	0.37945409841814	0.0538188743333054	0.0943289313637268



3	TCA.CTGA	0.467107975628751

Enrichment score matrix

A:	-0.025	-0.130541871921182	0.0535366645035691	0.0718537414965986	-0.0465494791666667	-0.171957671957672	-0.116883116883117	0.169038208168643	0.0574035574035574	-0.190508021390374	-0.180465428507496	-0.0320388349514563	0.164274322169059	0.0286458333333333	-0.0370713623725672	-0.00623885918003565	0.008	0.110714285714286
C:	0.118181818181818	0.162363455809335	-0.0412070084360805	0.0562941420855837	0.0961722488038278	0.0910194174757282	0.181277056277056	-0.0258373205741627	0.00275053814876824	0.161279461279461	-0.043703007518797	0.0116028062601187	-0.0781326781326781	-0.0934244791666667	0.0216049382716049	0.0407066052227343	0.0434782608695652	0.0113636363636364
G:	-0.0592105263157895	0.0339506172839506	-0.105451005840363	0.091869918699187	-0.1240234375	-0.111640211640212	0.0732946298984035	0.0671301572828812	0.141812865497076	0.103940217391304	0.101033834586466	0.175206611570248	0.0287620800736309	0.0221354166666667	0.0457142857142857	0.0864381520119225	-0.109467455621302	0.0909090909090909
T:	-0.0402597402597403	-0.084500466853408	0.0835561497326203	-0.243908045977011	0.0802232854864434	0.192011019283747	-0.128809523809524	-0.205357142857143	-0.197838345864662	-0.0980066445182724	0.145687645687646	-0.142004153686397	-0.106356356356356	0.0472465581977472	-0.0274261603375527	-0.129943502824859	0.0354609929078014	-0.171794871794872

Energy matrix for enoLOGOS

A:	0.230258509299405	1.20233507318901	-0.493090902458167	-0.661797416183663	0.428736547263214	1.58378868830278	1.07653329023098	-1.55689943310217	-0.528706302249037	1.75464372059707	1.66214802192857	0.29508857502448	-1.51302242155271	-0.263837875238901	0.341439865504214	0.0574620165809566	-0.0736827229758095	-1.01971625546879
C:	-1.08849477123355	-1.49542269197429	0.379530573407195	-0.518488209556615	-0.885779145821633	-0.838319815410454	-1.66962338994157	0.237970516787901	-0.0253333925562607	-1.48543873339279	0.402519574527155	-0.10686579492579	0.719628559776026	0.860471252199598	-0.198988835197016	-0.374921689489046	-0.400449581390269	-0.104662958772457
G:	0.545349100972274	-0.312696741023883	0.971239656356995	-0.846153221165292	1.14229807347751	1.02824434840581	-0.675068488802318	-0.618291597799632	-1.30614476035335	-0.957324780511111	-0.930556005627293	-1.6137125279826	-0.264908547284175	-0.203874721775514	-0.42104413129034	-0.796124801154424	1.00823252592639	-0.837303670179653
T:	0.370805911079561	0.778278061310779	-0.76958057920924	2.24647612291189	-0.738883765088361	-1.76848684277339	1.18637955743788	1.89140918353082	1.82215850404228	0.902674554728563	-1.34183280477509	1.30790658968613	0.979578242765235	-0.435156882405633	0.252604271805254	1.1968238901438	-0.326607814609085	1.58228924339078

Probability matrix

A:	0.157794349800512	0.0456118652805705	0.336974818680437	0.320153720097432	0.11866368234065	0.0234851204477855	0.0430247664418568	0.629278912993575	0.258020134104603	0.0227588374068938	0.0262773211185876	0.104134834297666	0.67705537345847	0.289557509589249	0.167975816171735	0.19197530761633	0.249177046759811	0.433298555105292
C:	0.589954775474224	0.677172236113305	0.140806517213251	0.277408749679958	0.441778659433483	0.264667825726941	0.67043891426869	0.104554099019153	0.155970160693687	0.58116573909928	0.0926042187708853	0.155654827734916	0.072609958412779	0.0940705282320975	0.288371251694349	0.295819793641699	0.345478541720971	0.173534026344023
G:	0.115146129153961	0.207514185337719	0.0779196094187647	0.384966786115554	0.0581328998946685	0.0409319686808759	0.247987339060782	0.246156311316225	0.561423812408597	0.342722824456806	0.35121911215276	0.702389185757076	0.19434582742922	0.272705041015295	0.360072001088959	0.45076835186845	0.084457498041123	0.361049261987498
T:	0.137104745571303	0.069701713268406	0.444299054687548	0.0174707441070565	0.381424758331198	0.670915085144398	0.038548980228672	0.0200106766710459	0.024585892793113	0.0533525990370197	0.529899347957767	0.0378211522103415	0.0559888406995308	0.343666921163358	0.183580931044957	0.0614365468735214	0.320886913478096	0.0321181565631865



4	CTCAC..AC	0.466611696442205

Enrichment score matrix

A:	-0.146464646464646	0.0520408163265306	-0.044973544973545	0.23679012345679	-0.0772849462365591	-0.213037634408602	-0.262765957446809	0.319556451612903	-0.149796195652174	0.0697792869269949	-0.0458776595744681	0.103056027164686	-0.0604498594189316	0.00051975051975052	-0.0924132364810331	-0.0121951219512195	0.0538461538461538
C:	-0.0961538461538462	-0.145679012345679	-0.0476539589442815	-0.15038961038961	0.224126344086022	0.0542210020590254	0.344953173777315	-0.0980263157894737	0.262053416579951	-0.0413194444444444	0.0324209840338873	0.00243055555555556	0.135060280221571	0.0202702702702703	-0.0569007263922518	-0.126388888888889	-0.0181818181818182
G:	0.108870967741935	0.0821052631578947	0.143990929705215	0.245185185185185	-0.201482914248872	-0.173387096774194	-0.0660770031217482	0.106578947368421	-0.0681581685744017	0.0265345268542199	0.0950797872340425	-0.120524296675192	-0.0263480392156863	-0.0369847543760587	0.154121863799283	0.1	-0.00326797385620915
T:	0.080952380952381	-0.0135802469135802	-0.0515625	-0.340811965811966	0.0618421052631579	0.332189430336307	-0.0213994565217391	-0.321381578947368	-0.0418439716312057	-0.038563829787234	-0.0673611111111111	0.0398936170212766	-0.0430484693877551	0.0136	0.0108333333333333	0.088034188034188	-0.0397727272727273

Energy matrix for enoLOGOS

A:	1.34898924640055	-0.479313631602842	0.414221656940728	-2.1809176337593	0.711820660468589	1.96214912494385	2.42016390625332	-2.94322368741578	1.37967394838366	-0.642690983511411	0.422548860150503	-0.949181087570381	0.55676378068647	-0.00478707919541382	0.851157362866241	0.11232122404849	-0.495941404644871
C:	0.885609651151556	1.34175328875702	0.438909181949012	1.3851395000972	-2.06427991535891	-0.499393884273245	-3.17713614288252	0.902855733831876	-2.41360116234062	0.380566147314294	-0.298608298146507	-0.0223862439596643	-1.24395115157515	-0.186696088621139	0.524075057485328	1.16408468590255	0.167460734035931
G:	-1.00273866952967	-0.756217420014887	-1.32620547306233	-2.25823900972157	1.8557262193698	1.5969541773991	0.608591689511433	-0.981628381750093	0.62775993170077	-0.244392023936708	-0.875717202920608	1.11006979547155	0.242674409310647	0.340642176377436	-1.41951482435475	-0.921034037197618	0.0300991515424058
T:	-0.74559898249331	0.125078696409553	0.474908175430022	3.13899420797052	-0.569586838793264	-3.05957772137026	0.197096278340523	2.9600337313884	0.38539722123872	0.355185998387379	0.62041876116784	-0.36743379143522	0.396491055553822	-0.125260629058876	-0.0997786873630753	-0.810824836165425	0.366320355703598

Probability matrix

A:	0.0471359357515887	0.330327485979275	0.116056263534727	0.473137723018117	0.0476722444380876	0.00603002925492124	0.00349585645712124	0.858569736710894	0.0199102417763854	0.416745693915304	0.132621978538957	0.480240333403287	0.104201214350072	0.247803693534955	0.0682083753893774	0.149767897553265	0.39553173605749
C:	0.0749195800677628	0.0534644861804107	0.113226199006825	0.0133742254580323	0.765439307181383	0.0706893462141136	0.942822887547635	0.0183419078231445	0.884046242855085	0.149787714976136	0.272778462475986	0.190088894697845	0.630831452759445	0.297241780629559	0.0945992614538981	0.052317100352475	0.203736784401393
G:	0.495101896632109	0.435714988084782	0.661494873683896	0.511172901076341	0.0151870606460683	0.00868803515730461	0.0213948580371063	0.120744000047833	0.0422307351970961	0.279828587852608	0.485786330358691	0.0612544065275802	0.142652721359876	0.175424301402777	0.660660142354167	0.420919669764407	0.23373557865623
T:	0.382842587548539	0.180493039755532	0.109222663774552	0.00231515044751061	0.171701387734461	0.914592589373661	0.0322863979581372	0.00234435541812876	0.0538127801714331	0.153638003255953	0.108813228626365	0.268416365371287	0.122314611530606	0.27953022443271	0.176532220802557	0.376995332329853	0.166995900884888



5	ACTCAC.G	0.466066250579396

Enrichment score matrix

A:	-0.0333333333333333	-0.0210526315789474	-0.0037202380952381	-0.0913154533844189	0.00515463917525773	0.0252945252945253	-0.119499105545617	0.242098609355247	-0.269811320754717	-0.31011781011781	-0.303931203931204	0.382306684141547	-0.141769041769042	0.0495908346972177	-0.0987525987525988	-0.00455927051671732	0.0238095238095238	0.0367647058823529	0.0217864923747277	0.0674603174603175
C:	0.0911458333333333	-0.0631578947368421	0.0342261904761905	0.0907046476761619	0.0675505050505051	0.0596978557504873	0.0997181113460183	-0.209752321981424	0.347978436657682	0.131590909090909	0.436734693877551	-0.0571002979145978	0.3	-0.0242652084757348	-0.000942803268384664	0.0196520618556701	-0.0120585701981051	0.0307936507936508	-0.0389150943396226	-0.1015625
G:	-0.202233250620347	0.0628654970760234	0.0438461538461538	0.02125	0.040719696969697	0.0537075537075537	0.0125223613595707	0.263548951048951	-0.18015873015873	-0.237329434697856	-0.104056011588605	0.0221015407931296	-0.0509345794392523	0.0190839694656489	0.166266506602641	0.0197498354180382	-0.0281124497991968	-0.0217391304347826	0.0412735849056604	0.0472527472527473
T:	0.167647058823529	0.0389473684210526	-0.0687237026647966	-0.0078397212543554	-0.118169848584595	-0.143031189083821	0.00572450805008945	-0.341466498103666	0.110582010582011	0.43167701863354	-0.0108108108108108	-0.351871657754011	-0.0971938775510204	-0.0503649635036496	-0.058082497212932	-0.0348913759052008	0.0172265288544358	-0.0455729166666667	-0.0231578947368421	0.0296703296703297

Energy matrix for enoLOGOS

A:	0.307011345732539	0.19390190256792	0.0342646591219352	0.841046406891823	-0.0474759812988463	-0.232971187510139	1.10062743622184	-2.22981059574392	2.48505410036339	2.85629058659691	2.79930983787089	-3.52117468742523	1.30574112890178	-0.456748466891781	0.909545047128625	0.0419924333068823	-0.219293818380385	-0.338615454852066	-0.200661010282706	-0.621332485411092
C:	-0.839484148487412	0.581705707703759	-0.315234863921804	-0.83542067841763	-0.622163143814048	-0.549837570939124	-0.918437746747449	1.93189027926126	-3.20499984372541	-1.21199706258505	-4.02247518286307	0.525913179134688	-2.76310211159285	0.223490829258479	0.00868353900563437	-0.181002178701852	0.111063535923916	-0.283620005105298	0.358421264475488	0.935425194028831
G:	1.86263707274456	-0.579012625723649	-0.40383800092511	-0.195719732904494	-0.375042268934636	-0.494664850192761	-0.115335210382528	-2.42737554383813	1.65932322574492	2.18588487385595	0.958391284481346	-0.20356271344984	0.469124813338974	-0.175769854427026	-1.53137111826975	-0.181902706490642	0.258925231340696	0.200224790695134	-0.380143765352791	-0.435213885708765
T:	-1.54408647412542	-0.358718519750651	0.632968693165264	0.0722065011740293	1.08838452716901	1.31736593527047	-0.0527246676034415	3.14502267316153	-1.01849795647779	-3.97589227237481	0.0995712472646074	3.24085773516595	0.895188694317073	0.463878456690771	0.534959568985462	0.321361448133468	-0.158662194177023	0.419742074243706	0.213292092824712	-0.27327383521248

Probability matrix

A:	0.0932400328604076	0.179133895514495	0.221354274789126	0.0883081896253782	0.222950162291444	0.257458305104888	0.0663410710400864	0.446698799844784	0.00300818447871488	0.00101150650551472	0.00106405653355846	0.947984714605903	0.0157964262155649	0.375966769746465	0.0609768435395988	0.234906413799794	0.30490378478531	0.33351686425157	0.291599281004364	0.364026719329262
C:	0.293439844989648	0.121550491056864	0.31395949927465	0.472151513077337	0.396087608953188	0.353443685983989	0.499633265882742	0.00696002917839119	0.890150614030082	0.0591294115710918	0.976401176334981	0.0165643121688865	0.923921365783778	0.190425580557451	0.150108097735213	0.293589287008746	0.21912424830909	0.315670194982186	0.166717082611716	0.0767435689100476
G:	0.0196789874498938	0.388016581346446	0.343046885893321	0.249036380158022	0.309362753111301	0.334471424278403	0.223804258691667	0.544272200203372	0.00686933709039025	0.00197752590786814	0.00670602969354384	0.0343542729127425	0.0364667191715241	0.283871635607231	0.700231043967291	0.29385379139909	0.18900570832818	0.194581906203294	0.348927194785405	0.302205929268251
T:	0.593641134700051	0.311299032082194	0.121639340042903	0.190503917139263	0.0715994756440672	0.0546265846327204	0.210221404385504	0.00206897077345336	0.099971864400813	0.937881556015525	0.0158287374379167	0.00109670031246784	0.0238154888291335	0.149736014088853	0.0886840147578967	0.177650507792369	0.28696625857742	0.15623103456295	0.192756441598514	0.25702378249244



