1	A..GCTGAG	0.466429405836273

Enrichment score matrix

A:	0.0704545454545455	-0.0722222222222222	-0.0873563218390805	-0.0736889692585895	0.0549038774845226	0.0306698002350176	0.0691338582677165	0.0160703456640388	-0.275128865979381	-0.165690104166667	-0.212239583333333	0.336174242424242	0.122159090909091	-0.29846269216348	-0.0988886082344026	-0.0654605263157895	0.0609876543209877	-0.0326984126984127	0.029559748427673	0.0689149560117302
C:	-0.133603238866397	0.0522012578616352	0.0177045177045177	0.105092592592593	-0.0606112054329372	-0.0675287356321839	0.0139353400222965	-0.0820707070707071	0.152462121212121	-0.150390625	0.207177033492823	-0.228482972136223	-0.255798969072165	0.299013806706114	0.0751452386966406	0.0273026315789474	0.0581501831501832	0.00514705882352941	0.000537056928034372	0.0877551020408163
G:	-0.137065637065637	-0.00403690888119954	-0.00810810810810811	-0.0108499095840868	0.00897606382978723	0.110195561415074	0.0493265993265993	0.20717377860235	0.0737757731958763	0.0716661124043898	0.210047846889952	0.138530927835052	0.199810606060606	-0.236909090909091	-0.0425133689839572	0.0351973684210526	-0.0466666666666667	0.0473015873015873	-0.0913461538461538	-0.0583333333333333
T:	0.214574898785425	0.03	0.0992481203007519	-0.0200803212851406	0.0154499151103565	-0.062287270251872	-0.122863978127136	-0.14614898989899	0.0457474226804124	0.240988835725678	-0.221028645833333	-0.254882154882155	-0.0743910467412772	0.250727272727273	0.0650720164609054	0.0030241935483871	-0.0714285714285714	-0.0238095238095238	0.0577777777777778	-0.0666666666666667

Energy matrix for enoLOGOS

A:	-0.648910344389231	0.665191249087169	0.804581457781828	0.678700488531699	-0.505683399373733	-0.282479299305028	-0.636746365873629	-0.148013353461109	2.53403050182592	1.52606225564319	1.9547988029064	-3.09627919701851	-1.12512680680391	2.748942983162	0.910797740749855	0.602913728297125	-0.56171705478472	0.301163510575729	-0.272255344328856	-0.634730201587801
C:	1.23053130475795	-0.480791352750958	-0.163064634180287	-0.967938548351201	0.558249832393124	0.62196264006161	-0.128349224804573	0.755899146689965	-1.40422803019713	1.38514884500423	-1.90817099572521	2.10440594257536	2.35599557195525	-2.75401893568361	-0.692113225729456	-0.251466529892771	-0.535582979505941	-0.0474061636792892	-0.00494647710632448	-0.80825435917342
G:	1.26242117067627	0.0371813048465013	0.0746784354484556	0.099931360274606	-0.0826726030729245	-1.01493862811383	-0.454314769190071	-1.90814101707608	-0.679499982339738	-0.660069288380734	-1.9346121642572	-1.27591699740649	-1.84032369174903	2.18201336448818	0.391562598701661	-0.324179743355741	0.429815884025555	-0.435663719182366	0.841329168593978	0.537269855031944
T:	-1.9763078530961	-0.276310211159286	-0.914108969248764	0.184946593814783	-0.142298976884522	0.573686959861008	1.13161905800596	1.34608194199021	-0.421349334027261	-2.21958920287975	2.03574906008198	2.3475514012074	0.685166861114752	-2.30928352235548	-0.599335420295775	-0.0278538519313796	0.657881455141156	0.219293818380385	-0.532152999269735	0.614022691465079

Probability matrix

A:	0.197169640718658	0.116506170046222	0.0886223006602449	0.104038727058731	0.370990550842095	0.255771130886181	0.383831167713024	0.134361411001673	0.0103729193127797	0.0187305840682755	0.0101614813969479	0.853385944329497	0.308740302596281	0.00246614057712944	0.0821318350044051	0.128930391635316	0.37870744507443	0.178838096062819	0.294931854748418	0.358924848042039
C:	0.0301029396398191	0.366473727980494	0.233231055884484	0.539909882987046	0.128027279344014	0.103527894167883	0.230858656684016	0.0544139615017949	0.532432979655945	0.0215649887879163	0.483752802176137	0.0047045341705898	0.00950081989951699	0.605234706905692	0.40798755303147	0.3029757948058	0.368938483585856	0.253420605207416	0.225751641046504	0.426937309900802
G:	0.0291581063055287	0.218318319207523	0.183880584332837	0.185588588418667	0.243025359153991	0.532052598299423	0.319824111081233	0.781066997142565	0.257940511306687	0.166715579477676	0.496714396242577	0.138220426014167	0.631247085657684	0.00434742635693047	0.138042394186809	0.325826858261907	0.140503311158672	0.37364574215335	0.0968496538612709	0.111175826770135
T:	0.743569313335994	0.298701782765762	0.494266059122434	0.170462801535557	0.2579568106599	0.108648376646513	0.0654860645217266	0.0301576303539667	0.199253589724588	0.792988847666133	0.00937132018433793	0.00368909548574645	0.0505117918465176	0.387951726160248	0.371838217777317	0.242266955296977	0.111850760181042	0.194095556576415	0.382466850343807	0.102962015287024



2	CTCACA..C	0.465154985493969

Enrichment score matrix

A:	-0.102040816326531	-0.0171849427168576	0.0603174603174603	-0.0625316455696203	0.0693101225016119	-0.0727833096254149	0.20735960934775	-0.0885448916408669	-0.125	-0.302376910016978	0.283701188455008	-0.292160737812912	0.0867572156196944	-0.0897435897435897	0.0438555347091932	0.01875	-0.00677083333333333	0.0245775729646697	-0.0116279069767442	-0.0885416666666667
C:	0.0551470588235294	0.060875512995896	-0.0579322638146168	0.0660759493670886	0.0309139784946237	-0.0243302351011482	-0.177909270216963	0.160631994733377	0.134308510638298	0.28811544991511	-0.0229716520039101	0.271448181194235	-0.0881944444444445	-0.011	-0.0352411234764176	0.0913978494623656	-0.0164473684210526	-0.0722801788375559	-0.112215909090909	0.0555555555555556
G:	0	-0.119699042407661	-0.0515536723163842	0.0497835497835498	-0.0379704301075269	0.131341868183973	0.288526434195726	-0.172811059907834	-0.300199468085106	0.0273344651952462	0.100339558573854	-0.088538091969801	0.0687340153452685	0.080015026296018	-0.00441558441558442	0.0286184210526316	-0.104050632911392	0.0637480798771121	0.0482815057283142	0.0833333333333333
T:	0.0694444444444444	0.0875613747954174	0.0461997019374069	-0.0531505531505531	-0.0638157894736842	-0.0351579884290165	-0.347942073170732	0.101957070707071	0.292190152801358	-0.0125448028673835	-0.355385638297872	0.124210526315789	-0.0641622340425532	0.013550135501355	-0.00961038961038961	-0.136842105263158	0.121933621933622	-0.0148026315789474	0.0900621118012422	-0.0791245791245791

Energy matrix for enoLOGOS

A:	0.939830650201651	0.158279171695172	-0.555544339896976	0.575937739715979	-0.638369819463211	0.670359055049002	-1.90985258149279	0.815528590212133	1.15129254649702	2.78499426188278	-2.61298450960479	2.69089983858461	-0.799063485582314	0.826569007741452	-0.403924401866685	-0.172693881974553	0.0623616796019221	-0.226367812521688	0.107096981069491	0.815498887102058
C:	-0.507923182278098	-0.560684195010862	0.53357586825174	-0.60858198407235	-0.284728264187436	0.224089746611777	1.63860493402811	-1.47947534612389	-1.23702709783191	-2.65364136014322	0.211576733862601	-2.50013014215277	0.812300852250677	0.101313744091738	0.324582742308647	-0.841805302815028	0.151485861381187	0.6657250492412	1.03354671787801	-0.511685576220899
G:	0	1.10246892277417	0.474826869459224	-0.458523438431715	0.349720585360655	-1.20970331106562	-2.65742666525522	1.59164868179312	2.76493928055003	-0.251759728334154	-0.924161487239036	0.815465962927198	-0.633063676462557	-0.736965627058951	0.040669035408726	-0.263585398803266	0.958341745033471	-0.587141513728128	-0.444689101429292	-0.767528364331349
T:	-0.639606970276124	-0.80647006530397	-0.425514979927365	0.489534685475406	0.587765142159006	0.323817040225242	3.20466492363348	-0.939059324541764	-2.69117076064024	0.115541904307945	3.27322269203542	-1.14402122515073	0.590956014558312	-0.124801360053878	0.0885149594189919	1.26036236669148	-1.12305016079652	0.136337275243068	-0.829502704308414	0.728764305526735

Probability matrix

A:	0.0789557391889777	0.164868805716909	0.388884659773266	0.122354813775584	0.422326187482733	0.0949617592586594	0.317798451607756	0.0582556123167375	0.017025753125634	0.00375378833741976	0.802021734457269	0.00428326205968819	0.435590927328452	0.0958755729962697	0.365651086421058	0.233305234875798	0.17873185937505	0.28248367178877	0.175944825401382	0.0931906077715237
C:	0.335842152216575	0.338361011708234	0.130864519671408	0.399992124117128	0.296526448346803	0.148375108603114	0.00914273766517558	0.578156372607241	0.185498488142742	0.863851756007818	0.0475877066560242	0.769503008929103	0.0869505203295445	0.198007815039545	0.176473799172984	0.455528843766985	0.163491746449362	0.115761019369933	0.0696665798443887	0.351367050485655
G:	0.202090998226354	0.0641330793733905	0.138783003285238	0.344256256441741	0.157226519795461	0.622371164684905	0.671149199115329	0.0268085360198921	0.00339084907101687	0.0782195443112918	0.148162950570066	0.0279424980762412	0.368965725068895	0.457870260956013	0.234413377106633	0.255504273106666	0.072959655572174	0.405205542675584	0.305502064496173	0.453807996352016
T:	0.383111110368093	0.432637103201467	0.341467817270088	0.133396805665548	0.123920844375004	0.134291967453321	0.00190961161173944	0.33677947905613	0.794084909660608	0.0541749113434707	0.00222760831664097	0.198271230934967	0.108492827273109	0.248246351008172	0.223461737299325	0.0556616482505518	0.584816738603413	0.196549766165713	0.448886530258056	0.101634345390806



3	CTCAGC.C	0.46506529209622

Enrichment score matrix

A:	-0.0666666666666667	0.0577777777777778	-0.0238095238095238	-0.0714285714285714	0.0030241935483871	0.0650720164609054	0.250727272727273	-0.0852007469654529	-0.173672566371681	-0.227941176470588	0.262357004101014	0.0620664912700311	-0.228378378378378	-0.122863978127136	-0.062287270251872	0.0154499151103565	-0.0200803212851406	0.0992481203007519	0.03	0.214574898785425
C:	-0.0583333333333333	-0.0913461538461538	0.0473015873015873	-0.0466666666666667	0.0351973684210526	-0.0425133689839572	-0.236909090909091	0.197047496790757	0.0927360774818402	0.240595287308805	0.0781544256120527	-0.0552795031055901	0.209419680403701	0.0493265993265993	0.110195561415074	0.00897606382978723	-0.0108499095840868	-0.00810810810810811	-0.00403690888119954	-0.137065637065637
G:	0.0877551020408163	0.000537056928034372	0.00514705882352941	0.0581501831501832	0.0273026315789474	0.0751452386966406	0.299013806706114	-0.187359424201529	-0.25955265610438	0.236842105263158	-0.0686649659863946	0.209554710226001	-0.0378469301934399	0.0139353400222965	-0.0675287356321839	-0.0606112054329372	0.105092592592593	0.0177045177045177	0.0522012578616352	-0.133603238866397
T:	0.0689149560117302	0.029559748427673	-0.0326984126984127	0.0609876543209877	-0.0654605263157895	-0.0988886082344026	-0.29846269216348	0.0602173913043478	0.3301393728223	-0.263550135501355	-0.268306768306768	-0.232839033723989	0.0437859354268023	0.0691338582677165	0.0306698002350176	0.0549038774845226	-0.0736889692585895	-0.0873563218390805	-0.0722222222222222	0.0704545454545455

Energy matrix for enoLOGOS

A:	0.614022691465079	-0.532152999269735	0.219293818380385	0.657881455141156	-0.0278538519313796	-0.599335420295775	-2.30928352235548	0.784727879498438	1.59958344955781	2.09941582008281	-2.4163973067423	-0.571653510291275	2.10344259846483	1.13161905800596	0.573686959861008	-0.142298976884522	0.184946593814783	-0.914108969248764	-0.276310211159286	-1.9763078530961
C:	0.537269855031944	0.841329168593978	-0.435663719182366	0.429815884025555	-0.324179743355741	0.391562598701661	2.18201336448818	-1.81487451488876	-0.854130838369704	-2.2159644880075	-0.719828861463299	0.509143039196199	-1.92882653710855	-0.454314769190071	-1.01493862811383	-0.0826726030729245	0.099931360274606	0.0746784354484556	0.0371813048465013	1.26242117067627
G:	-0.80825435917342	-0.00494647710632448	-0.0474061636792892	-0.535582979505941	-0.251466529892771	-0.692113225729456	-2.75401893568361	1.72564406879356	2.39056830717182	-2.1813964038891	0.632427708364861	-1.93007020773231	0.348583109116004	-0.128349224804573	0.62196264006161	0.558249832393124	-0.967938548351201	-0.163064634180287	-0.480791352750958	1.23053130475795
T:	-0.634730201587801	-0.272255344328856	0.301163510575729	-0.56171705478472	0.602913728297125	0.910797740749855	2.748942983162	-0.554622670225522	-3.04069599388412	2.42738645304792	2.47119666021029	2.14452675247998	-0.403283368786219	-0.636746365873629	-0.282479299305028	-0.505683399373733	0.678700488531699	0.804581457781828	0.665191249087169	-0.648910344389231

Probability matrix

A:	0.102962015287024	0.382466850343807	0.194095556576415	0.111850760181042	0.242266955296977	0.371838217777316	0.387951726160248	0.0535755807270156	0.0085720540618103	0.00671764894146176	0.80758116263055	0.188840246966445	0.0132562589353401	0.0654860645217266	0.108648376646513	0.2579568106599	0.170462801535557	0.494266059122434	0.298701782765762	0.743569313335994
C:	0.111175826770135	0.0968496538612709	0.37364574215335	0.140503311158672	0.325826858261907	0.138042394186809	0.00434742635693047	0.721040837095427	0.0997055828918953	0.502762826751888	0.148038905728864	0.0640782411074425	0.747503471163728	0.319824111081233	0.532052598299423	0.243025359153991	0.185588588418667	0.183880584332837	0.218318319207523	0.0291581063055287
G:	0.426937309900802	0.225751641046504	0.253420605207416	0.368938483585856	0.3029757948058	0.407987553031469	0.605234706905692	0.0209089477951321	0.00388655253448664	0.485680236316406	0.0382911403103006	0.734594099379026	0.0766561090498324	0.230858656684016	0.103527894167883	0.128027279344014	0.539909882987046	0.233231055884484	0.366473727980494	0.0301029396398191
T:	0.358924848042039	0.294931854748418	0.178838096062819	0.37870744507443	0.128930391635316	0.0821318350044051	0.00246614057712944	0.204474634382425	0.887835810511808	0.004839287990244	0.00608879133028488	0.012487412547087	0.162584160851099	0.383831167713024	0.255771130886181	0.370990550842095	0.104038727058731	0.0886223006602449	0.116506170046222	0.197169640718658



4	C..GCTCAC	0.464536854642906

Enrichment score matrix

A:	0.0871212121212121	-0.0607142857142857	-0.0781959766385464	-0.0302619692863595	-0.073921028466483	-0.00373482726423903	-0.0739472783293393	0.217171717171717	-0.284505208333333	-0.219082446808511	-0.267992424242424	0.345394736842105	-0.0816532258064516	0.083780880773362	-0.0674480318443167	0.00229568411386593	-0.0200892857142857	-0.0884615384615385	0.012639029322548	-0.105911330049261
C:	0.00757575757575758	0.0566137566137566	0.054185593770279	0.0908248378127896	0.0915625	0.0623031938821412	0.117531305903399	-0.198131443298969	0.327473958333333	0.0589134125636672	0.397229381443299	0.0105263157894737	0.227822580645161	-0.0782428355957768	-0.0422405876951331	0.0660264105642257	-0.051440329218107	0.0203442879499218	-0.0464052287581699	-0.0653409090909091
G:	-0.124242424242424	0.00196078431372549	0.00571428571428571	-0.080168776371308	0.0858615611192931	0.0143278550358196	-0.0338137472283814	0.287048969072165	-0.230794270833333	-0.304074702886248	-0.0840850515463918	-0.0266447368421053	0.00205902539464653	0.13328	0.11283185840708	-0.0827976737067646	0.0392771084337349	-0.0205128205128205	0.110457516339869	0.175
T:	0.0423280423280423	-0.0228260869565217	0.0183080808080808	0.0282669138090825	-0.1071875	-0.0727232537577365	-0.0075134168157424	-0.310567010309278	0.187825520833333	0.459109042553192	-0.0396262886597938	-0.33635752688172	-0.154736842105263	-0.153712699514226	-0.015645371577575	0.0134375	0.0339285714285714	0.0948616600790514	-0.0892597968069666	0.0515151515151515

Energy matrix for enoLOGOS

A:	-0.802416017255501	0.559199236869983	0.72021156056011	0.27872303745366	0.680837832822849	0.0343990303341781	0.681079602994473	-2.00022543431806	2.62038980634999	2.01782390463175	2.46830144438377	-3.18120308900493	0.752054002147249	-0.771650428586619	0.621219330706045	-0.0211440320752438	0.18502915925845	0.814760879059432	-0.116409762032055	0.975479399002404
C:	-0.0697753058483044	-0.521431968148916	-0.499067761881902	-0.836527670485325	-0.843321790309069	-0.573833621915745	-1.08250333173316	1.8248580311744	-3.01614661920835	-0.542612582186033	-3.65861780884234	-0.0969509512839598	-2.09832351216393	0.720643147505678	0.389050190184485	-0.608125714836363	0.473782940945277	-0.187377816644273	0.427407951902163	0.601812012941626
G:	1.14431501591219	-0.0180594909254435	-0.0526305164112925	0.738381717584589	-0.790814202777926	-0.131964421680232	0.311436121225359	-2.6438187085795	2.12569379027706	2.80063151208987	0.77445194493743	0.245407095437523	-0.0189643247192372	-1.22755416477699	-1.03921982073183	0.762594756847125	-0.361755537501715	0.188930058912332	-1.01735132213332	-1.61180956509583
T:	-0.389855677120685	0.210236030229891	-0.168623655800069	-0.260347897446963	0.987233358621197	0.669805920066349	0.0692011262295169	2.86042787325549	-1.7299369774187	-4.22855054976699	0.364971606234881	3.09796730925677	1.42517898387421	1.41574628202132	0.144099197475507	-0.12376394874843	-0.312493691192049	-0.873708177578768	0.822113110125596	-0.47447207976847

Probability matrix

A:	0.437573325561678	0.139952430495911	0.111321934410722	0.156341721330292	0.0935996106371331	0.219881521982972	0.0987711803414767	0.340962976637948	0.00277289960722461	0.00188488362895836	0.0021157003635044	0.925809244223504	0.0476953870989699	0.343092803671212	0.109476492575865	0.229183434086953	0.195254233464658	0.0908670397824444	0.225547643422287	0.0499759004030096
C:	0.210314405816709	0.412375271412263	0.376796643960665	0.476894284644505	0.429742351585632	0.403962283972083	0.576161958993677	0.00743865782709732	0.777769328952723	0.0243931552526122	0.96903928420677	0.0423689624267922	0.824858784193323	0.0771465916120199	0.138086318647196	0.412198235551048	0.14628381734257	0.247531050939117	0.130936660904165	0.0726176701965992
G:	0.0624591822799918	0.249276148108146	0.241113647928602	0.0987296644320402	0.407759793340839	0.259680574697566	0.142943485667369	0.648957463362144	0.00454755432917797	0.000861619497690544	0.0115102207124952	0.0300859422935607	0.103115839700608	0.541262682763352	0.576023810764887	0.104667003584857	0.337338597914112	0.169903080016723	0.555280269161455	0.664363780325667
T:	0.289653086341621	0.198396149983679	0.270767773700011	0.268034329593163	0.0688982444363963	0.116475619347379	0.182123374997477	0.00264090217281042	0.214910217110875	0.972860341620739	0.0173347947172306	0.00173585105614344	0.0243299890070997	0.0384979219534166	0.176413378012052	0.253951326777142	0.321123351278659	0.491698829261715	0.0882354265120927	0.213042649074724



5	CGTGAGC	0.464133822181485

Enrichment score matrix

A:	0.0515151515151515	-0.0892597968069666	0.0948616600790514	0.0339285714285714	0.0134375	-0.015645371577575	-0.153712699514226	0.0108012568735271	-0.452157598499062	-0.025783619817998	0.409075630252101	0.20561017929439	-0.338908450704225	-0.0075134168157424	-0.0727232537577365	-0.1071875	0.0282669138090825	0.0183080808080808	-0.0228260869565217	0.0423280423280423
C:	0.175	0.110457516339869	-0.0205128205128205	0.0392771084337349	-0.0827976737067646	0.11283185840708	0.13328	-0.0566933531930739	0.0870276162790698	-0.0551558752997602	-0.253968253968254	-0.352913796313536	0.290909090909091	-0.0338137472283814	0.0143278550358196	0.0858615611192931	-0.080168776371308	0.00571428571428571	0.00196078431372549	-0.124242424242424
G:	-0.0653409090909091	-0.0464052287581699	0.0203442879499218	-0.051440329218107	0.0660264105642257	-0.0422405876951331	-0.0782428355957768	0.278524590163934	-0.0623235175473981	0.417404580152672	0.0765454545454545	0.345901639344262	-0.14769820971867	0.117531305903399	0.0623031938821412	0.0915625	0.0908248378127896	0.054185593770279	0.0566137566137566	0.00757575757575758
T:	-0.105911330049261	0.012639029322548	-0.0884615384615385	-0.0200892857142857	0.00229568411386593	-0.0674480318443167	0.083780880773362	-0.261312421128538	0.370247933884297	-0.370435058748809	-0.3232741617357	-0.234615384615385	0.148497442455243	-0.0739472783293393	-0.00373482726423903	-0.073921028466483	-0.0302619692863595	-0.0781959766385464	-0.0607142857142857	0.0871212121212121

Energy matrix for enoLOGOS

A:	-0.47447207976847	0.822113110125596	-0.873708177578768	-0.312493691192049	-0.12376394874843	0.144099197475507	1.41574628202132	-0.0994832522503319	4.16452538395171	0.237475914545392	-3.76772579250253	-1.89373973524438	3.12146218592503	0.0692011262295169	0.669805920066349	0.987233358621197	-0.260347897446963	-0.168623655800069	0.210236030229891	-0.389855677120685
C:	-1.61180956509583	-1.01735132213332	0.188930058912332	-0.361755537501715	0.762594756847125	-1.03921982073183	-1.22755416477699	0.522165079736874	-0.801553967691968	0.508004385025065	2.33913406272411	3.25045618601394	-2.67937174457489	0.311436121225359	-0.131964421680232	-0.790814202777926	0.738381717584589	-0.0526305164112925	-0.0180594909254435	1.14431501591219
G:	0.601812012941626	0.427407951902163	-0.187377816644273	0.473782940945277	-0.608125714836363	0.389050190184485	0.720643147505678	-2.56530627737501	0.574020809790367	-3.84443825602792	-0.705009690291268	-3.1858718335852	1.36035078384047	-1.08250333173316	-0.573833621915745	-0.843321790309069	-0.836527670485325	-0.499067761881902	-0.521431968148916	-0.0697753058483044
T:	0.975479399002404	-0.116409762032055	0.814760879059432	0.18502915925845	-0.0211440320752438	0.621219330706045	-0.771650428586619	2.40677634201902	-3.41010949309531	3.41183297678953	2.97746506305108	2.1608875488098	-1.36771198938073	0.681079602994473	0.0343990303341781	0.680837832822849	0.27872303745366	0.72021156056011	0.559199236869983	-0.802416017255501

Probability matrix

A:	0.213042649074724	0.0882354265120927	0.491698829261715	0.321123351278659	0.253951326777142	0.176413378012052	0.0384979219534166	0.0746725662843961	0.000469733983402019	0.0163763709397435	0.952231701419648	0.214421318206067	0.00234498532995248	0.182123374997477	0.116475619347379	0.0688982444363963	0.268034329593163	0.270767773700011	0.198396149983679	0.289653086341621
C:	0.664363780325667	0.555280269161455	0.169903080016723	0.337338597914112	0.104667003584857	0.576023810764887	0.541262682763352	0.0401035332264304	0.0673895940042033	0.0124947808991138	0.00212112908419831	0.00125075445710611	0.77519381076452	0.142943485667369	0.259680574697566	0.407759793340839	0.0987296644320402	0.241113647928602	0.249276148108146	0.0624591822799918
G:	0.0726176701965992	0.130936660904165	0.247531050939117	0.14628381734257	0.412198235551048	0.138086318647196	0.0771465916120199	0.879132651321493	0.0170289670292112	0.970443972218475	0.0445268459394848	0.780609445144794	0.0136452373420906	0.576161958993677	0.403962283972083	0.429742351585631	0.476894284644505	0.376796643960665	0.412375271412263	0.210314405816709
T:	0.0499759004030096	0.225547643422287	0.0908670397824444	0.195254233464658	0.229183434086953	0.109476492575865	0.343092803671212	0.00609124916768014	0.915111704983184	0.000684875942667626	0.00112032355666843	0.00371848219203275	0.208815966563437	0.0987711803414767	0.219881521982972	0.0935996106371331	0.156341721330292	0.111321934410722	0.139952430495911	0.437573325561678



